Date,Instrument,Open Price,High Price,Low Price,Close Price,Adjusted_close,Volume,Company Market Cap,Average Number of Shares Outstanding,Book Value per Share,Common Shares - Outstanding - Total,EPS - Basic - excl Extraordinary Items - Normalized - Total,EPS - Diluted - excl Exord Items Applicable to Common Total,Income Available to Common Shares,Period End Date,Revenue from Business Activities - Total,Shares used to calculate Basic EPS - Total,T12M_Revenue,T12M_Net_Income,Announce_Date,Market_cap_calculado,Price_to_Sales,Price_to_Book,Price_to_Book_inverse,EPS_calculado,Price_to_Earnings
1998-01-02,PYPL.OQ,,,,,,0,,,,,,,,,,,,,,,,,,,
1998-01-05,PYPL.OQ,,,,,,0,,,,,,,,,,,,,,,,,,,
1998-01-06,PYPL.OQ,,,,,,0,,,,,,,,,,,,,,,,,,,
1998-01-07,PYPL.OQ,,,,,,0,,,,,,,,,,,,,,,,,,,
1998-01-08,PYPL.OQ,,,,,,0,,,,,,,,,,,,,,,,,,,
1998-01-09,PYPL.OQ,,,,,,0,,,,,,,,,,,,,,,,,,,
1998-01-12,PYPL.OQ,,,,,,0,,,,,,,,,,,,,,,,,,,
1998-01-13,PYPL.OQ,,,,,,0,,,,,,,,,,,,,,,,,,,
1998-01-14,PYPL.OQ,,,,,,0,,,,,,,,,,,,,,,,,,,
1998-01-15,PYPL.OQ,,,,,,0,,,,,,,,,,,,,,,,,,,
1998-01-16,PYPL.OQ,,,,,,0,,,,,,,,,,,,,,,,,,,
1998-01-20,PYPL.OQ,,,,,,0,,,,,,,,,,,,,,,,,,,
1998-01-21,PYPL.OQ,,,,,,0,,,,,,,,,,,,,,,,,,,
1998-01-22,PYPL.OQ,,,,,,0,,,,,,,,,,,,,,,,,,,
1998-01-23,PYPL.OQ,,,,,,0,,,,,,,,,,,,,,,,,,,
1998-01-26,PYPL.OQ,,,,,,0,,,,,,,,,,,,,,,,,,,
1998-01-27,PYPL.OQ,,,,,,0,,,,,,,,,,,,,,,,,,,
1998-01-28,PYPL.OQ,,,,,,0,,,,,,,,,,,,,,,,,,,
1998-01-29,PYPL.OQ,,,,,,0,,,,,,,,,,,,,,,,,,,
1998-01-30,PYPL.OQ,,,,,,0,,,,,,,,,,,,,,,,,,,
1998-02-02,PYPL.OQ,,,,,,0,,,,,,,,,,,,,,,,,,,
1998-02-03,PYPL.OQ,,,,,,0,,,,,,,,,,,,,,,,,,,
1998-02-04,PYPL.OQ,,,,,,0,,,,,,,,,,,,,,,,,,,
1998-02-05,PYPL.OQ,,,,,,0,,,,,,,,,,,,,,,,,,,
1998-02-06,PYPL.OQ,,,,,,0,,,,,,,,,,,,,,,,,,,
1998-02-09,PYPL.OQ,,,,,,0,,,,,,,,,,,,,,,,,,,
1998-02-10,PYPL.OQ,,,,,,0,,,,,,,,,,,,,,,,,,,
1998-02-11,PYPL.OQ,,,,,,0,,,,,,,,,,,,,,,,,,,
1998-02-12,PYPL.OQ,,,,,,0,,,,,,,,,,,,,,,,,,,
1998-02-13,PYPL.OQ,,,,,,0,,,,,,,,,,,,,,,,,,,
1998-02-17,PYPL.OQ,,,,,,0,,,,,,,,,,,,,,,,,,,
1998-02-18,PYPL.OQ,,,,,,0,,,,,,,,,,,,,,,,,,,
1998-02-19,PYPL.OQ,,,,,,0,,,,,,,,,,,,,,,,,,,
1998-02-20,PYPL.OQ,,,,,,0,,,,,,,,,,,,,,,,,,,
1998-02-23,PYPL.OQ,,,,,,0,,,,,,,,,,,,,,,,,,,
1998-02-24,PYPL.OQ,,,,,,0,,,,,,,,,,,,,,,,,,,
1998-02-25,PYPL.OQ,,,,,,0,,,,,,,,,,,,,,,,,,,
1998-02-26,PYPL.OQ,,,,,,0,,,,,,,,,,,,,,,,,,,
1998-02-27,PYPL.OQ,,,,,,0,,,,,,,,,,,,,,,,,,,
1998-03-02,PYPL.OQ,,,,,,0,,,,,,,,,,,,,,,,,,,
1998-03-03,PYPL.OQ,,,,,,0,,,,,,,,,,,,,,,,,,,
1998-03-04,PYPL.OQ,,,,,,0,,,,,,,,,,,,,,,,,,,
1998-03-05,PYPL.OQ,,,,,,0,,,,,,,,,,,,,,,,,,,
1998-03-06,PYPL.OQ,,,,,,0,,,,,,,,,,,,,,,,,,,
1998-03-09,PYPL.OQ,,,,,,0,,,,,,,,,,,,,,,,,,,
1998-03-10,PYPL.OQ,,,,,,0,,,,,,,,,,,,,,,,,,,
1998-03-11,PYPL.OQ,,,,,,0,,,,,,,,,,,,,,,,,,,
1998-03-12,PYPL.OQ,,,,,,0,,,,,,,,,,,,,,,,,,,
1998-03-13,PYPL.OQ,,,,,,0,,,,,,,,,,,,,,,,,,,
1998-03-16,PYPL.OQ,,,,,,0,,,,,,,,,,,,,,,,,,,
1998-03-17,PYPL.OQ,,,,,,0,,,,,,,,,,,,,,,,,,,
1998-03-18,PYPL.OQ,,,,,,0,,,,,,,,,,,,,,,,,,,
1998-03-19,PYPL.OQ,,,,,,0,,,,,,,,,,,,,,,,,,,
1998-03-20,PYPL.OQ,,,,,,0,,,,,,,,,,,,,,,,,,,
1998-03-23,PYPL.OQ,,,,,,0,,,,,,,,,,,,,,,,,,,
1998-03-24,PYPL.OQ,,,,,,0,,,,,,,,,,,,,,,,,,,
1998-03-25,PYPL.OQ,,,,,,0,,,,,,,,,,,,,,,,,,,
1998-03-26,PYPL.OQ,,,,,,0,,,,,,,,,,,,,,,,,,,
1998-03-27,PYPL.OQ,,,,,,0,,,,,,,,,,,,,,,,,,,
1998-03-30,PYPL.OQ,,,,,,0,,,,,,,,,,,,,,,,,,,
1998-03-31,PYPL.OQ,,,,,,0,,,,,,,,,,,,,,,,,,,
1998-04-01,PYPL.OQ,,,,,,0,,,,,,,,,,,,,,,,,,,
1998-04-02,PYPL.OQ,,,,,,0,,,,,,,,,,,,,,,,,,,
1998-04-03,PYPL.OQ,,,,,,0,,,,,,,,,,,,,,,,,,,
1998-04-06,PYPL.OQ,,,,,,0,,,,,,,,,,,,,,,,,,,
1998-04-07,PYPL.OQ,,,,,,0,,,,,,,,,,,,,,,,,,,
1998-04-08,PYPL.OQ,,,,,,0,,,,,,,,,,,,,,,,,,,
1998-04-09,PYPL.OQ,,,,,,0,,,,,,,,,,,,,,,,,,,
1998-04-13,PYPL.OQ,,,,,,0,,,,,,,,,,,,,,,,,,,
1998-04-14,PYPL.OQ,,,,,,0,,,,,,,,,,,,,,,,,,,
1998-04-15,PYPL.OQ,,,,,,0,,,,,,,,,,,,,,,,,,,
1998-04-16,PYPL.OQ,,,,,,0,,,,,,,,,,,,,,,,,,,
1998-04-17,PYPL.OQ,,,,,,0,,,,,,,,,,,,,,,,,,,
1998-04-20,PYPL.OQ,,,,,,0,,,,,,,,,,,,,,,,,,,
1998-04-21,PYPL.OQ,,,,,,0,,,,,,,,,,,,,,,,,,,
1998-04-22,PYPL.OQ,,,,,,0,,,,,,,,,,,,,,,,,,,
1998-04-23,PYPL.OQ,,,,,,0,,,,,,,,,,,,,,,,,,,
1998-04-24,PYPL.OQ,,,,,,0,,,,,,,,,,,,,,,,,,,
1998-04-27,PYPL.OQ,,,,,,0,,,,,,,,,,,,,,,,,,,
1998-04-28,PYPL.OQ,,,,,,0,,,,,,,,,,,,,,,,,,,
1998-04-29,PYPL.OQ,,,,,,0,,,,,,,,,,,,,,,,,,,
1998-04-30,PYPL.OQ,,,,,,0,,,,,,,,,,,,,,,,,,,
1998-05-01,PYPL.OQ,,,,,,0,,,,,,,,,,,,,,,,,,,
1998-05-04,PYPL.OQ,,,,,,0,,,,,,,,,,,,,,,,,,,
1998-05-05,PYPL.OQ,,,,,,0,,,,,,,,,,,,,,,,,,,
1998-05-06,PYPL.OQ,,,,,,0,,,,,,,,,,,,,,,,,,,
1998-05-07,PYPL.OQ,,,,,,0,,,,,,,,,,,,,,,,,,,
1998-05-08,PYPL.OQ,,,,,,0,,,,,,,,,,,,,,,,,,,
1998-05-11,PYPL.OQ,,,,,,0,,,,,,,,,,,,,,,,,,,
1998-05-12,PYPL.OQ,,,,,,0,,,,,,,,,,,,,,,,,,,
1998-05-13,PYPL.OQ,,,,,,0,,,,,,,,,,,,,,,,,,,
1998-05-14,PYPL.OQ,,,,,,0,,,,,,,,,,,,,,,,,,,
1998-05-15,PYPL.OQ,,,,,,0,,,,,,,,,,,,,,,,,,,
1998-05-18,PYPL.OQ,,,,,,0,,,,,,,,,,,,,,,,,,,
1998-05-19,PYPL.OQ,,,,,,0,,,,,,,,,,,,,,,,,,,
1998-05-20,PYPL.OQ,,,,,,0,,,,,,,,,,,,,,,,,,,
1998-05-21,PYPL.OQ,,,,,,0,,,,,,,,,,,,,,,,,,,
1998-05-22,PYPL.OQ,,,,,,0,,,,,,,,,,,,,,,,,,,
1998-05-26,PYPL.OQ,,,,,,0,,,,,,,,,,,,,,,,,,,
1998-05-27,PYPL.OQ,,,,,,0,,,,,,,,,,,,,,,,,,,
1998-05-28,PYPL.OQ,,,,,,0,,,,,,,,,,,,,,,,,,,
1998-05-29,PYPL.OQ,,,,,,0,,,,,,,,,,,,,,,,,,,
1998-06-01,PYPL.OQ,,,,,,0,,,,,,,,,,,,,,,,,,,
1998-06-02,PYPL.OQ,,,,,,0,,,,,,,,,,,,,,,,,,,
1998-06-03,PYPL.OQ,,,,,,0,,,,,,,,,,,,,,,,,,,
1998-06-04,PYPL.OQ,,,,,,0,,,,,,,,,,,,,,,,,,,
1998-06-05,PYPL.OQ,,,,,,0,,,,,,,,,,,,,,,,,,,
1998-06-08,PYPL.OQ,,,,,,0,,,,,,,,,,,,,,,,,,,
1998-06-09,PYPL.OQ,,,,,,0,,,,,,,,,,,,,,,,,,,
1998-06-10,PYPL.OQ,,,,,,0,,,,,,,,,,,,,,,,,,,
1998-06-11,PYPL.OQ,,,,,,0,,,,,,,,,,,,,,,,,,,
1998-06-12,PYPL.OQ,,,,,,0,,,,,,,,,,,,,,,,,,,
1998-06-15,PYPL.OQ,,,,,,0,,,,,,,,,,,,,,,,,,,
1998-06-16,PYPL.OQ,,,,,,0,,,,,,,,,,,,,,,,,,,
1998-06-17,PYPL.OQ,,,,,,0,,,,,,,,,,,,,,,,,,,
1998-06-18,PYPL.OQ,,,,,,0,,,,,,,,,,,,,,,,,,,
1998-06-19,PYPL.OQ,,,,,,0,,,,,,,,,,,,,,,,,,,
1998-06-22,PYPL.OQ,,,,,,0,,,,,,,,,,,,,,,,,,,
1998-06-23,PYPL.OQ,,,,,,0,,,,,,,,,,,,,,,,,,,
1998-06-24,PYPL.OQ,,,,,,0,,,,,,,,,,,,,,,,,,,
1998-06-25,PYPL.OQ,,,,,,0,,,,,,,,,,,,,,,,,,,
1998-06-26,PYPL.OQ,,,,,,0,,,,,,,,,,,,,,,,,,,
1998-06-29,PYPL.OQ,,,,,,0,,,,,,,,,,,,,,,,,,,
1998-06-30,PYPL.OQ,,,,,,0,,,,,,,,,,,,,,,,,,,
1998-07-01,PYPL.OQ,,,,,,0,,,,,,,,,,,,,,,,,,,
1998-07-02,PYPL.OQ,,,,,,0,,,,,,,,,,,,,,,,,,,
1998-07-06,PYPL.OQ,,,,,,0,,,,,,,,,,,,,,,,,,,
1998-07-07,PYPL.OQ,,,,,,0,,,,,,,,,,,,,,,,,,,
1998-07-08,PYPL.OQ,,,,,,0,,,,,,,,,,,,,,,,,,,
1998-07-09,PYPL.OQ,,,,,,0,,,,,,,,,,,,,,,,,,,
1998-07-10,PYPL.OQ,,,,,,0,,,,,,,,,,,,,,,,,,,
1998-07-13,PYPL.OQ,,,,,,0,,,,,,,,,,,,,,,,,,,
1998-07-14,PYPL.OQ,,,,,,0,,,,,,,,,,,,,,,,,,,
1998-07-15,PYPL.OQ,,,,,,0,,,,,,,,,,,,,,,,,,,
1998-07-16,PYPL.OQ,,,,,,0,,,,,,,,,,,,,,,,,,,
1998-07-17,PYPL.OQ,,,,,,0,,,,,,,,,,,,,,,,,,,
1998-07-20,PYPL.OQ,,,,,,0,,,,,,,,,,,,,,,,,,,
1998-07-21,PYPL.OQ,,,,,,0,,,,,,,,,,,,,,,,,,,
1998-07-22,PYPL.OQ,,,,,,0,,,,,,,,,,,,,,,,,,,
1998-07-23,PYPL.OQ,,,,,,0,,,,,,,,,,,,,,,,,,,
1998-07-24,PYPL.OQ,,,,,,0,,,,,,,,,,,,,,,,,,,
1998-07-27,PYPL.OQ,,,,,,0,,,,,,,,,,,,,,,,,,,
1998-07-28,PYPL.OQ,,,,,,0,,,,,,,,,,,,,,,,,,,
1998-07-29,PYPL.OQ,,,,,,0,,,,,,,,,,,,,,,,,,,
1998-07-30,PYPL.OQ,,,,,,0,,,,,,,,,,,,,,,,,,,
1998-07-31,PYPL.OQ,,,,,,0,,,,,,,,,,,,,,,,,,,
1998-08-03,PYPL.OQ,,,,,,0,,,,,,,,,,,,,,,,,,,
1998-08-04,PYPL.OQ,,,,,,0,,,,,,,,,,,,,,,,,,,
1998-08-05,PYPL.OQ,,,,,,0,,,,,,,,,,,,,,,,,,,
1998-08-06,PYPL.OQ,,,,,,0,,,,,,,,,,,,,,,,,,,
1998-08-07,PYPL.OQ,,,,,,0,,,,,,,,,,,,,,,,,,,
1998-08-10,PYPL.OQ,,,,,,0,,,,,,,,,,,,,,,,,,,
1998-08-11,PYPL.OQ,,,,,,0,,,,,,,,,,,,,,,,,,,
1998-08-12,PYPL.OQ,,,,,,0,,,,,,,,,,,,,,,,,,,
1998-08-13,PYPL.OQ,,,,,,0,,,,,,,,,,,,,,,,,,,
1998-08-14,PYPL.OQ,,,,,,0,,,,,,,,,,,,,,,,,,,
1998-08-17,PYPL.OQ,,,,,,0,,,,,,,,,,,,,,,,,,,
1998-08-18,PYPL.OQ,,,,,,0,,,,,,,,,,,,,,,,,,,
1998-08-19,PYPL.OQ,,,,,,0,,,,,,,,,,,,,,,,,,,
1998-08-20,PYPL.OQ,,,,,,0,,,,,,,,,,,,,,,,,,,
1998-08-21,PYPL.OQ,,,,,,0,,,,,,,,,,,,,,,,,,,
1998-08-24,PYPL.OQ,,,,,,0,,,,,,,,,,,,,,,,,,,
1998-08-25,PYPL.OQ,,,,,,0,,,,,,,,,,,,,,,,,,,
1998-08-26,PYPL.OQ,,,,,,0,,,,,,,,,,,,,,,,,,,
1998-08-27,PYPL.OQ,,,,,,0,,,,,,,,,,,,,,,,,,,
1998-08-28,PYPL.OQ,,,,,,0,,,,,,,,,,,,,,,,,,,
1998-08-31,PYPL.OQ,,,,,,0,,,,,,,,,,,,,,,,,,,
1998-09-01,PYPL.OQ,,,,,,0,,,,,,,,,,,,,,,,,,,
1998-09-02,PYPL.OQ,,,,,,0,,,,,,,,,,,,,,,,,,,
1998-09-03,PYPL.OQ,,,,,,0,,,,,,,,,,,,,,,,,,,
1998-09-04,PYPL.OQ,,,,,,0,,,,,,,,,,,,,,,,,,,
1998-09-08,PYPL.OQ,,,,,,0,,,,,,,,,,,,,,,,,,,
1998-09-09,PYPL.OQ,,,,,,0,,,,,,,,,,,,,,,,,,,
1998-09-10,PYPL.OQ,,,,,,0,,,,,,,,,,,,,,,,,,,
1998-09-11,PYPL.OQ,,,,,,0,,,,,,,,,,,,,,,,,,,
1998-09-14,PYPL.OQ,,,,,,0,,,,,,,,,,,,,,,,,,,
1998-09-15,PYPL.OQ,,,,,,0,,,,,,,,,,,,,,,,,,,
1998-09-16,PYPL.OQ,,,,,,0,,,,,,,,,,,,,,,,,,,
1998-09-17,PYPL.OQ,,,,,,0,,,,,,,,,,,,,,,,,,,
1998-09-18,PYPL.OQ,,,,,,0,,,,,,,,,,,,,,,,,,,
1998-09-21,PYPL.OQ,,,,,,0,,,,,,,,,,,,,,,,,,,
1998-09-22,PYPL.OQ,,,,,,0,,,,,,,,,,,,,,,,,,,
1998-09-23,PYPL.OQ,,,,,,0,,,,,,,,,,,,,,,,,,,
1998-09-24,PYPL.OQ,,,,,,0,,,,,,,,,,,,,,,,,,,
1998-09-25,PYPL.OQ,,,,,,0,,,,,,,,,,,,,,,,,,,
1998-09-28,PYPL.OQ,,,,,,0,,,,,,,,,,,,,,,,,,,
1998-09-29,PYPL.OQ,,,,,,0,,,,,,,,,,,,,,,,,,,
1998-09-30,PYPL.OQ,,,,,,0,,,,,,,,,,,,,,,,,,,
1998-10-01,PYPL.OQ,,,,,,0,,,,,,,,,,,,,,,,,,,
1998-10-02,PYPL.OQ,,,,,,0,,,,,,,,,,,,,,,,,,,
1998-10-05,PYPL.OQ,,,,,,0,,,,,,,,,,,,,,,,,,,
1998-10-06,PYPL.OQ,,,,,,0,,,,,,,,,,,,,,,,,,,
1998-10-07,PYPL.OQ,,,,,,0,,,,,,,,,,,,,,,,,,,
1998-10-08,PYPL.OQ,,,,,,0,,,,,,,,,,,,,,,,,,,
1998-10-09,PYPL.OQ,,,,,,0,,,,,,,,,,,,,,,,,,,
1998-10-12,PYPL.OQ,,,,,,0,,,,,,,,,,,,,,,,,,,
1998-10-13,PYPL.OQ,,,,,,0,,,,,,,,,,,,,,,,,,,
1998-10-14,PYPL.OQ,,,,,,0,,,,,,,,,,,,,,,,,,,
1998-10-15,PYPL.OQ,,,,,,0,,,,,,,,,,,,,,,,,,,
1998-10-16,PYPL.OQ,,,,,,0,,,,,,,,,,,,,,,,,,,
1998-10-19,PYPL.OQ,,,,,,0,,,,,,,,,,,,,,,,,,,
1998-10-20,PYPL.OQ,,,,,,0,,,,,,,,,,,,,,,,,,,
1998-10-21,PYPL.OQ,,,,,,0,,,,,,,,,,,,,,,,,,,
1998-10-22,PYPL.OQ,,,,,,0,,,,,,,,,,,,,,,,,,,
1998-10-23,PYPL.OQ,,,,,,0,,,,,,,,,,,,,,,,,,,
1998-10-26,PYPL.OQ,,,,,,0,,,,,,,,,,,,,,,,,,,
1998-10-27,PYPL.OQ,,,,,,0,,,,,,,,,,,,,,,,,,,
1998-10-28,PYPL.OQ,,,,,,0,,,,,,,,,,,,,,,,,,,
1998-10-29,PYPL.OQ,,,,,,0,,,,,,,,,,,,,,,,,,,
1998-10-30,PYPL.OQ,,,,,,0,,,,,,,,,,,,,,,,,,,
1998-11-02,PYPL.OQ,,,,,,0,,,,,,,,,,,,,,,,,,,
1998-11-03,PYPL.OQ,,,,,,0,,,,,,,,,,,,,,,,,,,
1998-11-04,PYPL.OQ,,,,,,0,,,,,,,,,,,,,,,,,,,
1998-11-05,PYPL.OQ,,,,,,0,,,,,,,,,,,,,,,,,,,
1998-11-06,PYPL.OQ,,,,,,0,,,,,,,,,,,,,,,,,,,
1998-11-09,PYPL.OQ,,,,,,0,,,,,,,,,,,,,,,,,,,
1998-11-10,PYPL.OQ,,,,,,0,,,,,,,,,,,,,,,,,,,
1998-11-11,PYPL.OQ,,,,,,0,,,,,,,,,,,,,,,,,,,
1998-11-12,PYPL.OQ,,,,,,0,,,,,,,,,,,,,,,,,,,
1998-11-13,PYPL.OQ,,,,,,0,,,,,,,,,,,,,,,,,,,
1998-11-16,PYPL.OQ,,,,,,0,,,,,,,,,,,,,,,,,,,
1998-11-17,PYPL.OQ,,,,,,0,,,,,,,,,,,,,,,,,,,
1998-11-18,PYPL.OQ,,,,,,0,,,,,,,,,,,,,,,,,,,
1998-11-19,PYPL.OQ,,,,,,0,,,,,,,,,,,,,,,,,,,
1998-11-20,PYPL.OQ,,,,,,0,,,,,,,,,,,,,,,,,,,
1998-11-23,PYPL.OQ,,,,,,0,,,,,,,,,,,,,,,,,,,
1998-11-24,PYPL.OQ,,,,,,0,,,,,,,,,,,,,,,,,,,
1998-11-25,PYPL.OQ,,,,,,0,,,,,,,,,,,,,,,,,,,
1998-11-27,PYPL.OQ,,,,,,0,,,,,,,,,,,,,,,,,,,
1998-11-30,PYPL.OQ,,,,,,0,,,,,,,,,,,,,,,,,,,
1998-12-01,PYPL.OQ,,,,,,0,,,,,,,,,,,,,,,,,,,
1998-12-02,PYPL.OQ,,,,,,0,,,,,,,,,,,,,,,,,,,
1998-12-03,PYPL.OQ,,,,,,0,,,,,,,,,,,,,,,,,,,
1998-12-04,PYPL.OQ,,,,,,0,,,,,,,,,,,,,,,,,,,
1998-12-07,PYPL.OQ,,,,,,0,,,,,,,,,,,,,,,,,,,
1998-12-08,PYPL.OQ,,,,,,0,,,,,,,,,,,,,,,,,,,
1998-12-09,PYPL.OQ,,,,,,0,,,,,,,,,,,,,,,,,,,
1998-12-10,PYPL.OQ,,,,,,0,,,,,,,,,,,,,,,,,,,
1998-12-11,PYPL.OQ,,,,,,0,,,,,,,,,,,,,,,,,,,
1998-12-14,PYPL.OQ,,,,,,0,,,,,,,,,,,,,,,,,,,
1998-12-15,PYPL.OQ,,,,,,0,,,,,,,,,,,,,,,,,,,
1998-12-16,PYPL.OQ,,,,,,0,,,,,,,,,,,,,,,,,,,
1998-12-17,PYPL.OQ,,,,,,0,,,,,,,,,,,,,,,,,,,
1998-12-18,PYPL.OQ,,,,,,0,,,,,,,,,,,,,,,,,,,
1998-12-21,PYPL.OQ,,,,,,0,,,,,,,,,,,,,,,,,,,
1998-12-22,PYPL.OQ,,,,,,0,,,,,,,,,,,,,,,,,,,
1998-12-23,PYPL.OQ,,,,,,0,,,,,,,,,,,,,,,,,,,
1998-12-24,PYPL.OQ,,,,,,0,,,,,,,,,,,,,,,,,,,
1998-12-28,PYPL.OQ,,,,,,0,,,,,,,,,,,,,,,,,,,
1998-12-29,PYPL.OQ,,,,,,0,,,,,,,,,,,,,,,,,,,
1998-12-30,PYPL.OQ,,,,,,0,,,,,,,,,,,,,,,,,,,
1998-12-31,PYPL.OQ,,,,,,0,,,,,,,,,,,,,,,,,,,
1999-01-04,PYPL.OQ,,,,,,0,,,,,,,,,,,,,,,,,,,
1999-01-05,PYPL.OQ,,,,,,0,,,,,,,,,,,,,,,,,,,
1999-01-06,PYPL.OQ,,,,,,0,,,,,,,,,,,,,,,,,,,
1999-01-07,PYPL.OQ,,,,,,0,,,,,,,,,,,,,,,,,,,
1999-01-08,PYPL.OQ,,,,,,0,,,,,,,,,,,,,,,,,,,
1999-01-11,PYPL.OQ,,,,,,0,,,,,,,,,,,,,,,,,,,
1999-01-12,PYPL.OQ,,,,,,0,,,,,,,,,,,,,,,,,,,
1999-01-13,PYPL.OQ,,,,,,0,,,,,,,,,,,,,,,,,,,
1999-01-14,PYPL.OQ,,,,,,0,,,,,,,,,,,,,,,,,,,
1999-01-15,PYPL.OQ,,,,,,0,,,,,,,,,,,,,,,,,,,
1999-01-19,PYPL.OQ,,,,,,0,,,,,,,,,,,,,,,,,,,
1999-01-20,PYPL.OQ,,,,,,0,,,,,,,,,,,,,,,,,,,
1999-01-21,PYPL.OQ,,,,,,0,,,,,,,,,,,,,,,,,,,
1999-01-22,PYPL.OQ,,,,,,0,,,,,,,,,,,,,,,,,,,
1999-01-25,PYPL.OQ,,,,,,0,,,,,,,,,,,,,,,,,,,
1999-01-26,PYPL.OQ,,,,,,0,,,,,,,,,,,,,,,,,,,
1999-01-27,PYPL.OQ,,,,,,0,,,,,,,,,,,,,,,,,,,
1999-01-28,PYPL.OQ,,,,,,0,,,,,,,,,,,,,,,,,,,
1999-01-29,PYPL.OQ,,,,,,0,,,,,,,,,,,,,,,,,,,
1999-02-01,PYPL.OQ,,,,,,0,,,,,,,,,,,,,,,,,,,
1999-02-02,PYPL.OQ,,,,,,0,,,,,,,,,,,,,,,,,,,
1999-02-03,PYPL.OQ,,,,,,0,,,,,,,,,,,,,,,,,,,
1999-02-04,PYPL.OQ,,,,,,0,,,,,,,,,,,,,,,,,,,
1999-02-05,PYPL.OQ,,,,,,0,,,,,,,,,,,,,,,,,,,
1999-02-08,PYPL.OQ,,,,,,0,,,,,,,,,,,,,,,,,,,
1999-02-09,PYPL.OQ,,,,,,0,,,,,,,,,,,,,,,,,,,
1999-02-10,PYPL.OQ,,,,,,0,,,,,,,,,,,,,,,,,,,
1999-02-11,PYPL.OQ,,,,,,0,,,,,,,,,,,,,,,,,,,
1999-02-12,PYPL.OQ,,,,,,0,,,,,,,,,,,,,,,,,,,
1999-02-16,PYPL.OQ,,,,,,0,,,,,,,,,,,,,,,,,,,
1999-02-17,PYPL.OQ,,,,,,0,,,,,,,,,,,,,,,,,,,
1999-02-18,PYPL.OQ,,,,,,0,,,,,,,,,,,,,,,,,,,
1999-02-19,PYPL.OQ,,,,,,0,,,,,,,,,,,,,,,,,,,
1999-02-22,PYPL.OQ,,,,,,0,,,,,,,,,,,,,,,,,,,
1999-02-23,PYPL.OQ,,,,,,0,,,,,,,,,,,,,,,,,,,
1999-02-24,PYPL.OQ,,,,,,0,,,,,,,,,,,,,,,,,,,
1999-02-25,PYPL.OQ,,,,,,0,,,,,,,,,,,,,,,,,,,
1999-02-26,PYPL.OQ,,,,,,0,,,,,,,,,,,,,,,,,,,
1999-03-01,PYPL.OQ,,,,,,0,,,,,,,,,,,,,,,,,,,
1999-03-02,PYPL.OQ,,,,,,0,,,,,,,,,,,,,,,,,,,
1999-03-03,PYPL.OQ,,,,,,0,,,,,,,,,,,,,,,,,,,
1999-03-04,PYPL.OQ,,,,,,0,,,,,,,,,,,,,,,,,,,
1999-03-05,PYPL.OQ,,,,,,0,,,,,,,,,,,,,,,,,,,
1999-03-08,PYPL.OQ,,,,,,0,,,,,,,,,,,,,,,,,,,
1999-03-09,PYPL.OQ,,,,,,0,,,,,,,,,,,,,,,,,,,
1999-03-10,PYPL.OQ,,,,,,0,,,,,,,,,,,,,,,,,,,
1999-03-11,PYPL.OQ,,,,,,0,,,,,,,,,,,,,,,,,,,
1999-03-12,PYPL.OQ,,,,,,0,,,,,,,,,,,,,,,,,,,
1999-03-15,PYPL.OQ,,,,,,0,,,,,,,,,,,,,,,,,,,
1999-03-16,PYPL.OQ,,,,,,0,,,,,,,,,,,,,,,,,,,
1999-03-17,PYPL.OQ,,,,,,0,,,,,,,,,,,,,,,,,,,
1999-03-18,PYPL.OQ,,,,,,0,,,,,,,,,,,,,,,,,,,
1999-03-19,PYPL.OQ,,,,,,0,,,,,,,,,,,,,,,,,,,
1999-03-22,PYPL.OQ,,,,,,0,,,,,,,,,,,,,,,,,,,
1999-03-23,PYPL.OQ,,,,,,0,,,,,,,,,,,,,,,,,,,
1999-03-24,PYPL.OQ,,,,,,0,,,,,,,,,,,,,,,,,,,
1999-03-25,PYPL.OQ,,,,,,0,,,,,,,,,,,,,,,,,,,
1999-03-26,PYPL.OQ,,,,,,0,,,,,,,,,,,,,,,,,,,
1999-03-29,PYPL.OQ,,,,,,0,,,,,,,,,,,,,,,,,,,
1999-03-30,PYPL.OQ,,,,,,0,,,,,,,,,,,,,,,,,,,
1999-03-31,PYPL.OQ,,,,,,0,,,,,,,,,,,,,,,,,,,
1999-04-01,PYPL.OQ,,,,,,0,,,,,,,,,,,,,,,,,,,
1999-04-05,PYPL.OQ,,,,,,0,,,,,,,,,,,,,,,,,,,
1999-04-06,PYPL.OQ,,,,,,0,,,,,,,,,,,,,,,,,,,
1999-04-07,PYPL.OQ,,,,,,0,,,,,,,,,,,,,,,,,,,
1999-04-08,PYPL.OQ,,,,,,0,,,,,,,,,,,,,,,,,,,
1999-04-09,PYPL.OQ,,,,,,0,,,,,,,,,,,,,,,,,,,
1999-04-12,PYPL.OQ,,,,,,0,,,,,,,,,,,,,,,,,,,
1999-04-13,PYPL.OQ,,,,,,0,,,,,,,,,,,,,,,,,,,
1999-04-14,PYPL.OQ,,,,,,0,,,,,,,,,,,,,,,,,,,
1999-04-15,PYPL.OQ,,,,,,0,,,,,,,,,,,,,,,,,,,
1999-04-16,PYPL.OQ,,,,,,0,,,,,,,,,,,,,,,,,,,
1999-04-19,PYPL.OQ,,,,,,0,,,,,,,,,,,,,,,,,,,
1999-04-20,PYPL.OQ,,,,,,0,,,,,,,,,,,,,,,,,,,
1999-04-21,PYPL.OQ,,,,,,0,,,,,,,,,,,,,,,,,,,
1999-04-22,PYPL.OQ,,,,,,0,,,,,,,,,,,,,,,,,,,
1999-04-23,PYPL.OQ,,,,,,0,,,,,,,,,,,,,,,,,,,
1999-04-26,PYPL.OQ,,,,,,0,,,,,,,,,,,,,,,,,,,
1999-04-27,PYPL.OQ,,,,,,0,,,,,,,,,,,,,,,,,,,
1999-04-28,PYPL.OQ,,,,,,0,,,,,,,,,,,,,,,,,,,
1999-04-29,PYPL.OQ,,,,,,0,,,,,,,,,,,,,,,,,,,
1999-04-30,PYPL.OQ,,,,,,0,,,,,,,,,,,,,,,,,,,
1999-05-03,PYPL.OQ,,,,,,0,,,,,,,,,,,,,,,,,,,
1999-05-04,PYPL.OQ,,,,,,0,,,,,,,,,,,,,,,,,,,
1999-05-05,PYPL.OQ,,,,,,0,,,,,,,,,,,,,,,,,,,
1999-05-06,PYPL.OQ,,,,,,0,,,,,,,,,,,,,,,,,,,
1999-05-07,PYPL.OQ,,,,,,0,,,,,,,,,,,,,,,,,,,
1999-05-10,PYPL.OQ,,,,,,0,,,,,,,,,,,,,,,,,,,
1999-05-11,PYPL.OQ,,,,,,0,,,,,,,,,,,,,,,,,,,
1999-05-12,PYPL.OQ,,,,,,0,,,,,,,,,,,,,,,,,,,
1999-05-13,PYPL.OQ,,,,,,0,,,,,,,,,,,,,,,,,,,
1999-05-14,PYPL.OQ,,,,,,0,,,,,,,,,,,,,,,,,,,
1999-05-17,PYPL.OQ,,,,,,0,,,,,,,,,,,,,,,,,,,
1999-05-18,PYPL.OQ,,,,,,0,,,,,,,,,,,,,,,,,,,
1999-05-19,PYPL.OQ,,,,,,0,,,,,,,,,,,,,,,,,,,
1999-05-20,PYPL.OQ,,,,,,0,,,,,,,,,,,,,,,,,,,
1999-05-21,PYPL.OQ,,,,,,0,,,,,,,,,,,,,,,,,,,
1999-05-24,PYPL.OQ,,,,,,0,,,,,,,,,,,,,,,,,,,
1999-05-25,PYPL.OQ,,,,,,0,,,,,,,,,,,,,,,,,,,
1999-05-26,PYPL.OQ,,,,,,0,,,,,,,,,,,,,,,,,,,
1999-05-27,PYPL.OQ,,,,,,0,,,,,,,,,,,,,,,,,,,
1999-05-28,PYPL.OQ,,,,,,0,,,,,,,,,,,,,,,,,,,
1999-06-01,PYPL.OQ,,,,,,0,,,,,,,,,,,,,,,,,,,
1999-06-02,PYPL.OQ,,,,,,0,,,,,,,,,,,,,,,,,,,
1999-06-03,PYPL.OQ,,,,,,0,,,,,,,,,,,,,,,,,,,
1999-06-04,PYPL.OQ,,,,,,0,,,,,,,,,,,,,,,,,,,
1999-06-07,PYPL.OQ,,,,,,0,,,,,,,,,,,,,,,,,,,
1999-06-08,PYPL.OQ,,,,,,0,,,,,,,,,,,,,,,,,,,
1999-06-09,PYPL.OQ,,,,,,0,,,,,,,,,,,,,,,,,,,
1999-06-10,PYPL.OQ,,,,,,0,,,,,,,,,,,,,,,,,,,
1999-06-11,PYPL.OQ,,,,,,0,,,,,,,,,,,,,,,,,,,
1999-06-14,PYPL.OQ,,,,,,0,,,,,,,,,,,,,,,,,,,
1999-06-15,PYPL.OQ,,,,,,0,,,,,,,,,,,,,,,,,,,
1999-06-16,PYPL.OQ,,,,,,0,,,,,,,,,,,,,,,,,,,
1999-06-17,PYPL.OQ,,,,,,0,,,,,,,,,,,,,,,,,,,
1999-06-18,PYPL.OQ,,,,,,0,,,,,,,,,,,,,,,,,,,
1999-06-21,PYPL.OQ,,,,,,0,,,,,,,,,,,,,,,,,,,
1999-06-22,PYPL.OQ,,,,,,0,,,,,,,,,,,,,,,,,,,
1999-06-23,PYPL.OQ,,,,,,0,,,,,,,,,,,,,,,,,,,
1999-06-24,PYPL.OQ,,,,,,0,,,,,,,,,,,,,,,,,,,
1999-06-25,PYPL.OQ,,,,,,0,,,,,,,,,,,,,,,,,,,
1999-06-28,PYPL.OQ,,,,,,0,,,,,,,,,,,,,,,,,,,
1999-06-29,PYPL.OQ,,,,,,0,,,,,,,,,,,,,,,,,,,
1999-06-30,PYPL.OQ,,,,,,0,,,,,,,,,,,,,,,,,,,
1999-07-01,PYPL.OQ,,,,,,0,,,,,,,,,,,,,,,,,,,
1999-07-02,PYPL.OQ,,,,,,0,,,,,,,,,,,,,,,,,,,
1999-07-06,PYPL.OQ,,,,,,0,,,,,,,,,,,,,,,,,,,
1999-07-07,PYPL.OQ,,,,,,0,,,,,,,,,,,,,,,,,,,
1999-07-08,PYPL.OQ,,,,,,0,,,,,,,,,,,,,,,,,,,
1999-07-09,PYPL.OQ,,,,,,0,,,,,,,,,,,,,,,,,,,
1999-07-12,PYPL.OQ,,,,,,0,,,,,,,,,,,,,,,,,,,
1999-07-13,PYPL.OQ,,,,,,0,,,,,,,,,,,,,,,,,,,
1999-07-14,PYPL.OQ,,,,,,0,,,,,,,,,,,,,,,,,,,
1999-07-15,PYPL.OQ,,,,,,0,,,,,,,,,,,,,,,,,,,
1999-07-16,PYPL.OQ,,,,,,0,,,,,,,,,,,,,,,,,,,
1999-07-19,PYPL.OQ,,,,,,0,,,,,,,,,,,,,,,,,,,
1999-07-20,PYPL.OQ,,,,,,0,,,,,,,,,,,,,,,,,,,
1999-07-21,PYPL.OQ,,,,,,0,,,,,,,,,,,,,,,,,,,
1999-07-22,PYPL.OQ,,,,,,0,,,,,,,,,,,,,,,,,,,
1999-07-23,PYPL.OQ,,,,,,0,,,,,,,,,,,,,,,,,,,
1999-07-26,PYPL.OQ,,,,,,0,,,,,,,,,,,,,,,,,,,
1999-07-27,PYPL.OQ,,,,,,0,,,,,,,,,,,,,,,,,,,
1999-07-28,PYPL.OQ,,,,,,0,,,,,,,,,,,,,,,,,,,
1999-07-29,PYPL.OQ,,,,,,0,,,,,,,,,,,,,,,,,,,
1999-07-30,PYPL.OQ,,,,,,0,,,,,,,,,,,,,,,,,,,
1999-08-02,PYPL.OQ,,,,,,0,,,,,,,,,,,,,,,,,,,
1999-08-03,PYPL.OQ,,,,,,0,,,,,,,,,,,,,,,,,,,
1999-08-04,PYPL.OQ,,,,,,0,,,,,,,,,,,,,,,,,,,
1999-08-05,PYPL.OQ,,,,,,0,,,,,,,,,,,,,,,,,,,
1999-08-06,PYPL.OQ,,,,,,0,,,,,,,,,,,,,,,,,,,
1999-08-09,PYPL.OQ,,,,,,0,,,,,,,,,,,,,,,,,,,
1999-08-10,PYPL.OQ,,,,,,0,,,,,,,,,,,,,,,,,,,
1999-08-11,PYPL.OQ,,,,,,0,,,,,,,,,,,,,,,,,,,
1999-08-12,PYPL.OQ,,,,,,0,,,,,,,,,,,,,,,,,,,
1999-08-13,PYPL.OQ,,,,,,0,,,,,,,,,,,,,,,,,,,
1999-08-16,PYPL.OQ,,,,,,0,,,,,,,,,,,,,,,,,,,
1999-08-17,PYPL.OQ,,,,,,0,,,,,,,,,,,,,,,,,,,
1999-08-18,PYPL.OQ,,,,,,0,,,,,,,,,,,,,,,,,,,
1999-08-19,PYPL.OQ,,,,,,0,,,,,,,,,,,,,,,,,,,
1999-08-20,PYPL.OQ,,,,,,0,,,,,,,,,,,,,,,,,,,
1999-08-23,PYPL.OQ,,,,,,0,,,,,,,,,,,,,,,,,,,
1999-08-24,PYPL.OQ,,,,,,0,,,,,,,,,,,,,,,,,,,
1999-08-25,PYPL.OQ,,,,,,0,,,,,,,,,,,,,,,,,,,
1999-08-26,PYPL.OQ,,,,,,0,,,,,,,,,,,,,,,,,,,
1999-08-27,PYPL.OQ,,,,,,0,,,,,,,,,,,,,,,,,,,
1999-08-30,PYPL.OQ,,,,,,0,,,,,,,,,,,,,,,,,,,
1999-08-31,PYPL.OQ,,,,,,0,,,,,,,,,,,,,,,,,,,
1999-09-01,PYPL.OQ,,,,,,0,,,,,,,,,,,,,,,,,,,
1999-09-02,PYPL.OQ,,,,,,0,,,,,,,,,,,,,,,,,,,
1999-09-03,PYPL.OQ,,,,,,0,,,,,,,,,,,,,,,,,,,
1999-09-07,PYPL.OQ,,,,,,0,,,,,,,,,,,,,,,,,,,
1999-09-08,PYPL.OQ,,,,,,0,,,,,,,,,,,,,,,,,,,
1999-09-09,PYPL.OQ,,,,,,0,,,,,,,,,,,,,,,,,,,
1999-09-10,PYPL.OQ,,,,,,0,,,,,,,,,,,,,,,,,,,
1999-09-13,PYPL.OQ,,,,,,0,,,,,,,,,,,,,,,,,,,
1999-09-14,PYPL.OQ,,,,,,0,,,,,,,,,,,,,,,,,,,
1999-09-15,PYPL.OQ,,,,,,0,,,,,,,,,,,,,,,,,,,
1999-09-16,PYPL.OQ,,,,,,0,,,,,,,,,,,,,,,,,,,
1999-09-17,PYPL.OQ,,,,,,0,,,,,,,,,,,,,,,,,,,
1999-09-20,PYPL.OQ,,,,,,0,,,,,,,,,,,,,,,,,,,
1999-09-21,PYPL.OQ,,,,,,0,,,,,,,,,,,,,,,,,,,
1999-09-22,PYPL.OQ,,,,,,0,,,,,,,,,,,,,,,,,,,
1999-09-23,PYPL.OQ,,,,,,0,,,,,,,,,,,,,,,,,,,
1999-09-24,PYPL.OQ,,,,,,0,,,,,,,,,,,,,,,,,,,
1999-09-27,PYPL.OQ,,,,,,0,,,,,,,,,,,,,,,,,,,
1999-09-28,PYPL.OQ,,,,,,0,,,,,,,,,,,,,,,,,,,
1999-09-29,PYPL.OQ,,,,,,0,,,,,,,,,,,,,,,,,,,
1999-09-30,PYPL.OQ,,,,,,0,,,,,,,,,,,,,,,,,,,
1999-10-01,PYPL.OQ,,,,,,0,,,,,,,,,,,,,,,,,,,
1999-10-04,PYPL.OQ,,,,,,0,,,,,,,,,,,,,,,,,,,
1999-10-05,PYPL.OQ,,,,,,0,,,,,,,,,,,,,,,,,,,
1999-10-06,PYPL.OQ,,,,,,0,,,,,,,,,,,,,,,,,,,
1999-10-07,PYPL.OQ,,,,,,0,,,,,,,,,,,,,,,,,,,
1999-10-08,PYPL.OQ,,,,,,0,,,,,,,,,,,,,,,,,,,
1999-10-11,PYPL.OQ,,,,,,0,,,,,,,,,,,,,,,,,,,
1999-10-12,PYPL.OQ,,,,,,0,,,,,,,,,,,,,,,,,,,
1999-10-13,PYPL.OQ,,,,,,0,,,,,,,,,,,,,,,,,,,
1999-10-14,PYPL.OQ,,,,,,0,,,,,,,,,,,,,,,,,,,
1999-10-15,PYPL.OQ,,,,,,0,,,,,,,,,,,,,,,,,,,
1999-10-18,PYPL.OQ,,,,,,0,,,,,,,,,,,,,,,,,,,
1999-10-19,PYPL.OQ,,,,,,0,,,,,,,,,,,,,,,,,,,
1999-10-20,PYPL.OQ,,,,,,0,,,,,,,,,,,,,,,,,,,
1999-10-21,PYPL.OQ,,,,,,0,,,,,,,,,,,,,,,,,,,
1999-10-22,PYPL.OQ,,,,,,0,,,,,,,,,,,,,,,,,,,
1999-10-25,PYPL.OQ,,,,,,0,,,,,,,,,,,,,,,,,,,
1999-10-26,PYPL.OQ,,,,,,0,,,,,,,,,,,,,,,,,,,
1999-10-27,PYPL.OQ,,,,,,0,,,,,,,,,,,,,,,,,,,
1999-10-28,PYPL.OQ,,,,,,0,,,,,,,,,,,,,,,,,,,
1999-10-29,PYPL.OQ,,,,,,0,,,,,,,,,,,,,,,,,,,
1999-11-01,PYPL.OQ,,,,,,0,,,,,,,,,,,,,,,,,,,
1999-11-02,PYPL.OQ,,,,,,0,,,,,,,,,,,,,,,,,,,
1999-11-03,PYPL.OQ,,,,,,0,,,,,,,,,,,,,,,,,,,
1999-11-04,PYPL.OQ,,,,,,0,,,,,,,,,,,,,,,,,,,
1999-11-05,PYPL.OQ,,,,,,0,,,,,,,,,,,,,,,,,,,
1999-11-08,PYPL.OQ,,,,,,0,,,,,,,,,,,,,,,,,,,
1999-11-09,PYPL.OQ,,,,,,0,,,,,,,,,,,,,,,,,,,
1999-11-10,PYPL.OQ,,,,,,0,,,,,,,,,,,,,,,,,,,
1999-11-11,PYPL.OQ,,,,,,0,,,,,,,,,,,,,,,,,,,
1999-11-12,PYPL.OQ,,,,,,0,,,,,,,,,,,,,,,,,,,
1999-11-15,PYPL.OQ,,,,,,0,,,,,,,,,,,,,,,,,,,
1999-11-16,PYPL.OQ,,,,,,0,,,,,,,,,,,,,,,,,,,
1999-11-17,PYPL.OQ,,,,,,0,,,,,,,,,,,,,,,,,,,
1999-11-18,PYPL.OQ,,,,,,0,,,,,,,,,,,,,,,,,,,
1999-11-19,PYPL.OQ,,,,,,0,,,,,,,,,,,,,,,,,,,
1999-11-22,PYPL.OQ,,,,,,0,,,,,,,,,,,,,,,,,,,
1999-11-23,PYPL.OQ,,,,,,0,,,,,,,,,,,,,,,,,,,
1999-11-24,PYPL.OQ,,,,,,0,,,,,,,,,,,,,,,,,,,
1999-11-26,PYPL.OQ,,,,,,0,,,,,,,,,,,,,,,,,,,
1999-11-29,PYPL.OQ,,,,,,0,,,,,,,,,,,,,,,,,,,
1999-11-30,PYPL.OQ,,,,,,0,,,,,,,,,,,,,,,,,,,
1999-12-01,PYPL.OQ,,,,,,0,,,,,,,,,,,,,,,,,,,
1999-12-02,PYPL.OQ,,,,,,0,,,,,,,,,,,,,,,,,,,
1999-12-03,PYPL.OQ,,,,,,0,,,,,,,,,,,,,,,,,,,
1999-12-06,PYPL.OQ,,,,,,0,,,,,,,,,,,,,,,,,,,
1999-12-07,PYPL.OQ,,,,,,0,,,,,,,,,,,,,,,,,,,
1999-12-08,PYPL.OQ,,,,,,0,,,,,,,,,,,,,,,,,,,
1999-12-09,PYPL.OQ,,,,,,0,,,,,,,,,,,,,,,,,,,
1999-12-10,PYPL.OQ,,,,,,0,,,,,,,,,,,,,,,,,,,
1999-12-13,PYPL.OQ,,,,,,0,,,,,,,,,,,,,,,,,,,
1999-12-14,PYPL.OQ,,,,,,0,,,,,,,,,,,,,,,,,,,
1999-12-15,PYPL.OQ,,,,,,0,,,,,,,,,,,,,,,,,,,
1999-12-16,PYPL.OQ,,,,,,0,,,,,,,,,,,,,,,,,,,
1999-12-17,PYPL.OQ,,,,,,0,,,,,,,,,,,,,,,,,,,
1999-12-20,PYPL.OQ,,,,,,0,,,,,,,,,,,,,,,,,,,
1999-12-21,PYPL.OQ,,,,,,0,,,,,,,,,,,,,,,,,,,
1999-12-22,PYPL.OQ,,,,,,0,,,,,,,,,,,,,,,,,,,
1999-12-23,PYPL.OQ,,,,,,0,,,,,,,,,,,,,,,,,,,
1999-12-27,PYPL.OQ,,,,,,0,,,,,,,,,,,,,,,,,,,
1999-12-28,PYPL.OQ,,,,,,0,,,,,,,,,,,,,,,,,,,
1999-12-29,PYPL.OQ,,,,,,0,,,,,,,,,,,,,,,,,,,
1999-12-30,PYPL.OQ,,,,,,0,,,,,,,,,,,,,,,,,,,
1999-12-31,PYPL.OQ,,,,,,0,,,,,,,,,,,,,,,,,,,
2000-01-03,PYPL.OQ,,,,,,0,,,,,,,,,,,,,,,,,,,
2000-01-04,PYPL.OQ,,,,,,0,,,,,,,,,,,,,,,,,,,
2000-01-05,PYPL.OQ,,,,,,0,,,,,,,,,,,,,,,,,,,
2000-01-06,PYPL.OQ,,,,,,0,,,,,,,,,,,,,,,,,,,
2000-01-07,PYPL.OQ,,,,,,0,,,,,,,,,,,,,,,,,,,
2000-01-10,PYPL.OQ,,,,,,0,,,,,,,,,,,,,,,,,,,
2000-01-11,PYPL.OQ,,,,,,0,,,,,,,,,,,,,,,,,,,
2000-01-12,PYPL.OQ,,,,,,0,,,,,,,,,,,,,,,,,,,
2000-01-13,PYPL.OQ,,,,,,0,,,,,,,,,,,,,,,,,,,
2000-01-14,PYPL.OQ,,,,,,0,,,,,,,,,,,,,,,,,,,
2000-01-17,PYPL.OQ,,,,,,0,,,,,,,,,,,,,,,,,,,
2000-01-18,PYPL.OQ,,,,,,0,,,,,,,,,,,,,,,,,,,
2000-01-19,PYPL.OQ,,,,,,0,,,,,,,,,,,,,,,,,,,
2000-01-20,PYPL.OQ,,,,,,0,,,,,,,,,,,,,,,,,,,
2000-01-21,PYPL.OQ,,,,,,0,,,,,,,,,,,,,,,,,,,
2000-01-24,PYPL.OQ,,,,,,0,,,,,,,,,,,,,,,,,,,
2000-01-25,PYPL.OQ,,,,,,0,,,,,,,,,,,,,,,,,,,
2000-01-26,PYPL.OQ,,,,,,0,,,,,,,,,,,,,,,,,,,
2000-01-27,PYPL.OQ,,,,,,0,,,,,,,,,,,,,,,,,,,
2000-01-28,PYPL.OQ,,,,,,0,,,,,,,,,,,,,,,,,,,
2000-01-31,PYPL.OQ,,,,,,0,,,,,,,,,,,,,,,,,,,
2000-02-01,PYPL.OQ,,,,,,0,,,,,,,,,,,,,,,,,,,
2000-02-02,PYPL.OQ,,,,,,0,,,,,,,,,,,,,,,,,,,
2000-02-03,PYPL.OQ,,,,,,0,,,,,,,,,,,,,,,,,,,
2000-02-04,PYPL.OQ,,,,,,0,,,,,,,,,,,,,,,,,,,
2000-02-07,PYPL.OQ,,,,,,0,,,,,,,,,,,,,,,,,,,
2000-02-08,PYPL.OQ,,,,,,0,,,,,,,,,,,,,,,,,,,
2000-02-09,PYPL.OQ,,,,,,0,,,,,,,,,,,,,,,,,,,
2000-02-10,PYPL.OQ,,,,,,0,,,,,,,,,,,,,,,,,,,
2000-02-11,PYPL.OQ,,,,,,0,,,,,,,,,,,,,,,,,,,
2000-02-14,PYPL.OQ,,,,,,0,,,,,,,,,,,,,,,,,,,
2000-02-15,PYPL.OQ,,,,,,0,,,,,,,,,,,,,,,,,,,
2000-02-16,PYPL.OQ,,,,,,0,,,,,,,,,,,,,,,,,,,
2000-02-17,PYPL.OQ,,,,,,0,,,,,,,,,,,,,,,,,,,
2000-02-18,PYPL.OQ,,,,,,0,,,,,,,,,,,,,,,,,,,
2000-02-21,PYPL.OQ,,,,,,0,,,,,,,,,,,,,,,,,,,
2000-02-22,PYPL.OQ,,,,,,0,,,,,,,,,,,,,,,,,,,
2000-02-23,PYPL.OQ,,,,,,0,,,,,,,,,,,,,,,,,,,
2000-02-24,PYPL.OQ,,,,,,0,,,,,,,,,,,,,,,,,,,
2000-02-25,PYPL.OQ,,,,,,0,,,,,,,,,,,,,,,,,,,
2000-02-28,PYPL.OQ,,,,,,0,,,,,,,,,,,,,,,,,,,
2000-02-29,PYPL.OQ,,,,,,0,,,,,,,,,,,,,,,,,,,
2000-03-01,PYPL.OQ,,,,,,0,,,,,,,,,,,,,,,,,,,
2000-03-02,PYPL.OQ,,,,,,0,,,,,,,,,,,,,,,,,,,
2000-03-03,PYPL.OQ,,,,,,0,,,,,,,,,,,,,,,,,,,
2000-03-06,PYPL.OQ,,,,,,0,,,,,,,,,,,,,,,,,,,
2000-03-07,PYPL.OQ,,,,,,0,,,,,,,,,,,,,,,,,,,
2000-03-08,PYPL.OQ,,,,,,0,,,,,,,,,,,,,,,,,,,
2000-03-09,PYPL.OQ,,,,,,0,,,,,,,,,,,,,,,,,,,
2000-03-10,PYPL.OQ,,,,,,0,,,,,,,,,,,,,,,,,,,
2000-03-13,PYPL.OQ,,,,,,0,,,,,,,,,,,,,,,,,,,
2000-03-14,PYPL.OQ,,,,,,0,,,,,,,,,,,,,,,,,,,
2000-03-15,PYPL.OQ,,,,,,0,,,,,,,,,,,,,,,,,,,
2000-03-16,PYPL.OQ,,,,,,0,,,,,,,,,,,,,,,,,,,
2000-03-17,PYPL.OQ,,,,,,0,,,,,,,,,,,,,,,,,,,
2000-03-20,PYPL.OQ,,,,,,0,,,,,,,,,,,,,,,,,,,
2000-03-21,PYPL.OQ,,,,,,0,,,,,,,,,,,,,,,,,,,
2000-03-22,PYPL.OQ,,,,,,0,,,,,,,,,,,,,,,,,,,
2000-03-23,PYPL.OQ,,,,,,0,,,,,,,,,,,,,,,,,,,
2000-03-24,PYPL.OQ,,,,,,0,,,,,,,,,,,,,,,,,,,
2000-03-27,PYPL.OQ,,,,,,0,,,,,,,,,,,,,,,,,,,
2000-03-28,PYPL.OQ,,,,,,0,,,,,,,,,,,,,,,,,,,
2000-03-29,PYPL.OQ,,,,,,0,,,,,,,,,,,,,,,,,,,
2000-03-30,PYPL.OQ,,,,,,0,,,,,,,,,,,,,,,,,,,
2000-03-31,PYPL.OQ,,,,,,0,,,,,,,,,,,,,,,,,,,
2000-04-03,PYPL.OQ,,,,,,0,,,,,,,,,,,,,,,,,,,
2000-04-04,PYPL.OQ,,,,,,0,,,,,,,,,,,,,,,,,,,
2000-04-05,PYPL.OQ,,,,,,0,,,,,,,,,,,,,,,,,,,
2000-04-06,PYPL.OQ,,,,,,0,,,,,,,,,,,,,,,,,,,
2000-04-07,PYPL.OQ,,,,,,0,,,,,,,,,,,,,,,,,,,
2000-04-10,PYPL.OQ,,,,,,0,,,,,,,,,,,,,,,,,,,
2000-04-11,PYPL.OQ,,,,,,0,,,,,,,,,,,,,,,,,,,
2000-04-12,PYPL.OQ,,,,,,0,,,,,,,,,,,,,,,,,,,
2000-04-13,PYPL.OQ,,,,,,0,,,,,,,,,,,,,,,,,,,
2000-04-14,PYPL.OQ,,,,,,0,,,,,,,,,,,,,,,,,,,
2000-04-17,PYPL.OQ,,,,,,0,,,,,,,,,,,,,,,,,,,
2000-04-18,PYPL.OQ,,,,,,0,,,,,,,,,,,,,,,,,,,
2000-04-19,PYPL.OQ,,,,,,0,,,,,,,,,,,,,,,,,,,
2000-04-20,PYPL.OQ,,,,,,0,,,,,,,,,,,,,,,,,,,
2000-04-21,PYPL.OQ,,,,,,0,,,,,,,,,,,,,,,,,,,
2000-04-24,PYPL.OQ,,,,,,0,,,,,,,,,,,,,,,,,,,
2000-04-25,PYPL.OQ,,,,,,0,,,,,,,,,,,,,,,,,,,
2000-04-26,PYPL.OQ,,,,,,0,,,,,,,,,,,,,,,,,,,
2000-04-27,PYPL.OQ,,,,,,0,,,,,,,,,,,,,,,,,,,
2000-04-28,PYPL.OQ,,,,,,0,,,,,,,,,,,,,,,,,,,
2000-05-01,PYPL.OQ,,,,,,0,,,,,,,,,,,,,,,,,,,
2000-05-02,PYPL.OQ,,,,,,0,,,,,,,,,,,,,,,,,,,
2000-05-03,PYPL.OQ,,,,,,0,,,,,,,,,,,,,,,,,,,
2000-05-04,PYPL.OQ,,,,,,0,,,,,,,,,,,,,,,,,,,
2000-05-05,PYPL.OQ,,,,,,0,,,,,,,,,,,,,,,,,,,
2000-05-08,PYPL.OQ,,,,,,0,,,,,,,,,,,,,,,,,,,
2000-05-09,PYPL.OQ,,,,,,0,,,,,,,,,,,,,,,,,,,
2000-05-10,PYPL.OQ,,,,,,0,,,,,,,,,,,,,,,,,,,
2000-05-11,PYPL.OQ,,,,,,0,,,,,,,,,,,,,,,,,,,
2000-05-12,PYPL.OQ,,,,,,0,,,,,,,,,,,,,,,,,,,
2000-05-15,PYPL.OQ,,,,,,0,,,,,,,,,,,,,,,,,,,
2000-05-16,PYPL.OQ,,,,,,0,,,,,,,,,,,,,,,,,,,
2000-05-17,PYPL.OQ,,,,,,0,,,,,,,,,,,,,,,,,,,
2000-05-18,PYPL.OQ,,,,,,0,,,,,,,,,,,,,,,,,,,
2000-05-19,PYPL.OQ,,,,,,0,,,,,,,,,,,,,,,,,,,
2000-05-22,PYPL.OQ,,,,,,0,,,,,,,,,,,,,,,,,,,
2000-05-23,PYPL.OQ,,,,,,0,,,,,,,,,,,,,,,,,,,
2000-05-24,PYPL.OQ,,,,,,0,,,,,,,,,,,,,,,,,,,
2000-05-25,PYPL.OQ,,,,,,0,,,,,,,,,,,,,,,,,,,
2000-05-26,PYPL.OQ,,,,,,0,,,,,,,,,,,,,,,,,,,
2000-05-29,PYPL.OQ,,,,,,0,,,,,,,,,,,,,,,,,,,
2000-05-30,PYPL.OQ,,,,,,0,,,,,,,,,,,,,,,,,,,
2000-05-31,PYPL.OQ,,,,,,0,,,,,,,,,,,,,,,,,,,
2000-06-01,PYPL.OQ,,,,,,0,,,,,,,,,,,,,,,,,,,
2000-06-02,PYPL.OQ,,,,,,0,,,,,,,,,,,,,,,,,,,
2000-06-05,PYPL.OQ,,,,,,0,,,,,,,,,,,,,,,,,,,
2000-06-06,PYPL.OQ,,,,,,0,,,,,,,,,,,,,,,,,,,
2000-06-07,PYPL.OQ,,,,,,0,,,,,,,,,,,,,,,,,,,
2000-06-08,PYPL.OQ,,,,,,0,,,,,,,,,,,,,,,,,,,
2000-06-09,PYPL.OQ,,,,,,0,,,,,,,,,,,,,,,,,,,
2000-06-12,PYPL.OQ,,,,,,0,,,,,,,,,,,,,,,,,,,
2000-06-13,PYPL.OQ,,,,,,0,,,,,,,,,,,,,,,,,,,
2000-06-14,PYPL.OQ,,,,,,0,,,,,,,,,,,,,,,,,,,
2000-06-15,PYPL.OQ,,,,,,0,,,,,,,,,,,,,,,,,,,
2000-06-16,PYPL.OQ,,,,,,0,,,,,,,,,,,,,,,,,,,
2000-06-19,PYPL.OQ,,,,,,0,,,,,,,,,,,,,,,,,,,
2000-06-20,PYPL.OQ,,,,,,0,,,,,,,,,,,,,,,,,,,
2000-06-21,PYPL.OQ,,,,,,0,,,,,,,,,,,,,,,,,,,
2000-06-22,PYPL.OQ,,,,,,0,,,,,,,,,,,,,,,,,,,
2000-06-23,PYPL.OQ,,,,,,0,,,,,,,,,,,,,,,,,,,
2000-06-26,PYPL.OQ,,,,,,0,,,,,,,,,,,,,,,,,,,
2000-06-27,PYPL.OQ,,,,,,0,,,,,,,,,,,,,,,,,,,
2000-06-28,PYPL.OQ,,,,,,0,,,,,,,,,,,,,,,,,,,
2000-06-29,PYPL.OQ,,,,,,0,,,,,,,,,,,,,,,,,,,
2000-06-30,PYPL.OQ,,,,,,0,,,,,,,,,,,,,,,,,,,
2000-07-03,PYPL.OQ,,,,,,0,,,,,,,,,,,,,,,,,,,
2000-07-04,PYPL.OQ,,,,,,0,,,,,,,,,,,,,,,,,,,
2000-07-05,PYPL.OQ,,,,,,0,,,,,,,,,,,,,,,,,,,
2000-07-06,PYPL.OQ,,,,,,0,,,,,,,,,,,,,,,,,,,
2000-07-07,PYPL.OQ,,,,,,0,,,,,,,,,,,,,,,,,,,
2000-07-10,PYPL.OQ,,,,,,0,,,,,,,,,,,,,,,,,,,
2000-07-11,PYPL.OQ,,,,,,0,,,,,,,,,,,,,,,,,,,
2000-07-12,PYPL.OQ,,,,,,0,,,,,,,,,,,,,,,,,,,
2000-07-13,PYPL.OQ,,,,,,0,,,,,,,,,,,,,,,,,,,
2000-07-14,PYPL.OQ,,,,,,0,,,,,,,,,,,,,,,,,,,
2000-07-17,PYPL.OQ,,,,,,0,,,,,,,,,,,,,,,,,,,
2000-07-18,PYPL.OQ,,,,,,0,,,,,,,,,,,,,,,,,,,
2000-07-19,PYPL.OQ,,,,,,0,,,,,,,,,,,,,,,,,,,
2000-07-20,PYPL.OQ,,,,,,0,,,,,,,,,,,,,,,,,,,
2000-07-21,PYPL.OQ,,,,,,0,,,,,,,,,,,,,,,,,,,
2000-07-24,PYPL.OQ,,,,,,0,,,,,,,,,,,,,,,,,,,
2000-07-25,PYPL.OQ,,,,,,0,,,,,,,,,,,,,,,,,,,
2000-07-26,PYPL.OQ,,,,,,0,,,,,,,,,,,,,,,,,,,
2000-07-27,PYPL.OQ,,,,,,0,,,,,,,,,,,,,,,,,,,
2000-07-28,PYPL.OQ,,,,,,0,,,,,,,,,,,,,,,,,,,
2000-07-31,PYPL.OQ,,,,,,0,,,,,,,,,,,,,,,,,,,
2000-08-01,PYPL.OQ,,,,,,0,,,,,,,,,,,,,,,,,,,
2000-08-02,PYPL.OQ,,,,,,0,,,,,,,,,,,,,,,,,,,
2000-08-03,PYPL.OQ,,,,,,0,,,,,,,,,,,,,,,,,,,
2000-08-04,PYPL.OQ,,,,,,0,,,,,,,,,,,,,,,,,,,
2000-08-07,PYPL.OQ,,,,,,0,,,,,,,,,,,,,,,,,,,
2000-08-08,PYPL.OQ,,,,,,0,,,,,,,,,,,,,,,,,,,
2000-08-09,PYPL.OQ,,,,,,0,,,,,,,,,,,,,,,,,,,
2000-08-10,PYPL.OQ,,,,,,0,,,,,,,,,,,,,,,,,,,
2000-08-11,PYPL.OQ,,,,,,0,,,,,,,,,,,,,,,,,,,
2000-08-14,PYPL.OQ,,,,,,0,,,,,,,,,,,,,,,,,,,
2000-08-15,PYPL.OQ,,,,,,0,,,,,,,,,,,,,,,,,,,
2000-08-16,PYPL.OQ,,,,,,0,,,,,,,,,,,,,,,,,,,
2000-08-17,PYPL.OQ,,,,,,0,,,,,,,,,,,,,,,,,,,
2000-08-18,PYPL.OQ,,,,,,0,,,,,,,,,,,,,,,,,,,
2000-08-21,PYPL.OQ,,,,,,0,,,,,,,,,,,,,,,,,,,
2000-08-22,PYPL.OQ,,,,,,0,,,,,,,,,,,,,,,,,,,
2000-08-23,PYPL.OQ,,,,,,0,,,,,,,,,,,,,,,,,,,
2000-08-24,PYPL.OQ,,,,,,0,,,,,,,,,,,,,,,,,,,
2000-08-25,PYPL.OQ,,,,,,0,,,,,,,,,,,,,,,,,,,
2000-08-28,PYPL.OQ,,,,,,0,,,,,,,,,,,,,,,,,,,
2000-08-29,PYPL.OQ,,,,,,0,,,,,,,,,,,,,,,,,,,
2000-08-30,PYPL.OQ,,,,,,0,,,,,,,,,,,,,,,,,,,
2000-08-31,PYPL.OQ,,,,,,0,,,,,,,,,,,,,,,,,,,
2000-09-01,PYPL.OQ,,,,,,0,,,,,,,,,,,,,,,,,,,
2000-09-04,PYPL.OQ,,,,,,0,,,,,,,,,,,,,,,,,,,
2000-09-05,PYPL.OQ,,,,,,0,,,,,,,,,,,,,,,,,,,
2000-09-06,PYPL.OQ,,,,,,0,,,,,,,,,,,,,,,,,,,
2000-09-07,PYPL.OQ,,,,,,0,,,,,,,,,,,,,,,,,,,
2000-09-08,PYPL.OQ,,,,,,0,,,,,,,,,,,,,,,,,,,
2000-09-11,PYPL.OQ,,,,,,0,,,,,,,,,,,,,,,,,,,
2000-09-12,PYPL.OQ,,,,,,0,,,,,,,,,,,,,,,,,,,
2000-09-13,PYPL.OQ,,,,,,0,,,,,,,,,,,,,,,,,,,
2000-09-14,PYPL.OQ,,,,,,0,,,,,,,,,,,,,,,,,,,
2000-09-15,PYPL.OQ,,,,,,0,,,,,,,,,,,,,,,,,,,
2000-09-18,PYPL.OQ,,,,,,0,,,,,,,,,,,,,,,,,,,
2000-09-19,PYPL.OQ,,,,,,0,,,,,,,,,,,,,,,,,,,
2000-09-20,PYPL.OQ,,,,,,0,,,,,,,,,,,,,,,,,,,
2000-09-21,PYPL.OQ,,,,,,0,,,,,,,,,,,,,,,,,,,
2000-09-22,PYPL.OQ,,,,,,0,,,,,,,,,,,,,,,,,,,
2000-09-25,PYPL.OQ,,,,,,0,,,,,,,,,,,,,,,,,,,
2000-09-26,PYPL.OQ,,,,,,0,,,,,,,,,,,,,,,,,,,
2000-09-27,PYPL.OQ,,,,,,0,,,,,,,,,,,,,,,,,,,
2000-09-28,PYPL.OQ,,,,,,0,,,,,,,,,,,,,,,,,,,
2000-09-29,PYPL.OQ,,,,,,0,,,,,,,,,,,,,,,,,,,
2000-10-02,PYPL.OQ,,,,,,0,,,,,,,,,,,,,,,,,,,
2000-10-03,PYPL.OQ,,,,,,0,,,,,,,,,,,,,,,,,,,
2000-10-04,PYPL.OQ,,,,,,0,,,,,,,,,,,,,,,,,,,
2000-10-05,PYPL.OQ,,,,,,0,,,,,,,,,,,,,,,,,,,
2000-10-06,PYPL.OQ,,,,,,0,,,,,,,,,,,,,,,,,,,
2000-10-09,PYPL.OQ,,,,,,0,,,,,,,,,,,,,,,,,,,
2000-10-10,PYPL.OQ,,,,,,0,,,,,,,,,,,,,,,,,,,
2000-10-11,PYPL.OQ,,,,,,0,,,,,,,,,,,,,,,,,,,
2000-10-12,PYPL.OQ,,,,,,0,,,,,,,,,,,,,,,,,,,
2000-10-13,PYPL.OQ,,,,,,0,,,,,,,,,,,,,,,,,,,
2000-10-16,PYPL.OQ,,,,,,0,,,,,,,,,,,,,,,,,,,
2000-10-17,PYPL.OQ,,,,,,0,,,,,,,,,,,,,,,,,,,
2000-10-18,PYPL.OQ,,,,,,0,,,,,,,,,,,,,,,,,,,
2000-10-19,PYPL.OQ,,,,,,0,,,,,,,,,,,,,,,,,,,
2000-10-20,PYPL.OQ,,,,,,0,,,,,,,,,,,,,,,,,,,
2000-10-23,PYPL.OQ,,,,,,0,,,,,,,,,,,,,,,,,,,
2000-10-24,PYPL.OQ,,,,,,0,,,,,,,,,,,,,,,,,,,
2000-10-25,PYPL.OQ,,,,,,0,,,,,,,,,,,,,,,,,,,
2000-10-26,PYPL.OQ,,,,,,0,,,,,,,,,,,,,,,,,,,
2000-10-27,PYPL.OQ,,,,,,0,,,,,,,,,,,,,,,,,,,
2000-10-30,PYPL.OQ,,,,,,0,,,,,,,,,,,,,,,,,,,
2000-10-31,PYPL.OQ,,,,,,0,,,,,,,,,,,,,,,,,,,
2000-11-01,PYPL.OQ,,,,,,0,,,,,,,,,,,,,,,,,,,
2000-11-02,PYPL.OQ,,,,,,0,,,,,,,,,,,,,,,,,,,
2000-11-03,PYPL.OQ,,,,,,0,,,,,,,,,,,,,,,,,,,
2000-11-06,PYPL.OQ,,,,,,0,,,,,,,,,,,,,,,,,,,
2000-11-07,PYPL.OQ,,,,,,0,,,,,,,,,,,,,,,,,,,
2000-11-08,PYPL.OQ,,,,,,0,,,,,,,,,,,,,,,,,,,
2000-11-09,PYPL.OQ,,,,,,0,,,,,,,,,,,,,,,,,,,
2000-11-10,PYPL.OQ,,,,,,0,,,,,,,,,,,,,,,,,,,
2000-11-13,PYPL.OQ,,,,,,0,,,,,,,,,,,,,,,,,,,
2000-11-14,PYPL.OQ,,,,,,0,,,,,,,,,,,,,,,,,,,
2000-11-15,PYPL.OQ,,,,,,0,,,,,,,,,,,,,,,,,,,
2000-11-16,PYPL.OQ,,,,,,0,,,,,,,,,,,,,,,,,,,
2000-11-17,PYPL.OQ,,,,,,0,,,,,,,,,,,,,,,,,,,
2000-11-20,PYPL.OQ,,,,,,0,,,,,,,,,,,,,,,,,,,
2000-11-21,PYPL.OQ,,,,,,0,,,,,,,,,,,,,,,,,,,
2000-11-22,PYPL.OQ,,,,,,0,,,,,,,,,,,,,,,,,,,
2000-11-23,PYPL.OQ,,,,,,0,,,,,,,,,,,,,,,,,,,
2000-11-24,PYPL.OQ,,,,,,0,,,,,,,,,,,,,,,,,,,
2000-11-27,PYPL.OQ,,,,,,0,,,,,,,,,,,,,,,,,,,
2000-11-28,PYPL.OQ,,,,,,0,,,,,,,,,,,,,,,,,,,
2000-11-29,PYPL.OQ,,,,,,0,,,,,,,,,,,,,,,,,,,
2000-11-30,PYPL.OQ,,,,,,0,,,,,,,,,,,,,,,,,,,
2000-12-01,PYPL.OQ,,,,,,0,,,,,,,,,,,,,,,,,,,
2000-12-04,PYPL.OQ,,,,,,0,,,,,,,,,,,,,,,,,,,
2000-12-05,PYPL.OQ,,,,,,0,,,,,,,,,,,,,,,,,,,
2000-12-06,PYPL.OQ,,,,,,0,,,,,,,,,,,,,,,,,,,
2000-12-07,PYPL.OQ,,,,,,0,,,,,,,,,,,,,,,,,,,
2000-12-08,PYPL.OQ,,,,,,0,,,,,,,,,,,,,,,,,,,
2000-12-11,PYPL.OQ,,,,,,0,,,,,,,,,,,,,,,,,,,
2000-12-12,PYPL.OQ,,,,,,0,,,,,,,,,,,,,,,,,,,
2000-12-13,PYPL.OQ,,,,,,0,,,,,,,,,,,,,,,,,,,
2000-12-14,PYPL.OQ,,,,,,0,,,,,,,,,,,,,,,,,,,
2000-12-15,PYPL.OQ,,,,,,0,,,,,,,,,,,,,,,,,,,
2000-12-18,PYPL.OQ,,,,,,0,,,,,,,,,,,,,,,,,,,
2000-12-19,PYPL.OQ,,,,,,0,,,,,,,,,,,,,,,,,,,
2000-12-20,PYPL.OQ,,,,,,0,,,,,,,,,,,,,,,,,,,
2000-12-21,PYPL.OQ,,,,,,0,,,,,,,,,,,,,,,,,,,
2000-12-22,PYPL.OQ,,,,,,0,,,,,,,,,,,,,,,,,,,
2000-12-25,PYPL.OQ,,,,,,0,,,,,,,,,,,,,,,,,,,
2000-12-26,PYPL.OQ,,,,,,0,,,,,,,,,,,,,,,,,,,
2000-12-27,PYPL.OQ,,,,,,0,,,,,,,,,,,,,,,,,,,
2000-12-28,PYPL.OQ,,,,,,0,,,,,,,,,,,,,,,,,,,
2000-12-29,PYPL.OQ,,,,,,0,,,,,,,,,,,,,,,,,,,
2001-01-01,PYPL.OQ,,,,,,0,,,,,,,,,,,,,,,,,,,
2001-01-02,PYPL.OQ,,,,,,0,,,,,,,,,,,,,,,,,,,
2001-01-03,PYPL.OQ,,,,,,0,,,,,,,,,,,,,,,,,,,
2001-01-04,PYPL.OQ,,,,,,0,,,,,,,,,,,,,,,,,,,
2001-01-05,PYPL.OQ,,,,,,0,,,,,,,,,,,,,,,,,,,
2001-01-08,PYPL.OQ,,,,,,0,,,,,,,,,,,,,,,,,,,
2001-01-09,PYPL.OQ,,,,,,0,,,,,,,,,,,,,,,,,,,
2001-01-10,PYPL.OQ,,,,,,0,,,,,,,,,,,,,,,,,,,
2001-01-11,PYPL.OQ,,,,,,0,,,,,,,,,,,,,,,,,,,
2001-01-12,PYPL.OQ,,,,,,0,,,,,,,,,,,,,,,,,,,
2001-01-15,PYPL.OQ,,,,,,0,,,,,,,,,,,,,,,,,,,
2001-01-16,PYPL.OQ,,,,,,0,,,,,,,,,,,,,,,,,,,
2001-01-17,PYPL.OQ,,,,,,0,,,,,,,,,,,,,,,,,,,
2001-01-18,PYPL.OQ,,,,,,0,,,,,,,,,,,,,,,,,,,
2001-01-19,PYPL.OQ,,,,,,0,,,,,,,,,,,,,,,,,,,
2001-01-22,PYPL.OQ,,,,,,0,,,,,,,,,,,,,,,,,,,
2001-01-23,PYPL.OQ,,,,,,0,,,,,,,,,,,,,,,,,,,
2001-01-24,PYPL.OQ,,,,,,0,,,,,,,,,,,,,,,,,,,
2001-01-25,PYPL.OQ,,,,,,0,,,,,,,,,,,,,,,,,,,
2001-01-26,PYPL.OQ,,,,,,0,,,,,,,,,,,,,,,,,,,
2001-01-29,PYPL.OQ,,,,,,0,,,,,,,,,,,,,,,,,,,
2001-01-30,PYPL.OQ,,,,,,0,,,,,,,,,,,,,,,,,,,
2001-01-31,PYPL.OQ,,,,,,0,,,,,,,,,,,,,,,,,,,
2001-02-01,PYPL.OQ,,,,,,0,,,,,,,,,,,,,,,,,,,
2001-02-02,PYPL.OQ,,,,,,0,,,,,,,,,,,,,,,,,,,
2001-02-05,PYPL.OQ,,,,,,0,,,,,,,,,,,,,,,,,,,
2001-02-06,PYPL.OQ,,,,,,0,,,,,,,,,,,,,,,,,,,
2001-02-07,PYPL.OQ,,,,,,0,,,,,,,,,,,,,,,,,,,
2001-02-08,PYPL.OQ,,,,,,0,,,,,,,,,,,,,,,,,,,
2001-02-09,PYPL.OQ,,,,,,0,,,,,,,,,,,,,,,,,,,
2001-02-12,PYPL.OQ,,,,,,0,,,,,,,,,,,,,,,,,,,
2001-02-13,PYPL.OQ,,,,,,0,,,,,,,,,,,,,,,,,,,
2001-02-14,PYPL.OQ,,,,,,0,,,,,,,,,,,,,,,,,,,
2001-02-15,PYPL.OQ,,,,,,0,,,,,,,,,,,,,,,,,,,
2001-02-16,PYPL.OQ,,,,,,0,,,,,,,,,,,,,,,,,,,
2001-02-19,PYPL.OQ,,,,,,0,,,,,,,,,,,,,,,,,,,
2001-02-20,PYPL.OQ,,,,,,0,,,,,,,,,,,,,,,,,,,
2001-02-21,PYPL.OQ,,,,,,0,,,,,,,,,,,,,,,,,,,
2001-02-22,PYPL.OQ,,,,,,0,,,,,,,,,,,,,,,,,,,
2001-02-23,PYPL.OQ,,,,,,0,,,,,,,,,,,,,,,,,,,
2001-02-26,PYPL.OQ,,,,,,0,,,,,,,,,,,,,,,,,,,
2001-02-27,PYPL.OQ,,,,,,0,,,,,,,,,,,,,,,,,,,
2001-02-28,PYPL.OQ,,,,,,0,,,,,,,,,,,,,,,,,,,
2001-03-01,PYPL.OQ,,,,,,0,,,,,,,,,,,,,,,,,,,
2001-03-02,PYPL.OQ,,,,,,0,,,,,,,,,,,,,,,,,,,
2001-03-05,PYPL.OQ,,,,,,0,,,,,,,,,,,,,,,,,,,
2001-03-06,PYPL.OQ,,,,,,0,,,,,,,,,,,,,,,,,,,
2001-03-07,PYPL.OQ,,,,,,0,,,,,,,,,,,,,,,,,,,
2001-03-08,PYPL.OQ,,,,,,0,,,,,,,,,,,,,,,,,,,
2001-03-09,PYPL.OQ,,,,,,0,,,,,,,,,,,,,,,,,,,
2001-03-12,PYPL.OQ,,,,,,0,,,,,,,,,,,,,,,,,,,
2001-03-13,PYPL.OQ,,,,,,0,,,,,,,,,,,,,,,,,,,
2001-03-14,PYPL.OQ,,,,,,0,,,,,,,,,,,,,,,,,,,
2001-03-15,PYPL.OQ,,,,,,0,,,,,,,,,,,,,,,,,,,
2001-03-16,PYPL.OQ,,,,,,0,,,,,,,,,,,,,,,,,,,
2001-03-19,PYPL.OQ,,,,,,0,,,,,,,,,,,,,,,,,,,
2001-03-20,PYPL.OQ,,,,,,0,,,,,,,,,,,,,,,,,,,
2001-03-21,PYPL.OQ,,,,,,0,,,,,,,,,,,,,,,,,,,
2001-03-22,PYPL.OQ,,,,,,0,,,,,,,,,,,,,,,,,,,
2001-03-23,PYPL.OQ,,,,,,0,,,,,,,,,,,,,,,,,,,
2001-03-26,PYPL.OQ,,,,,,0,,,,,,,,,,,,,,,,,,,
2001-03-27,PYPL.OQ,,,,,,0,,,,,,,,,,,,,,,,,,,
2001-03-28,PYPL.OQ,,,,,,0,,,,,,,,,,,,,,,,,,,
2001-03-29,PYPL.OQ,,,,,,0,,,,,,,,,,,,,,,,,,,
2001-03-30,PYPL.OQ,,,,,,0,,,,,,,,,,,,,,,,,,,
2001-04-02,PYPL.OQ,,,,,,0,,,,,,,,,,,,,,,,,,,
2001-04-03,PYPL.OQ,,,,,,0,,,,,,,,,,,,,,,,,,,
2001-04-04,PYPL.OQ,,,,,,0,,,,,,,,,,,,,,,,,,,
2001-04-05,PYPL.OQ,,,,,,0,,,,,,,,,,,,,,,,,,,
2001-04-06,PYPL.OQ,,,,,,0,,,,,,,,,,,,,,,,,,,
2001-04-09,PYPL.OQ,,,,,,0,,,,,,,,,,,,,,,,,,,
2001-04-10,PYPL.OQ,,,,,,0,,,,,,,,,,,,,,,,,,,
2001-04-11,PYPL.OQ,,,,,,0,,,,,,,,,,,,,,,,,,,
2001-04-12,PYPL.OQ,,,,,,0,,,,,,,,,,,,,,,,,,,
2001-04-13,PYPL.OQ,,,,,,0,,,,,,,,,,,,,,,,,,,
2001-04-16,PYPL.OQ,,,,,,0,,,,,,,,,,,,,,,,,,,
2001-04-17,PYPL.OQ,,,,,,0,,,,,,,,,,,,,,,,,,,
2001-04-18,PYPL.OQ,,,,,,0,,,,,,,,,,,,,,,,,,,
2001-04-19,PYPL.OQ,,,,,,0,,,,,,,,,,,,,,,,,,,
2001-04-20,PYPL.OQ,,,,,,0,,,,,,,,,,,,,,,,,,,
2001-04-23,PYPL.OQ,,,,,,0,,,,,,,,,,,,,,,,,,,
2001-04-24,PYPL.OQ,,,,,,0,,,,,,,,,,,,,,,,,,,
2001-04-25,PYPL.OQ,,,,,,0,,,,,,,,,,,,,,,,,,,
2001-04-26,PYPL.OQ,,,,,,0,,,,,,,,,,,,,,,,,,,
2001-04-27,PYPL.OQ,,,,,,0,,,,,,,,,,,,,,,,,,,
2001-04-30,PYPL.OQ,,,,,,0,,,,,,,,,,,,,,,,,,,
2001-05-01,PYPL.OQ,,,,,,0,,,,,,,,,,,,,,,,,,,
2001-05-02,PYPL.OQ,,,,,,0,,,,,,,,,,,,,,,,,,,
2001-05-03,PYPL.OQ,,,,,,0,,,,,,,,,,,,,,,,,,,
2001-05-04,PYPL.OQ,,,,,,0,,,,,,,,,,,,,,,,,,,
2001-05-07,PYPL.OQ,,,,,,0,,,,,,,,,,,,,,,,,,,
2001-05-08,PYPL.OQ,,,,,,0,,,,,,,,,,,,,,,,,,,
2001-05-09,PYPL.OQ,,,,,,0,,,,,,,,,,,,,,,,,,,
2001-05-10,PYPL.OQ,,,,,,0,,,,,,,,,,,,,,,,,,,
2001-05-11,PYPL.OQ,,,,,,0,,,,,,,,,,,,,,,,,,,
2001-05-14,PYPL.OQ,,,,,,0,,,,,,,,,,,,,,,,,,,
2001-05-15,PYPL.OQ,,,,,,0,,,,,,,,,,,,,,,,,,,
2001-05-16,PYPL.OQ,,,,,,0,,,,,,,,,,,,,,,,,,,
2001-05-17,PYPL.OQ,,,,,,0,,,,,,,,,,,,,,,,,,,
2001-05-18,PYPL.OQ,,,,,,0,,,,,,,,,,,,,,,,,,,
2001-05-21,PYPL.OQ,,,,,,0,,,,,,,,,,,,,,,,,,,
2001-05-22,PYPL.OQ,,,,,,0,,,,,,,,,,,,,,,,,,,
2001-05-23,PYPL.OQ,,,,,,0,,,,,,,,,,,,,,,,,,,
2001-05-24,PYPL.OQ,,,,,,0,,,,,,,,,,,,,,,,,,,
2001-05-25,PYPL.OQ,,,,,,0,,,,,,,,,,,,,,,,,,,
2001-05-28,PYPL.OQ,,,,,,0,,,,,,,,,,,,,,,,,,,
2001-05-29,PYPL.OQ,,,,,,0,,,,,,,,,,,,,,,,,,,
2001-05-30,PYPL.OQ,,,,,,0,,,,,,,,,,,,,,,,,,,
2001-05-31,PYPL.OQ,,,,,,0,,,,,,,,,,,,,,,,,,,
2001-06-01,PYPL.OQ,,,,,,0,,,,,,,,,,,,,,,,,,,
2001-06-04,PYPL.OQ,,,,,,0,,,,,,,,,,,,,,,,,,,
2001-06-05,PYPL.OQ,,,,,,0,,,,,,,,,,,,,,,,,,,
2001-06-06,PYPL.OQ,,,,,,0,,,,,,,,,,,,,,,,,,,
2001-06-07,PYPL.OQ,,,,,,0,,,,,,,,,,,,,,,,,,,
2001-06-08,PYPL.OQ,,,,,,0,,,,,,,,,,,,,,,,,,,
2001-06-11,PYPL.OQ,,,,,,0,,,,,,,,,,,,,,,,,,,
2001-06-12,PYPL.OQ,,,,,,0,,,,,,,,,,,,,,,,,,,
2001-06-13,PYPL.OQ,,,,,,0,,,,,,,,,,,,,,,,,,,
2001-06-14,PYPL.OQ,,,,,,0,,,,,,,,,,,,,,,,,,,
2001-06-15,PYPL.OQ,,,,,,0,,,,,,,,,,,,,,,,,,,
2001-06-18,PYPL.OQ,,,,,,0,,,,,,,,,,,,,,,,,,,
2001-06-19,PYPL.OQ,,,,,,0,,,,,,,,,,,,,,,,,,,
2001-06-20,PYPL.OQ,,,,,,0,,,,,,,,,,,,,,,,,,,
2001-06-21,PYPL.OQ,,,,,,0,,,,,,,,,,,,,,,,,,,
2001-06-22,PYPL.OQ,,,,,,0,,,,,,,,,,,,,,,,,,,
2001-06-25,PYPL.OQ,,,,,,0,,,,,,,,,,,,,,,,,,,
2001-06-26,PYPL.OQ,,,,,,0,,,,,,,,,,,,,,,,,,,
2001-06-27,PYPL.OQ,,,,,,0,,,,,,,,,,,,,,,,,,,
2001-06-28,PYPL.OQ,,,,,,0,,,,,,,,,,,,,,,,,,,
2001-06-29,PYPL.OQ,,,,,,0,,,,,,,,,,,,,,,,,,,
2001-07-02,PYPL.OQ,,,,,,0,,,,,,,,,,,,,,,,,,,
2001-07-03,PYPL.OQ,,,,,,0,,,,,,,,,,,,,,,,,,,
2001-07-04,PYPL.OQ,,,,,,0,,,,,,,,,,,,,,,,,,,
2001-07-05,PYPL.OQ,,,,,,0,,,,,,,,,,,,,,,,,,,
2001-07-06,PYPL.OQ,,,,,,0,,,,,,,,,,,,,,,,,,,
2001-07-09,PYPL.OQ,,,,,,0,,,,,,,,,,,,,,,,,,,
2001-07-10,PYPL.OQ,,,,,,0,,,,,,,,,,,,,,,,,,,
2001-07-11,PYPL.OQ,,,,,,0,,,,,,,,,,,,,,,,,,,
2001-07-12,PYPL.OQ,,,,,,0,,,,,,,,,,,,,,,,,,,
2001-07-13,PYPL.OQ,,,,,,0,,,,,,,,,,,,,,,,,,,
2001-07-16,PYPL.OQ,,,,,,0,,,,,,,,,,,,,,,,,,,
2001-07-17,PYPL.OQ,,,,,,0,,,,,,,,,,,,,,,,,,,
2001-07-18,PYPL.OQ,,,,,,0,,,,,,,,,,,,,,,,,,,
2001-07-19,PYPL.OQ,,,,,,0,,,,,,,,,,,,,,,,,,,
2001-07-20,PYPL.OQ,,,,,,0,,,,,,,,,,,,,,,,,,,
2001-07-23,PYPL.OQ,,,,,,0,,,,,,,,,,,,,,,,,,,
2001-07-24,PYPL.OQ,,,,,,0,,,,,,,,,,,,,,,,,,,
2001-07-25,PYPL.OQ,,,,,,0,,,,,,,,,,,,,,,,,,,
2001-07-26,PYPL.OQ,,,,,,0,,,,,,,,,,,,,,,,,,,
2001-07-27,PYPL.OQ,,,,,,0,,,,,,,,,,,,,,,,,,,
2001-07-30,PYPL.OQ,,,,,,0,,,,,,,,,,,,,,,,,,,
2001-07-31,PYPL.OQ,,,,,,0,,,,,,,,,,,,,,,,,,,
2001-08-01,PYPL.OQ,,,,,,0,,,,,,,,,,,,,,,,,,,
2001-08-02,PYPL.OQ,,,,,,0,,,,,,,,,,,,,,,,,,,
2001-08-03,PYPL.OQ,,,,,,0,,,,,,,,,,,,,,,,,,,
2001-08-06,PYPL.OQ,,,,,,0,,,,,,,,,,,,,,,,,,,
2001-08-07,PYPL.OQ,,,,,,0,,,,,,,,,,,,,,,,,,,
2001-08-08,PYPL.OQ,,,,,,0,,,,,,,,,,,,,,,,,,,
2001-08-09,PYPL.OQ,,,,,,0,,,,,,,,,,,,,,,,,,,
2001-08-10,PYPL.OQ,,,,,,0,,,,,,,,,,,,,,,,,,,
2001-08-13,PYPL.OQ,,,,,,0,,,,,,,,,,,,,,,,,,,
2001-08-14,PYPL.OQ,,,,,,0,,,,,,,,,,,,,,,,,,,
2001-08-15,PYPL.OQ,,,,,,0,,,,,,,,,,,,,,,,,,,
2001-08-16,PYPL.OQ,,,,,,0,,,,,,,,,,,,,,,,,,,
2001-08-17,PYPL.OQ,,,,,,0,,,,,,,,,,,,,,,,,,,
2001-08-20,PYPL.OQ,,,,,,0,,,,,,,,,,,,,,,,,,,
2001-08-21,PYPL.OQ,,,,,,0,,,,,,,,,,,,,,,,,,,
2001-08-22,PYPL.OQ,,,,,,0,,,,,,,,,,,,,,,,,,,
2001-08-23,PYPL.OQ,,,,,,0,,,,,,,,,,,,,,,,,,,
2001-08-24,PYPL.OQ,,,,,,0,,,,,,,,,,,,,,,,,,,
2001-08-27,PYPL.OQ,,,,,,0,,,,,,,,,,,,,,,,,,,
2001-08-28,PYPL.OQ,,,,,,0,,,,,,,,,,,,,,,,,,,
2001-08-29,PYPL.OQ,,,,,,0,,,,,,,,,,,,,,,,,,,
2001-08-30,PYPL.OQ,,,,,,0,,,,,,,,,,,,,,,,,,,
2001-08-31,PYPL.OQ,,,,,,0,,,,,,,,,,,,,,,,,,,
2001-09-03,PYPL.OQ,,,,,,0,,,,,,,,,,,,,,,,,,,
2001-09-04,PYPL.OQ,,,,,,0,,,,,,,,,,,,,,,,,,,
2001-09-05,PYPL.OQ,,,,,,0,,,,,,,,,,,,,,,,,,,
2001-09-06,PYPL.OQ,,,,,,0,,,,,,,,,,,,,,,,,,,
2001-09-07,PYPL.OQ,,,,,,0,,,,,,,,,,,,,,,,,,,
2001-09-10,PYPL.OQ,,,,,,0,,,,,,,,,,,,,,,,,,,
2001-09-17,PYPL.OQ,,,,,,0,,,,,,,,,,,,,,,,,,,
2001-09-18,PYPL.OQ,,,,,,0,,,,,,,,,,,,,,,,,,,
2001-09-19,PYPL.OQ,,,,,,0,,,,,,,,,,,,,,,,,,,
2001-09-20,PYPL.OQ,,,,,,0,,,,,,,,,,,,,,,,,,,
2001-09-21,PYPL.OQ,,,,,,0,,,,,,,,,,,,,,,,,,,
2001-09-24,PYPL.OQ,,,,,,0,,,,,,,,,,,,,,,,,,,
2001-09-25,PYPL.OQ,,,,,,0,,,,,,,,,,,,,,,,,,,
2001-09-26,PYPL.OQ,,,,,,0,,,,,,,,,,,,,,,,,,,
2001-09-27,PYPL.OQ,,,,,,0,,,,,,,,,,,,,,,,,,,
2001-09-28,PYPL.OQ,,,,,,0,,,,,,,,,,,,,,,,,,,
2001-10-01,PYPL.OQ,,,,,,0,,,,,,,,,,,,,,,,,,,
2001-10-02,PYPL.OQ,,,,,,0,,,,,,,,,,,,,,,,,,,
2001-10-03,PYPL.OQ,,,,,,0,,,,,,,,,,,,,,,,,,,
2001-10-04,PYPL.OQ,,,,,,0,,,,,,,,,,,,,,,,,,,
2001-10-05,PYPL.OQ,,,,,,0,,,,,,,,,,,,,,,,,,,
2001-10-08,PYPL.OQ,,,,,,0,,,,,,,,,,,,,,,,,,,
2001-10-09,PYPL.OQ,,,,,,0,,,,,,,,,,,,,,,,,,,
2001-10-10,PYPL.OQ,,,,,,0,,,,,,,,,,,,,,,,,,,
2001-10-11,PYPL.OQ,,,,,,0,,,,,,,,,,,,,,,,,,,
2001-10-12,PYPL.OQ,,,,,,0,,,,,,,,,,,,,,,,,,,
2001-10-15,PYPL.OQ,,,,,,0,,,,,,,,,,,,,,,,,,,
2001-10-16,PYPL.OQ,,,,,,0,,,,,,,,,,,,,,,,,,,
2001-10-17,PYPL.OQ,,,,,,0,,,,,,,,,,,,,,,,,,,
2001-10-18,PYPL.OQ,,,,,,0,,,,,,,,,,,,,,,,,,,
2001-10-19,PYPL.OQ,,,,,,0,,,,,,,,,,,,,,,,,,,
2001-10-22,PYPL.OQ,,,,,,0,,,,,,,,,,,,,,,,,,,
2001-10-23,PYPL.OQ,,,,,,0,,,,,,,,,,,,,,,,,,,
2001-10-24,PYPL.OQ,,,,,,0,,,,,,,,,,,,,,,,,,,
2001-10-25,PYPL.OQ,,,,,,0,,,,,,,,,,,,,,,,,,,
2001-10-26,PYPL.OQ,,,,,,0,,,,,,,,,,,,,,,,,,,
2001-10-29,PYPL.OQ,,,,,,0,,,,,,,,,,,,,,,,,,,
2001-10-30,PYPL.OQ,,,,,,0,,,,,,,,,,,,,,,,,,,
2001-10-31,PYPL.OQ,,,,,,0,,,,,,,,,,,,,,,,,,,
2001-11-01,PYPL.OQ,,,,,,0,,,,,,,,,,,,,,,,,,,
2001-11-02,PYPL.OQ,,,,,,0,,,,,,,,,,,,,,,,,,,
2001-11-05,PYPL.OQ,,,,,,0,,,,,,,,,,,,,,,,,,,
2001-11-06,PYPL.OQ,,,,,,0,,,,,,,,,,,,,,,,,,,
2001-11-07,PYPL.OQ,,,,,,0,,,,,,,,,,,,,,,,,,,
2001-11-08,PYPL.OQ,,,,,,0,,,,,,,,,,,,,,,,,,,
2001-11-09,PYPL.OQ,,,,,,0,,,,,,,,,,,,,,,,,,,
2001-11-12,PYPL.OQ,,,,,,0,,,,,,,,,,,,,,,,,,,
2001-11-13,PYPL.OQ,,,,,,0,,,,,,,,,,,,,,,,,,,
2001-11-14,PYPL.OQ,,,,,,0,,,,,,,,,,,,,,,,,,,
2001-11-15,PYPL.OQ,,,,,,0,,,,,,,,,,,,,,,,,,,
2001-11-16,PYPL.OQ,,,,,,0,,,,,,,,,,,,,,,,,,,
2001-11-19,PYPL.OQ,,,,,,0,,,,,,,,,,,,,,,,,,,
2001-11-20,PYPL.OQ,,,,,,0,,,,,,,,,,,,,,,,,,,
2001-11-21,PYPL.OQ,,,,,,0,,,,,,,,,,,,,,,,,,,
2001-11-22,PYPL.OQ,,,,,,0,,,,,,,,,,,,,,,,,,,
2001-11-23,PYPL.OQ,,,,,,0,,,,,,,,,,,,,,,,,,,
2001-11-26,PYPL.OQ,,,,,,0,,,,,,,,,,,,,,,,,,,
2001-11-27,PYPL.OQ,,,,,,0,,,,,,,,,,,,,,,,,,,
2001-11-28,PYPL.OQ,,,,,,0,,,,,,,,,,,,,,,,,,,
2001-11-29,PYPL.OQ,,,,,,0,,,,,,,,,,,,,,,,,,,
2001-11-30,PYPL.OQ,,,,,,0,,,,,,,,,,,,,,,,,,,
2001-12-03,PYPL.OQ,,,,,,0,,,,,,,,,,,,,,,,,,,
2001-12-04,PYPL.OQ,,,,,,0,,,,,,,,,,,,,,,,,,,
2001-12-05,PYPL.OQ,,,,,,0,,,,,,,,,,,,,,,,,,,
2001-12-06,PYPL.OQ,,,,,,0,,,,,,,,,,,,,,,,,,,
2001-12-07,PYPL.OQ,,,,,,0,,,,,,,,,,,,,,,,,,,
2001-12-10,PYPL.OQ,,,,,,0,,,,,,,,,,,,,,,,,,,
2001-12-11,PYPL.OQ,,,,,,0,,,,,,,,,,,,,,,,,,,
2001-12-12,PYPL.OQ,,,,,,0,,,,,,,,,,,,,,,,,,,
2001-12-13,PYPL.OQ,,,,,,0,,,,,,,,,,,,,,,,,,,
2001-12-14,PYPL.OQ,,,,,,0,,,,,,,,,,,,,,,,,,,
2001-12-17,PYPL.OQ,,,,,,0,,,,,,,,,,,,,,,,,,,
2001-12-18,PYPL.OQ,,,,,,0,,,,,,,,,,,,,,,,,,,
2001-12-19,PYPL.OQ,,,,,,0,,,,,,,,,,,,,,,,,,,
2001-12-20,PYPL.OQ,,,,,,0,,,,,,,,,,,,,,,,,,,
2001-12-21,PYPL.OQ,,,,,,0,,,,,,,,,,,,,,,,,,,
2001-12-24,PYPL.OQ,,,,,,0,,,,,,,,,,,,,,,,,,,
2001-12-25,PYPL.OQ,,,,,,0,,,,,,,,,,,,,,,,,,,
2001-12-26,PYPL.OQ,,,,,,0,,,,,,,,,,,,,,,,,,,
2001-12-27,PYPL.OQ,,,,,,0,,,,,,,,,,,,,,,,,,,
2001-12-28,PYPL.OQ,,,,,,0,,,,,,,,,,,,,,,,,,,
2001-12-31,PYPL.OQ,,,,,,0,,,,,,,,,,,,,,,,,,,
2002-01-01,PYPL.OQ,,,,,,0,,,,,,,,,,,,,,,,,,,
2002-01-02,PYPL.OQ,,,,,,0,,,,,,,,,,,,,,,,,,,
2002-01-03,PYPL.OQ,,,,,,0,,,,,,,,,,,,,,,,,,,
2002-01-04,PYPL.OQ,,,,,,0,,,,,,,,,,,,,,,,,,,
2002-01-07,PYPL.OQ,,,,,,0,,,,,,,,,,,,,,,,,,,
2002-01-08,PYPL.OQ,,,,,,0,,,,,,,,,,,,,,,,,,,
2002-01-09,PYPL.OQ,,,,,,0,,,,,,,,,,,,,,,,,,,
2002-01-10,PYPL.OQ,,,,,,0,,,,,,,,,,,,,,,,,,,
2002-01-11,PYPL.OQ,,,,,,0,,,,,,,,,,,,,,,,,,,
2002-01-14,PYPL.OQ,,,,,,0,,,,,,,,,,,,,,,,,,,
2002-01-15,PYPL.OQ,,,,,,0,,,,,,,,,,,,,,,,,,,
2002-01-16,PYPL.OQ,,,,,,0,,,,,,,,,,,,,,,,,,,
2002-01-17,PYPL.OQ,,,,,,0,,,,,,,,,,,,,,,,,,,
2002-01-18,PYPL.OQ,,,,,,0,,,,,,,,,,,,,,,,,,,
2002-01-21,PYPL.OQ,,,,,,0,,,,,,,,,,,,,,,,,,,
2002-01-22,PYPL.OQ,,,,,,0,,,,,,,,,,,,,,,,,,,
2002-01-23,PYPL.OQ,,,,,,0,,,,,,,,,,,,,,,,,,,
2002-01-24,PYPL.OQ,,,,,,0,,,,,,,,,,,,,,,,,,,
2002-01-25,PYPL.OQ,,,,,,0,,,,,,,,,,,,,,,,,,,
2002-01-28,PYPL.OQ,,,,,,0,,,,,,,,,,,,,,,,,,,
2002-01-29,PYPL.OQ,,,,,,0,,,,,,,,,,,,,,,,,,,
2002-01-30,PYPL.OQ,,,,,,0,,,,,,,,,,,,,,,,,,,
2002-01-31,PYPL.OQ,,,,,,0,,,,,,,,,,,,,,,,,,,
2002-02-01,PYPL.OQ,,,,,,0,,,,,,,,,,,,,,,,,,,
2002-02-04,PYPL.OQ,,,,,,0,,,,,,,,,,,,,,,,,,,
2002-02-05,PYPL.OQ,,,,,,0,,,,,,,,,,,,,,,,,,,
2002-02-06,PYPL.OQ,,,,,,0,,,,,,,,,,,,,,,,,,,
2002-02-07,PYPL.OQ,,,,,,0,,,,,,,,,,,,,,,,,,,
2002-02-08,PYPL.OQ,,,,,,0,,,,,,,,,,,,,,,,,,,
2002-02-11,PYPL.OQ,,,,,,0,,,,,,,,,,,,,,,,,,,
2002-02-12,PYPL.OQ,,,,,,0,,,,,,,,,,,,,,,,,,,
2002-02-13,PYPL.OQ,,,,,,0,,,,,,,,,,,,,,,,,,,
2002-02-14,PYPL.OQ,,,,,,0,,,,,,,,,,,,,,,,,,,
2002-02-15,PYPL.OQ,,,,,,0,,,,,,,,,,,,,,,,,,,
2002-02-18,PYPL.OQ,,,,,,0,,,,,,,,,,,,,,,,,,,
2002-02-19,PYPL.OQ,,,,,,0,,,,,,,,,,,,,,,,,,,
2002-02-20,PYPL.OQ,,,,,,0,,,,,,,,,,,,,,,,,,,
2002-02-21,PYPL.OQ,,,,,,0,,,,,,,,,,,,,,,,,,,
2002-02-22,PYPL.OQ,,,,,,0,,,,,,,,,,,,,,,,,,,
2002-02-25,PYPL.OQ,,,,,,0,,,,,,,,,,,,,,,,,,,
2002-02-26,PYPL.OQ,,,,,,0,,,,,,,,,,,,,,,,,,,
2002-02-27,PYPL.OQ,,,,,,0,,,,,,,,,,,,,,,,,,,
2002-02-28,PYPL.OQ,,,,,,0,,,,,,,,,,,,,,,,,,,
2002-03-01,PYPL.OQ,,,,,,0,,,,,,,,,,,,,,,,,,,
2002-03-04,PYPL.OQ,,,,,,0,,,,,,,,,,,,,,,,,,,
2002-03-05,PYPL.OQ,,,,,,0,,,,,,,,,,,,,,,,,,,
2002-03-06,PYPL.OQ,,,,,,0,,,,,,,,,,,,,,,,,,,
2002-03-07,PYPL.OQ,,,,,,0,,,,,,,,,,,,,,,,,,,
2002-03-08,PYPL.OQ,,,,,,0,,,,,,,,,,,,,,,,,,,
2002-03-11,PYPL.OQ,,,,,,0,,,,,,,,,,,,,,,,,,,
2002-03-12,PYPL.OQ,,,,,,0,,,,,,,,,,,,,,,,,,,
2002-03-13,PYPL.OQ,,,,,,0,,,,,,,,,,,,,,,,,,,
2002-03-14,PYPL.OQ,,,,,,0,,,,,,,,,,,,,,,,,,,
2002-03-15,PYPL.OQ,,,,,,0,,,,,,,,,,,,,,,,,,,
2002-03-18,PYPL.OQ,,,,,,0,,,,,,,,,,,,,,,,,,,
2002-03-19,PYPL.OQ,,,,,,0,,,,,,,,,,,,,,,,,,,
2002-03-20,PYPL.OQ,,,,,,0,,,,,,,,,,,,,,,,,,,
2002-03-21,PYPL.OQ,,,,,,0,,,,,,,,,,,,,,,,,,,
2002-03-22,PYPL.OQ,,,,,,0,,,,,,,,,,,,,,,,,,,
2002-03-25,PYPL.OQ,,,,,,0,,,,,,,,,,,,,,,,,,,
2002-03-26,PYPL.OQ,,,,,,0,,,,,,,,,,,,,,,,,,,
2002-03-27,PYPL.OQ,,,,,,0,,,,,,,,,,,,,,,,,,,
2002-03-28,PYPL.OQ,,,,,,0,,,,,,,,,,,,,,,,,,,
2002-03-29,PYPL.OQ,,,,,,0,,,,,,,,,,,,,,,,,,,
2002-04-01,PYPL.OQ,,,,,,0,,,,,,,,,,,,,,,,,,,
2002-04-02,PYPL.OQ,,,,,,0,,,,,,,,,,,,,,,,,,,
2002-04-03,PYPL.OQ,,,,,,0,,,,,,,,,,,,,,,,,,,
2002-04-04,PYPL.OQ,,,,,,0,,,,,,,,,,,,,,,,,,,
2002-04-05,PYPL.OQ,,,,,,0,,,,,,,,,,,,,,,,,,,
2002-04-08,PYPL.OQ,,,,,,0,,,,,,,,,,,,,,,,,,,
2002-04-09,PYPL.OQ,,,,,,0,,,,,,,,,,,,,,,,,,,
2002-04-10,PYPL.OQ,,,,,,0,,,,,,,,,,,,,,,,,,,
2002-04-11,PYPL.OQ,,,,,,0,,,,,,,,,,,,,,,,,,,
2002-04-12,PYPL.OQ,,,,,,0,,,,,,,,,,,,,,,,,,,
2002-04-15,PYPL.OQ,,,,,,0,,,,,,,,,,,,,,,,,,,
2002-04-16,PYPL.OQ,,,,,,0,,,,,,,,,,,,,,,,,,,
2002-04-17,PYPL.OQ,,,,,,0,,,,,,,,,,,,,,,,,,,
2002-04-18,PYPL.OQ,,,,,,0,,,,,,,,,,,,,,,,,,,
2002-04-19,PYPL.OQ,,,,,,0,,,,,,,,,,,,,,,,,,,
2002-04-22,PYPL.OQ,,,,,,0,,,,,,,,,,,,,,,,,,,
2002-04-23,PYPL.OQ,,,,,,0,,,,,,,,,,,,,,,,,,,
2002-04-24,PYPL.OQ,,,,,,0,,,,,,,,,,,,,,,,,,,
2002-04-25,PYPL.OQ,,,,,,0,,,,,,,,,,,,,,,,,,,
2002-04-26,PYPL.OQ,,,,,,0,,,,,,,,,,,,,,,,,,,
2002-04-29,PYPL.OQ,,,,,,0,,,,,,,,,,,,,,,,,,,
2002-04-30,PYPL.OQ,,,,,,0,,,,,,,,,,,,,,,,,,,
2002-05-01,PYPL.OQ,,,,,,0,,,,,,,,,,,,,,,,,,,
2002-05-02,PYPL.OQ,,,,,,0,,,,,,,,,,,,,,,,,,,
2002-05-03,PYPL.OQ,,,,,,0,,,,,,,,,,,,,,,,,,,
2002-05-06,PYPL.OQ,,,,,,0,,,,,,,,,,,,,,,,,,,
2002-05-07,PYPL.OQ,,,,,,0,,,,,,,,,,,,,,,,,,,
2002-05-08,PYPL.OQ,,,,,,0,,,,,,,,,,,,,,,,,,,
2002-05-09,PYPL.OQ,,,,,,0,,,,,,,,,,,,,,,,,,,
2002-05-10,PYPL.OQ,,,,,,0,,,,,,,,,,,,,,,,,,,
2002-05-13,PYPL.OQ,,,,,,0,,,,,,,,,,,,,,,,,,,
2002-05-14,PYPL.OQ,,,,,,0,,,,,,,,,,,,,,,,,,,
2002-05-15,PYPL.OQ,,,,,,0,,,,,,,,,,,,,,,,,,,
2002-05-16,PYPL.OQ,,,,,,0,,,,,,,,,,,,,,,,,,,
2002-05-17,PYPL.OQ,,,,,,0,,,,,,,,,,,,,,,,,,,
2002-05-20,PYPL.OQ,,,,,,0,,,,,,,,,,,,,,,,,,,
2002-05-21,PYPL.OQ,,,,,,0,,,,,,,,,,,,,,,,,,,
2002-05-22,PYPL.OQ,,,,,,0,,,,,,,,,,,,,,,,,,,
2002-05-23,PYPL.OQ,,,,,,0,,,,,,,,,,,,,,,,,,,
2002-05-24,PYPL.OQ,,,,,,0,,,,,,,,,,,,,,,,,,,
2002-05-27,PYPL.OQ,,,,,,0,,,,,,,,,,,,,,,,,,,
2002-05-28,PYPL.OQ,,,,,,0,,,,,,,,,,,,,,,,,,,
2002-05-29,PYPL.OQ,,,,,,0,,,,,,,,,,,,,,,,,,,
2002-05-30,PYPL.OQ,,,,,,0,,,,,,,,,,,,,,,,,,,
2002-05-31,PYPL.OQ,,,,,,0,,,,,,,,,,,,,,,,,,,
2002-06-03,PYPL.OQ,,,,,,0,,,,,,,,,,,,,,,,,,,
2002-06-04,PYPL.OQ,,,,,,0,,,,,,,,,,,,,,,,,,,
2002-06-05,PYPL.OQ,,,,,,0,,,,,,,,,,,,,,,,,,,
2002-06-06,PYPL.OQ,,,,,,0,,,,,,,,,,,,,,,,,,,
2002-06-07,PYPL.OQ,,,,,,0,,,,,,,,,,,,,,,,,,,
2002-06-10,PYPL.OQ,,,,,,0,,,,,,,,,,,,,,,,,,,
2002-06-11,PYPL.OQ,,,,,,0,,,,,,,,,,,,,,,,,,,
2002-06-12,PYPL.OQ,,,,,,0,,,,,,,,,,,,,,,,,,,
2002-06-13,PYPL.OQ,,,,,,0,,,,,,,,,,,,,,,,,,,
2002-06-14,PYPL.OQ,,,,,,0,,,,,,,,,,,,,,,,,,,
2002-06-17,PYPL.OQ,,,,,,0,,,,,,,,,,,,,,,,,,,
2002-06-18,PYPL.OQ,,,,,,0,,,,,,,,,,,,,,,,,,,
2002-06-19,PYPL.OQ,,,,,,0,,,,,,,,,,,,,,,,,,,
2002-06-20,PYPL.OQ,,,,,,0,,,,,,,,,,,,,,,,,,,
2002-06-21,PYPL.OQ,,,,,,0,,,,,,,,,,,,,,,,,,,
2002-06-24,PYPL.OQ,,,,,,0,,,,,,,,,,,,,,,,,,,
2002-06-25,PYPL.OQ,,,,,,0,,,,,,,,,,,,,,,,,,,
2002-06-26,PYPL.OQ,,,,,,0,,,,,,,,,,,,,,,,,,,
2002-06-27,PYPL.OQ,,,,,,0,,,,,,,,,,,,,,,,,,,
2002-06-28,PYPL.OQ,,,,,,0,,,,,,,,,,,,,,,,,,,
2002-07-01,PYPL.OQ,,,,,,0,,,,,,,,,,,,,,,,,,,
2002-07-02,PYPL.OQ,,,,,,0,,,,,,,,,,,,,,,,,,,
2002-07-03,PYPL.OQ,,,,,,0,,,,,,,,,,,,,,,,,,,
2002-07-04,PYPL.OQ,,,,,,0,,,,,,,,,,,,,,,,,,,
2002-07-05,PYPL.OQ,,,,,,0,,,,,,,,,,,,,,,,,,,
2002-07-08,PYPL.OQ,,,,,,0,,,,,,,,,,,,,,,,,,,
2002-07-09,PYPL.OQ,,,,,,0,,,,,,,,,,,,,,,,,,,
2002-07-10,PYPL.OQ,,,,,,0,,,,,,,,,,,,,,,,,,,
2002-07-11,PYPL.OQ,,,,,,0,,,,,,,,,,,,,,,,,,,
2002-07-12,PYPL.OQ,,,,,,0,,,,,,,,,,,,,,,,,,,
2002-07-15,PYPL.OQ,,,,,,0,,,,,,,,,,,,,,,,,,,
2002-07-16,PYPL.OQ,,,,,,0,,,,,,,,,,,,,,,,,,,
2002-07-17,PYPL.OQ,,,,,,0,,,,,,,,,,,,,,,,,,,
2002-07-18,PYPL.OQ,,,,,,0,,,,,,,,,,,,,,,,,,,
2002-07-19,PYPL.OQ,,,,,,0,,,,,,,,,,,,,,,,,,,
2002-07-22,PYPL.OQ,,,,,,0,,,,,,,,,,,,,,,,,,,
2002-07-23,PYPL.OQ,,,,,,0,,,,,,,,,,,,,,,,,,,
2002-07-24,PYPL.OQ,,,,,,0,,,,,,,,,,,,,,,,,,,
2002-07-25,PYPL.OQ,,,,,,0,,,,,,,,,,,,,,,,,,,
2002-07-26,PYPL.OQ,,,,,,0,,,,,,,,,,,,,,,,,,,
2002-07-29,PYPL.OQ,,,,,,0,,,,,,,,,,,,,,,,,,,
2002-07-30,PYPL.OQ,,,,,,0,,,,,,,,,,,,,,,,,,,
2002-07-31,PYPL.OQ,,,,,,0,,,,,,,,,,,,,,,,,,,
2002-08-01,PYPL.OQ,,,,,,0,,,,,,,,,,,,,,,,,,,
2002-08-02,PYPL.OQ,,,,,,0,,,,,,,,,,,,,,,,,,,
2002-08-05,PYPL.OQ,,,,,,0,,,,,,,,,,,,,,,,,,,
2002-08-06,PYPL.OQ,,,,,,0,,,,,,,,,,,,,,,,,,,
2002-08-07,PYPL.OQ,,,,,,0,,,,,,,,,,,,,,,,,,,
2002-08-08,PYPL.OQ,,,,,,0,,,,,,,,,,,,,,,,,,,
2002-08-09,PYPL.OQ,,,,,,0,,,,,,,,,,,,,,,,,,,
2002-08-12,PYPL.OQ,,,,,,0,,,,,,,,,,,,,,,,,,,
2002-08-13,PYPL.OQ,,,,,,0,,,,,,,,,,,,,,,,,,,
2002-08-14,PYPL.OQ,,,,,,0,,,,,,,,,,,,,,,,,,,
2002-08-15,PYPL.OQ,,,,,,0,,,,,,,,,,,,,,,,,,,
2002-08-16,PYPL.OQ,,,,,,0,,,,,,,,,,,,,,,,,,,
2002-08-19,PYPL.OQ,,,,,,0,,,,,,,,,,,,,,,,,,,
2002-08-20,PYPL.OQ,,,,,,0,,,,,,,,,,,,,,,,,,,
2002-08-21,PYPL.OQ,,,,,,0,,,,,,,,,,,,,,,,,,,
2002-08-22,PYPL.OQ,,,,,,0,,,,,,,,,,,,,,,,,,,
2002-08-23,PYPL.OQ,,,,,,0,,,,,,,,,,,,,,,,,,,
2002-08-26,PYPL.OQ,,,,,,0,,,,,,,,,,,,,,,,,,,
2002-08-27,PYPL.OQ,,,,,,0,,,,,,,,,,,,,,,,,,,
2002-08-28,PYPL.OQ,,,,,,0,,,,,,,,,,,,,,,,,,,
2002-08-29,PYPL.OQ,,,,,,0,,,,,,,,,,,,,,,,,,,
2002-08-30,PYPL.OQ,,,,,,0,,,,,,,,,,,,,,,,,,,
2002-09-02,PYPL.OQ,,,,,,0,,,,,,,,,,,,,,,,,,,
2002-09-03,PYPL.OQ,,,,,,0,,,,,,,,,,,,,,,,,,,
2002-09-04,PYPL.OQ,,,,,,0,,,,,,,,,,,,,,,,,,,
2002-09-05,PYPL.OQ,,,,,,0,,,,,,,,,,,,,,,,,,,
2002-09-06,PYPL.OQ,,,,,,0,,,,,,,,,,,,,,,,,,,
2002-09-09,PYPL.OQ,,,,,,0,,,,,,,,,,,,,,,,,,,
2002-09-10,PYPL.OQ,,,,,,0,,,,,,,,,,,,,,,,,,,
2002-09-11,PYPL.OQ,,,,,,0,,,,,,,,,,,,,,,,,,,
2002-09-12,PYPL.OQ,,,,,,0,,,,,,,,,,,,,,,,,,,
2002-09-13,PYPL.OQ,,,,,,0,,,,,,,,,,,,,,,,,,,
2002-09-16,PYPL.OQ,,,,,,0,,,,,,,,,,,,,,,,,,,
2002-09-17,PYPL.OQ,,,,,,0,,,,,,,,,,,,,,,,,,,
2002-09-18,PYPL.OQ,,,,,,0,,,,,,,,,,,,,,,,,,,
2002-09-19,PYPL.OQ,,,,,,0,,,,,,,,,,,,,,,,,,,
2002-09-20,PYPL.OQ,,,,,,0,,,,,,,,,,,,,,,,,,,
2002-09-23,PYPL.OQ,,,,,,0,,,,,,,,,,,,,,,,,,,
2002-09-24,PYPL.OQ,,,,,,0,,,,,,,,,,,,,,,,,,,
2002-09-25,PYPL.OQ,,,,,,0,,,,,,,,,,,,,,,,,,,
2002-09-26,PYPL.OQ,,,,,,0,,,,,,,,,,,,,,,,,,,
2002-09-27,PYPL.OQ,,,,,,0,,,,,,,,,,,,,,,,,,,
2002-09-30,PYPL.OQ,,,,,,0,,,,,,,,,,,,,,,,,,,
2002-10-01,PYPL.OQ,,,,,,0,,,,,,,,,,,,,,,,,,,
2002-10-02,PYPL.OQ,,,,,,0,,,,,,,,,,,,,,,,,,,
2002-10-03,PYPL.OQ,,,,,,0,,,,,,,,,,,,,,,,,,,
2002-10-04,PYPL.OQ,,,,,,0,,,,,,,,,,,,,,,,,,,
2002-10-07,PYPL.OQ,,,,,,0,,,,,,,,,,,,,,,,,,,
2002-10-08,PYPL.OQ,,,,,,0,,,,,,,,,,,,,,,,,,,
2002-10-09,PYPL.OQ,,,,,,0,,,,,,,,,,,,,,,,,,,
2002-10-10,PYPL.OQ,,,,,,0,,,,,,,,,,,,,,,,,,,
2002-10-11,PYPL.OQ,,,,,,0,,,,,,,,,,,,,,,,,,,
2002-10-14,PYPL.OQ,,,,,,0,,,,,,,,,,,,,,,,,,,
2002-10-15,PYPL.OQ,,,,,,0,,,,,,,,,,,,,,,,,,,
2002-10-16,PYPL.OQ,,,,,,0,,,,,,,,,,,,,,,,,,,
2002-10-17,PYPL.OQ,,,,,,0,,,,,,,,,,,,,,,,,,,
2002-10-18,PYPL.OQ,,,,,,0,,,,,,,,,,,,,,,,,,,
2002-10-21,PYPL.OQ,,,,,,0,,,,,,,,,,,,,,,,,,,
2002-10-22,PYPL.OQ,,,,,,0,,,,,,,,,,,,,,,,,,,
2002-10-23,PYPL.OQ,,,,,,0,,,,,,,,,,,,,,,,,,,
2002-10-24,PYPL.OQ,,,,,,0,,,,,,,,,,,,,,,,,,,
2002-10-25,PYPL.OQ,,,,,,0,,,,,,,,,,,,,,,,,,,
2002-10-28,PYPL.OQ,,,,,,0,,,,,,,,,,,,,,,,,,,
2002-10-29,PYPL.OQ,,,,,,0,,,,,,,,,,,,,,,,,,,
2002-10-30,PYPL.OQ,,,,,,0,,,,,,,,,,,,,,,,,,,
2002-10-31,PYPL.OQ,,,,,,0,,,,,,,,,,,,,,,,,,,
2002-11-01,PYPL.OQ,,,,,,0,,,,,,,,,,,,,,,,,,,
2002-11-04,PYPL.OQ,,,,,,0,,,,,,,,,,,,,,,,,,,
2002-11-05,PYPL.OQ,,,,,,0,,,,,,,,,,,,,,,,,,,
2002-11-06,PYPL.OQ,,,,,,0,,,,,,,,,,,,,,,,,,,
2002-11-07,PYPL.OQ,,,,,,0,,,,,,,,,,,,,,,,,,,
2002-11-08,PYPL.OQ,,,,,,0,,,,,,,,,,,,,,,,,,,
2002-11-11,PYPL.OQ,,,,,,0,,,,,,,,,,,,,,,,,,,
2002-11-12,PYPL.OQ,,,,,,0,,,,,,,,,,,,,,,,,,,
2002-11-13,PYPL.OQ,,,,,,0,,,,,,,,,,,,,,,,,,,
2002-11-14,PYPL.OQ,,,,,,0,,,,,,,,,,,,,,,,,,,
2002-11-15,PYPL.OQ,,,,,,0,,,,,,,,,,,,,,,,,,,
2002-11-18,PYPL.OQ,,,,,,0,,,,,,,,,,,,,,,,,,,
2002-11-19,PYPL.OQ,,,,,,0,,,,,,,,,,,,,,,,,,,
2002-11-20,PYPL.OQ,,,,,,0,,,,,,,,,,,,,,,,,,,
2002-11-21,PYPL.OQ,,,,,,0,,,,,,,,,,,,,,,,,,,
2002-11-22,PYPL.OQ,,,,,,0,,,,,,,,,,,,,,,,,,,
2002-11-25,PYPL.OQ,,,,,,0,,,,,,,,,,,,,,,,,,,
2002-11-26,PYPL.OQ,,,,,,0,,,,,,,,,,,,,,,,,,,
2002-11-27,PYPL.OQ,,,,,,0,,,,,,,,,,,,,,,,,,,
2002-11-28,PYPL.OQ,,,,,,0,,,,,,,,,,,,,,,,,,,
2002-11-29,PYPL.OQ,,,,,,0,,,,,,,,,,,,,,,,,,,
2002-12-02,PYPL.OQ,,,,,,0,,,,,,,,,,,,,,,,,,,
2002-12-03,PYPL.OQ,,,,,,0,,,,,,,,,,,,,,,,,,,
2002-12-04,PYPL.OQ,,,,,,0,,,,,,,,,,,,,,,,,,,
2002-12-05,PYPL.OQ,,,,,,0,,,,,,,,,,,,,,,,,,,
2002-12-06,PYPL.OQ,,,,,,0,,,,,,,,,,,,,,,,,,,
2002-12-09,PYPL.OQ,,,,,,0,,,,,,,,,,,,,,,,,,,
2002-12-10,PYPL.OQ,,,,,,0,,,,,,,,,,,,,,,,,,,
2002-12-11,PYPL.OQ,,,,,,0,,,,,,,,,,,,,,,,,,,
2002-12-12,PYPL.OQ,,,,,,0,,,,,,,,,,,,,,,,,,,
2002-12-13,PYPL.OQ,,,,,,0,,,,,,,,,,,,,,,,,,,
2002-12-16,PYPL.OQ,,,,,,0,,,,,,,,,,,,,,,,,,,
2002-12-17,PYPL.OQ,,,,,,0,,,,,,,,,,,,,,,,,,,
2002-12-18,PYPL.OQ,,,,,,0,,,,,,,,,,,,,,,,,,,
2002-12-19,PYPL.OQ,,,,,,0,,,,,,,,,,,,,,,,,,,
2002-12-20,PYPL.OQ,,,,,,0,,,,,,,,,,,,,,,,,,,
2002-12-23,PYPL.OQ,,,,,,0,,,,,,,,,,,,,,,,,,,
2002-12-24,PYPL.OQ,,,,,,0,,,,,,,,,,,,,,,,,,,
2002-12-25,PYPL.OQ,,,,,,0,,,,,,,,,,,,,,,,,,,
2002-12-26,PYPL.OQ,,,,,,0,,,,,,,,,,,,,,,,,,,
2002-12-27,PYPL.OQ,,,,,,0,,,,,,,,,,,,,,,,,,,
2002-12-30,PYPL.OQ,,,,,,0,,,,,,,,,,,,,,,,,,,
2002-12-31,PYPL.OQ,,,,,,0,,,,,,,,,,,,,,,,,,,
2003-01-01,PYPL.OQ,,,,,,0,,,,,,,,,,,,,,,,,,,
2003-01-02,PYPL.OQ,,,,,,0,,,,,,,,,,,,,,,,,,,
2003-01-03,PYPL.OQ,,,,,,0,,,,,,,,,,,,,,,,,,,
2003-01-06,PYPL.OQ,,,,,,0,,,,,,,,,,,,,,,,,,,
2003-01-07,PYPL.OQ,,,,,,0,,,,,,,,,,,,,,,,,,,
2003-01-08,PYPL.OQ,,,,,,0,,,,,,,,,,,,,,,,,,,
2003-01-09,PYPL.OQ,,,,,,0,,,,,,,,,,,,,,,,,,,
2003-01-10,PYPL.OQ,,,,,,0,,,,,,,,,,,,,,,,,,,
2003-01-13,PYPL.OQ,,,,,,0,,,,,,,,,,,,,,,,,,,
2003-01-14,PYPL.OQ,,,,,,0,,,,,,,,,,,,,,,,,,,
2003-01-15,PYPL.OQ,,,,,,0,,,,,,,,,,,,,,,,,,,
2003-01-16,PYPL.OQ,,,,,,0,,,,,,,,,,,,,,,,,,,
2003-01-17,PYPL.OQ,,,,,,0,,,,,,,,,,,,,,,,,,,
2003-01-20,PYPL.OQ,,,,,,0,,,,,,,,,,,,,,,,,,,
2003-01-21,PYPL.OQ,,,,,,0,,,,,,,,,,,,,,,,,,,
2003-01-22,PYPL.OQ,,,,,,0,,,,,,,,,,,,,,,,,,,
2003-01-23,PYPL.OQ,,,,,,0,,,,,,,,,,,,,,,,,,,
2003-01-24,PYPL.OQ,,,,,,0,,,,,,,,,,,,,,,,,,,
2003-01-27,PYPL.OQ,,,,,,0,,,,,,,,,,,,,,,,,,,
2003-01-28,PYPL.OQ,,,,,,0,,,,,,,,,,,,,,,,,,,
2003-01-29,PYPL.OQ,,,,,,0,,,,,,,,,,,,,,,,,,,
2003-01-30,PYPL.OQ,,,,,,0,,,,,,,,,,,,,,,,,,,
2003-01-31,PYPL.OQ,,,,,,0,,,,,,,,,,,,,,,,,,,
2003-02-03,PYPL.OQ,,,,,,0,,,,,,,,,,,,,,,,,,,
2003-02-04,PYPL.OQ,,,,,,0,,,,,,,,,,,,,,,,,,,
2003-02-05,PYPL.OQ,,,,,,0,,,,,,,,,,,,,,,,,,,
2003-02-06,PYPL.OQ,,,,,,0,,,,,,,,,,,,,,,,,,,
2003-02-07,PYPL.OQ,,,,,,0,,,,,,,,,,,,,,,,,,,
2003-02-10,PYPL.OQ,,,,,,0,,,,,,,,,,,,,,,,,,,
2003-02-11,PYPL.OQ,,,,,,0,,,,,,,,,,,,,,,,,,,
2003-02-12,PYPL.OQ,,,,,,0,,,,,,,,,,,,,,,,,,,
2003-02-13,PYPL.OQ,,,,,,0,,,,,,,,,,,,,,,,,,,
2003-02-14,PYPL.OQ,,,,,,0,,,,,,,,,,,,,,,,,,,
2003-02-17,PYPL.OQ,,,,,,0,,,,,,,,,,,,,,,,,,,
2003-02-18,PYPL.OQ,,,,,,0,,,,,,,,,,,,,,,,,,,
2003-02-19,PYPL.OQ,,,,,,0,,,,,,,,,,,,,,,,,,,
2003-02-20,PYPL.OQ,,,,,,0,,,,,,,,,,,,,,,,,,,
2003-02-21,PYPL.OQ,,,,,,0,,,,,,,,,,,,,,,,,,,
2003-02-24,PYPL.OQ,,,,,,0,,,,,,,,,,,,,,,,,,,
2003-02-25,PYPL.OQ,,,,,,0,,,,,,,,,,,,,,,,,,,
2003-02-26,PYPL.OQ,,,,,,0,,,,,,,,,,,,,,,,,,,
2003-02-27,PYPL.OQ,,,,,,0,,,,,,,,,,,,,,,,,,,
2003-02-28,PYPL.OQ,,,,,,0,,,,,,,,,,,,,,,,,,,
2003-03-03,PYPL.OQ,,,,,,0,,,,,,,,,,,,,,,,,,,
2003-03-04,PYPL.OQ,,,,,,0,,,,,,,,,,,,,,,,,,,
2003-03-05,PYPL.OQ,,,,,,0,,,,,,,,,,,,,,,,,,,
2003-03-06,PYPL.OQ,,,,,,0,,,,,,,,,,,,,,,,,,,
2003-03-07,PYPL.OQ,,,,,,0,,,,,,,,,,,,,,,,,,,
2003-03-10,PYPL.OQ,,,,,,0,,,,,,,,,,,,,,,,,,,
2003-03-11,PYPL.OQ,,,,,,0,,,,,,,,,,,,,,,,,,,
2003-03-12,PYPL.OQ,,,,,,0,,,,,,,,,,,,,,,,,,,
2003-03-13,PYPL.OQ,,,,,,0,,,,,,,,,,,,,,,,,,,
2003-03-14,PYPL.OQ,,,,,,0,,,,,,,,,,,,,,,,,,,
2003-03-17,PYPL.OQ,,,,,,0,,,,,,,,,,,,,,,,,,,
2003-03-18,PYPL.OQ,,,,,,0,,,,,,,,,,,,,,,,,,,
2003-03-19,PYPL.OQ,,,,,,0,,,,,,,,,,,,,,,,,,,
2003-03-20,PYPL.OQ,,,,,,0,,,,,,,,,,,,,,,,,,,
2003-03-21,PYPL.OQ,,,,,,0,,,,,,,,,,,,,,,,,,,
2003-03-24,PYPL.OQ,,,,,,0,,,,,,,,,,,,,,,,,,,
2003-03-25,PYPL.OQ,,,,,,0,,,,,,,,,,,,,,,,,,,
2003-03-26,PYPL.OQ,,,,,,0,,,,,,,,,,,,,,,,,,,
2003-03-27,PYPL.OQ,,,,,,0,,,,,,,,,,,,,,,,,,,
2003-03-28,PYPL.OQ,,,,,,0,,,,,,,,,,,,,,,,,,,
2003-03-31,PYPL.OQ,,,,,,0,,,,,,,,,,,,,,,,,,,
2003-04-01,PYPL.OQ,,,,,,0,,,,,,,,,,,,,,,,,,,
2003-04-02,PYPL.OQ,,,,,,0,,,,,,,,,,,,,,,,,,,
2003-04-03,PYPL.OQ,,,,,,0,,,,,,,,,,,,,,,,,,,
2003-04-04,PYPL.OQ,,,,,,0,,,,,,,,,,,,,,,,,,,
2003-04-07,PYPL.OQ,,,,,,0,,,,,,,,,,,,,,,,,,,
2003-04-08,PYPL.OQ,,,,,,0,,,,,,,,,,,,,,,,,,,
2003-04-09,PYPL.OQ,,,,,,0,,,,,,,,,,,,,,,,,,,
2003-04-10,PYPL.OQ,,,,,,0,,,,,,,,,,,,,,,,,,,
2003-04-11,PYPL.OQ,,,,,,0,,,,,,,,,,,,,,,,,,,
2003-04-14,PYPL.OQ,,,,,,0,,,,,,,,,,,,,,,,,,,
2003-04-15,PYPL.OQ,,,,,,0,,,,,,,,,,,,,,,,,,,
2003-04-16,PYPL.OQ,,,,,,0,,,,,,,,,,,,,,,,,,,
2003-04-17,PYPL.OQ,,,,,,0,,,,,,,,,,,,,,,,,,,
2003-04-18,PYPL.OQ,,,,,,0,,,,,,,,,,,,,,,,,,,
2003-04-21,PYPL.OQ,,,,,,0,,,,,,,,,,,,,,,,,,,
2003-04-22,PYPL.OQ,,,,,,0,,,,,,,,,,,,,,,,,,,
2003-04-23,PYPL.OQ,,,,,,0,,,,,,,,,,,,,,,,,,,
2003-04-24,PYPL.OQ,,,,,,0,,,,,,,,,,,,,,,,,,,
2003-04-25,PYPL.OQ,,,,,,0,,,,,,,,,,,,,,,,,,,
2003-04-28,PYPL.OQ,,,,,,0,,,,,,,,,,,,,,,,,,,
2003-04-29,PYPL.OQ,,,,,,0,,,,,,,,,,,,,,,,,,,
2003-04-30,PYPL.OQ,,,,,,0,,,,,,,,,,,,,,,,,,,
2003-05-01,PYPL.OQ,,,,,,0,,,,,,,,,,,,,,,,,,,
2003-05-02,PYPL.OQ,,,,,,0,,,,,,,,,,,,,,,,,,,
2003-05-05,PYPL.OQ,,,,,,0,,,,,,,,,,,,,,,,,,,
2003-05-06,PYPL.OQ,,,,,,0,,,,,,,,,,,,,,,,,,,
2003-05-07,PYPL.OQ,,,,,,0,,,,,,,,,,,,,,,,,,,
2003-05-08,PYPL.OQ,,,,,,0,,,,,,,,,,,,,,,,,,,
2003-05-09,PYPL.OQ,,,,,,0,,,,,,,,,,,,,,,,,,,
2003-05-12,PYPL.OQ,,,,,,0,,,,,,,,,,,,,,,,,,,
2003-05-13,PYPL.OQ,,,,,,0,,,,,,,,,,,,,,,,,,,
2003-05-14,PYPL.OQ,,,,,,0,,,,,,,,,,,,,,,,,,,
2003-05-15,PYPL.OQ,,,,,,0,,,,,,,,,,,,,,,,,,,
2003-05-16,PYPL.OQ,,,,,,0,,,,,,,,,,,,,,,,,,,
2003-05-19,PYPL.OQ,,,,,,0,,,,,,,,,,,,,,,,,,,
2003-05-20,PYPL.OQ,,,,,,0,,,,,,,,,,,,,,,,,,,
2003-05-21,PYPL.OQ,,,,,,0,,,,,,,,,,,,,,,,,,,
2003-05-22,PYPL.OQ,,,,,,0,,,,,,,,,,,,,,,,,,,
2003-05-23,PYPL.OQ,,,,,,0,,,,,,,,,,,,,,,,,,,
2003-05-26,PYPL.OQ,,,,,,0,,,,,,,,,,,,,,,,,,,
2003-05-27,PYPL.OQ,,,,,,0,,,,,,,,,,,,,,,,,,,
2003-05-28,PYPL.OQ,,,,,,0,,,,,,,,,,,,,,,,,,,
2003-05-29,PYPL.OQ,,,,,,0,,,,,,,,,,,,,,,,,,,
2003-05-30,PYPL.OQ,,,,,,0,,,,,,,,,,,,,,,,,,,
2003-06-02,PYPL.OQ,,,,,,0,,,,,,,,,,,,,,,,,,,
2003-06-03,PYPL.OQ,,,,,,0,,,,,,,,,,,,,,,,,,,
2003-06-04,PYPL.OQ,,,,,,0,,,,,,,,,,,,,,,,,,,
2003-06-05,PYPL.OQ,,,,,,0,,,,,,,,,,,,,,,,,,,
2003-06-06,PYPL.OQ,,,,,,0,,,,,,,,,,,,,,,,,,,
2003-06-09,PYPL.OQ,,,,,,0,,,,,,,,,,,,,,,,,,,
2003-06-10,PYPL.OQ,,,,,,0,,,,,,,,,,,,,,,,,,,
2003-06-11,PYPL.OQ,,,,,,0,,,,,,,,,,,,,,,,,,,
2003-06-12,PYPL.OQ,,,,,,0,,,,,,,,,,,,,,,,,,,
2003-06-13,PYPL.OQ,,,,,,0,,,,,,,,,,,,,,,,,,,
2003-06-16,PYPL.OQ,,,,,,0,,,,,,,,,,,,,,,,,,,
2003-06-17,PYPL.OQ,,,,,,0,,,,,,,,,,,,,,,,,,,
2003-06-18,PYPL.OQ,,,,,,0,,,,,,,,,,,,,,,,,,,
2003-06-19,PYPL.OQ,,,,,,0,,,,,,,,,,,,,,,,,,,
2003-06-20,PYPL.OQ,,,,,,0,,,,,,,,,,,,,,,,,,,
2003-06-23,PYPL.OQ,,,,,,0,,,,,,,,,,,,,,,,,,,
2003-06-24,PYPL.OQ,,,,,,0,,,,,,,,,,,,,,,,,,,
2003-06-25,PYPL.OQ,,,,,,0,,,,,,,,,,,,,,,,,,,
2003-06-26,PYPL.OQ,,,,,,0,,,,,,,,,,,,,,,,,,,
2003-06-27,PYPL.OQ,,,,,,0,,,,,,,,,,,,,,,,,,,
2003-06-30,PYPL.OQ,,,,,,0,,,,,,,,,,,,,,,,,,,
2003-07-01,PYPL.OQ,,,,,,0,,,,,,,,,,,,,,,,,,,
2003-07-02,PYPL.OQ,,,,,,0,,,,,,,,,,,,,,,,,,,
2003-07-03,PYPL.OQ,,,,,,0,,,,,,,,,,,,,,,,,,,
2003-07-04,PYPL.OQ,,,,,,0,,,,,,,,,,,,,,,,,,,
2003-07-07,PYPL.OQ,,,,,,0,,,,,,,,,,,,,,,,,,,
2003-07-08,PYPL.OQ,,,,,,0,,,,,,,,,,,,,,,,,,,
2003-07-09,PYPL.OQ,,,,,,0,,,,,,,,,,,,,,,,,,,
2003-07-10,PYPL.OQ,,,,,,0,,,,,,,,,,,,,,,,,,,
2003-07-11,PYPL.OQ,,,,,,0,,,,,,,,,,,,,,,,,,,
2003-07-14,PYPL.OQ,,,,,,0,,,,,,,,,,,,,,,,,,,
2003-07-15,PYPL.OQ,,,,,,0,,,,,,,,,,,,,,,,,,,
2003-07-16,PYPL.OQ,,,,,,0,,,,,,,,,,,,,,,,,,,
2003-07-17,PYPL.OQ,,,,,,0,,,,,,,,,,,,,,,,,,,
2003-07-18,PYPL.OQ,,,,,,0,,,,,,,,,,,,,,,,,,,
2003-07-21,PYPL.OQ,,,,,,0,,,,,,,,,,,,,,,,,,,
2003-07-22,PYPL.OQ,,,,,,0,,,,,,,,,,,,,,,,,,,
2003-07-23,PYPL.OQ,,,,,,0,,,,,,,,,,,,,,,,,,,
2003-07-24,PYPL.OQ,,,,,,0,,,,,,,,,,,,,,,,,,,
2003-07-25,PYPL.OQ,,,,,,0,,,,,,,,,,,,,,,,,,,
2003-07-28,PYPL.OQ,,,,,,0,,,,,,,,,,,,,,,,,,,
2003-07-29,PYPL.OQ,,,,,,0,,,,,,,,,,,,,,,,,,,
2003-07-30,PYPL.OQ,,,,,,0,,,,,,,,,,,,,,,,,,,
2003-07-31,PYPL.OQ,,,,,,0,,,,,,,,,,,,,,,,,,,
2003-08-01,PYPL.OQ,,,,,,0,,,,,,,,,,,,,,,,,,,
2003-08-04,PYPL.OQ,,,,,,0,,,,,,,,,,,,,,,,,,,
2003-08-05,PYPL.OQ,,,,,,0,,,,,,,,,,,,,,,,,,,
2003-08-06,PYPL.OQ,,,,,,0,,,,,,,,,,,,,,,,,,,
2003-08-07,PYPL.OQ,,,,,,0,,,,,,,,,,,,,,,,,,,
2003-08-08,PYPL.OQ,,,,,,0,,,,,,,,,,,,,,,,,,,
2003-08-11,PYPL.OQ,,,,,,0,,,,,,,,,,,,,,,,,,,
2003-08-12,PYPL.OQ,,,,,,0,,,,,,,,,,,,,,,,,,,
2003-08-13,PYPL.OQ,,,,,,0,,,,,,,,,,,,,,,,,,,
2003-08-14,PYPL.OQ,,,,,,0,,,,,,,,,,,,,,,,,,,
2003-08-15,PYPL.OQ,,,,,,0,,,,,,,,,,,,,,,,,,,
2003-08-18,PYPL.OQ,,,,,,0,,,,,,,,,,,,,,,,,,,
2003-08-19,PYPL.OQ,,,,,,0,,,,,,,,,,,,,,,,,,,
2003-08-20,PYPL.OQ,,,,,,0,,,,,,,,,,,,,,,,,,,
2003-08-21,PYPL.OQ,,,,,,0,,,,,,,,,,,,,,,,,,,
2003-08-22,PYPL.OQ,,,,,,0,,,,,,,,,,,,,,,,,,,
2003-08-25,PYPL.OQ,,,,,,0,,,,,,,,,,,,,,,,,,,
2003-08-26,PYPL.OQ,,,,,,0,,,,,,,,,,,,,,,,,,,
2003-08-27,PYPL.OQ,,,,,,0,,,,,,,,,,,,,,,,,,,
2003-08-28,PYPL.OQ,,,,,,0,,,,,,,,,,,,,,,,,,,
2003-08-29,PYPL.OQ,,,,,,0,,,,,,,,,,,,,,,,,,,
2003-09-01,PYPL.OQ,,,,,,0,,,,,,,,,,,,,,,,,,,
2003-09-02,PYPL.OQ,,,,,,0,,,,,,,,,,,,,,,,,,,
2003-09-03,PYPL.OQ,,,,,,0,,,,,,,,,,,,,,,,,,,
2003-09-04,PYPL.OQ,,,,,,0,,,,,,,,,,,,,,,,,,,
2003-09-05,PYPL.OQ,,,,,,0,,,,,,,,,,,,,,,,,,,
2003-09-08,PYPL.OQ,,,,,,0,,,,,,,,,,,,,,,,,,,
2003-09-09,PYPL.OQ,,,,,,0,,,,,,,,,,,,,,,,,,,
2003-09-10,PYPL.OQ,,,,,,0,,,,,,,,,,,,,,,,,,,
2003-09-11,PYPL.OQ,,,,,,0,,,,,,,,,,,,,,,,,,,
2003-09-12,PYPL.OQ,,,,,,0,,,,,,,,,,,,,,,,,,,
2003-09-15,PYPL.OQ,,,,,,0,,,,,,,,,,,,,,,,,,,
2003-09-16,PYPL.OQ,,,,,,0,,,,,,,,,,,,,,,,,,,
2003-09-17,PYPL.OQ,,,,,,0,,,,,,,,,,,,,,,,,,,
2003-09-18,PYPL.OQ,,,,,,0,,,,,,,,,,,,,,,,,,,
2003-09-19,PYPL.OQ,,,,,,0,,,,,,,,,,,,,,,,,,,
2003-09-22,PYPL.OQ,,,,,,0,,,,,,,,,,,,,,,,,,,
2003-09-23,PYPL.OQ,,,,,,0,,,,,,,,,,,,,,,,,,,
2003-09-24,PYPL.OQ,,,,,,0,,,,,,,,,,,,,,,,,,,
2003-09-25,PYPL.OQ,,,,,,0,,,,,,,,,,,,,,,,,,,
2003-09-26,PYPL.OQ,,,,,,0,,,,,,,,,,,,,,,,,,,
2003-09-29,PYPL.OQ,,,,,,0,,,,,,,,,,,,,,,,,,,
2003-09-30,PYPL.OQ,,,,,,0,,,,,,,,,,,,,,,,,,,
2003-10-01,PYPL.OQ,,,,,,0,,,,,,,,,,,,,,,,,,,
2003-10-02,PYPL.OQ,,,,,,0,,,,,,,,,,,,,,,,,,,
2003-10-03,PYPL.OQ,,,,,,0,,,,,,,,,,,,,,,,,,,
2003-10-06,PYPL.OQ,,,,,,0,,,,,,,,,,,,,,,,,,,
2003-10-07,PYPL.OQ,,,,,,0,,,,,,,,,,,,,,,,,,,
2003-10-08,PYPL.OQ,,,,,,0,,,,,,,,,,,,,,,,,,,
2003-10-09,PYPL.OQ,,,,,,0,,,,,,,,,,,,,,,,,,,
2003-10-10,PYPL.OQ,,,,,,0,,,,,,,,,,,,,,,,,,,
2003-10-13,PYPL.OQ,,,,,,0,,,,,,,,,,,,,,,,,,,
2003-10-14,PYPL.OQ,,,,,,0,,,,,,,,,,,,,,,,,,,
2003-10-15,PYPL.OQ,,,,,,0,,,,,,,,,,,,,,,,,,,
2003-10-16,PYPL.OQ,,,,,,0,,,,,,,,,,,,,,,,,,,
2003-10-17,PYPL.OQ,,,,,,0,,,,,,,,,,,,,,,,,,,
2003-10-20,PYPL.OQ,,,,,,0,,,,,,,,,,,,,,,,,,,
2003-10-21,PYPL.OQ,,,,,,0,,,,,,,,,,,,,,,,,,,
2003-10-22,PYPL.OQ,,,,,,0,,,,,,,,,,,,,,,,,,,
2003-10-23,PYPL.OQ,,,,,,0,,,,,,,,,,,,,,,,,,,
2003-10-24,PYPL.OQ,,,,,,0,,,,,,,,,,,,,,,,,,,
2003-10-27,PYPL.OQ,,,,,,0,,,,,,,,,,,,,,,,,,,
2003-10-28,PYPL.OQ,,,,,,0,,,,,,,,,,,,,,,,,,,
2003-10-29,PYPL.OQ,,,,,,0,,,,,,,,,,,,,,,,,,,
2003-10-30,PYPL.OQ,,,,,,0,,,,,,,,,,,,,,,,,,,
2003-10-31,PYPL.OQ,,,,,,0,,,,,,,,,,,,,,,,,,,
2003-11-03,PYPL.OQ,,,,,,0,,,,,,,,,,,,,,,,,,,
2003-11-04,PYPL.OQ,,,,,,0,,,,,,,,,,,,,,,,,,,
2003-11-05,PYPL.OQ,,,,,,0,,,,,,,,,,,,,,,,,,,
2003-11-06,PYPL.OQ,,,,,,0,,,,,,,,,,,,,,,,,,,
2003-11-07,PYPL.OQ,,,,,,0,,,,,,,,,,,,,,,,,,,
2003-11-10,PYPL.OQ,,,,,,0,,,,,,,,,,,,,,,,,,,
2003-11-11,PYPL.OQ,,,,,,0,,,,,,,,,,,,,,,,,,,
2003-11-12,PYPL.OQ,,,,,,0,,,,,,,,,,,,,,,,,,,
2003-11-13,PYPL.OQ,,,,,,0,,,,,,,,,,,,,,,,,,,
2003-11-14,PYPL.OQ,,,,,,0,,,,,,,,,,,,,,,,,,,
2003-11-17,PYPL.OQ,,,,,,0,,,,,,,,,,,,,,,,,,,
2003-11-18,PYPL.OQ,,,,,,0,,,,,,,,,,,,,,,,,,,
2003-11-19,PYPL.OQ,,,,,,0,,,,,,,,,,,,,,,,,,,
2003-11-20,PYPL.OQ,,,,,,0,,,,,,,,,,,,,,,,,,,
2003-11-21,PYPL.OQ,,,,,,0,,,,,,,,,,,,,,,,,,,
2003-11-24,PYPL.OQ,,,,,,0,,,,,,,,,,,,,,,,,,,
2003-11-25,PYPL.OQ,,,,,,0,,,,,,,,,,,,,,,,,,,
2003-11-26,PYPL.OQ,,,,,,0,,,,,,,,,,,,,,,,,,,
2003-11-27,PYPL.OQ,,,,,,0,,,,,,,,,,,,,,,,,,,
2003-11-28,PYPL.OQ,,,,,,0,,,,,,,,,,,,,,,,,,,
2003-12-01,PYPL.OQ,,,,,,0,,,,,,,,,,,,,,,,,,,
2003-12-02,PYPL.OQ,,,,,,0,,,,,,,,,,,,,,,,,,,
2003-12-03,PYPL.OQ,,,,,,0,,,,,,,,,,,,,,,,,,,
2003-12-04,PYPL.OQ,,,,,,0,,,,,,,,,,,,,,,,,,,
2003-12-05,PYPL.OQ,,,,,,0,,,,,,,,,,,,,,,,,,,
2003-12-08,PYPL.OQ,,,,,,0,,,,,,,,,,,,,,,,,,,
2003-12-09,PYPL.OQ,,,,,,0,,,,,,,,,,,,,,,,,,,
2003-12-10,PYPL.OQ,,,,,,0,,,,,,,,,,,,,,,,,,,
2003-12-11,PYPL.OQ,,,,,,0,,,,,,,,,,,,,,,,,,,
2003-12-12,PYPL.OQ,,,,,,0,,,,,,,,,,,,,,,,,,,
2003-12-15,PYPL.OQ,,,,,,0,,,,,,,,,,,,,,,,,,,
2003-12-16,PYPL.OQ,,,,,,0,,,,,,,,,,,,,,,,,,,
2003-12-17,PYPL.OQ,,,,,,0,,,,,,,,,,,,,,,,,,,
2003-12-18,PYPL.OQ,,,,,,0,,,,,,,,,,,,,,,,,,,
2003-12-19,PYPL.OQ,,,,,,0,,,,,,,,,,,,,,,,,,,
2003-12-22,PYPL.OQ,,,,,,0,,,,,,,,,,,,,,,,,,,
2003-12-23,PYPL.OQ,,,,,,0,,,,,,,,,,,,,,,,,,,
2003-12-24,PYPL.OQ,,,,,,0,,,,,,,,,,,,,,,,,,,
2003-12-25,PYPL.OQ,,,,,,0,,,,,,,,,,,,,,,,,,,
2003-12-26,PYPL.OQ,,,,,,0,,,,,,,,,,,,,,,,,,,
2003-12-29,PYPL.OQ,,,,,,0,,,,,,,,,,,,,,,,,,,
2003-12-30,PYPL.OQ,,,,,,0,,,,,,,,,,,,,,,,,,,
2003-12-31,PYPL.OQ,,,,,,0,,,,,,,,,,,,,,,,,,,
2004-01-01,PYPL.OQ,,,,,,0,,,,,,,,,,,,,,,,,,,
2004-01-02,PYPL.OQ,,,,,,0,,,,,,,,,,,,,,,,,,,
2004-01-05,PYPL.OQ,,,,,,0,,,,,,,,,,,,,,,,,,,
2004-01-06,PYPL.OQ,,,,,,0,,,,,,,,,,,,,,,,,,,
2004-01-07,PYPL.OQ,,,,,,0,,,,,,,,,,,,,,,,,,,
2004-01-08,PYPL.OQ,,,,,,0,,,,,,,,,,,,,,,,,,,
2004-01-09,PYPL.OQ,,,,,,0,,,,,,,,,,,,,,,,,,,
2004-01-12,PYPL.OQ,,,,,,0,,,,,,,,,,,,,,,,,,,
2004-01-13,PYPL.OQ,,,,,,0,,,,,,,,,,,,,,,,,,,
2004-01-14,PYPL.OQ,,,,,,0,,,,,,,,,,,,,,,,,,,
2004-01-15,PYPL.OQ,,,,,,0,,,,,,,,,,,,,,,,,,,
2004-01-16,PYPL.OQ,,,,,,0,,,,,,,,,,,,,,,,,,,
2004-01-19,PYPL.OQ,,,,,,0,,,,,,,,,,,,,,,,,,,
2004-01-20,PYPL.OQ,,,,,,0,,,,,,,,,,,,,,,,,,,
2004-01-21,PYPL.OQ,,,,,,0,,,,,,,,,,,,,,,,,,,
2004-01-22,PYPL.OQ,,,,,,0,,,,,,,,,,,,,,,,,,,
2004-01-23,PYPL.OQ,,,,,,0,,,,,,,,,,,,,,,,,,,
2004-01-26,PYPL.OQ,,,,,,0,,,,,,,,,,,,,,,,,,,
2004-01-27,PYPL.OQ,,,,,,0,,,,,,,,,,,,,,,,,,,
2004-01-28,PYPL.OQ,,,,,,0,,,,,,,,,,,,,,,,,,,
2004-01-29,PYPL.OQ,,,,,,0,,,,,,,,,,,,,,,,,,,
2004-01-30,PYPL.OQ,,,,,,0,,,,,,,,,,,,,,,,,,,
2004-02-02,PYPL.OQ,,,,,,0,,,,,,,,,,,,,,,,,,,
2004-02-03,PYPL.OQ,,,,,,0,,,,,,,,,,,,,,,,,,,
2004-02-04,PYPL.OQ,,,,,,0,,,,,,,,,,,,,,,,,,,
2004-02-05,PYPL.OQ,,,,,,0,,,,,,,,,,,,,,,,,,,
2004-02-06,PYPL.OQ,,,,,,0,,,,,,,,,,,,,,,,,,,
2004-02-09,PYPL.OQ,,,,,,0,,,,,,,,,,,,,,,,,,,
2004-02-10,PYPL.OQ,,,,,,0,,,,,,,,,,,,,,,,,,,
2004-02-11,PYPL.OQ,,,,,,0,,,,,,,,,,,,,,,,,,,
2004-02-12,PYPL.OQ,,,,,,0,,,,,,,,,,,,,,,,,,,
2004-02-13,PYPL.OQ,,,,,,0,,,,,,,,,,,,,,,,,,,
2004-02-16,PYPL.OQ,,,,,,0,,,,,,,,,,,,,,,,,,,
2004-02-17,PYPL.OQ,,,,,,0,,,,,,,,,,,,,,,,,,,
2004-02-18,PYPL.OQ,,,,,,0,,,,,,,,,,,,,,,,,,,
2004-02-19,PYPL.OQ,,,,,,0,,,,,,,,,,,,,,,,,,,
2004-02-20,PYPL.OQ,,,,,,0,,,,,,,,,,,,,,,,,,,
2004-02-23,PYPL.OQ,,,,,,0,,,,,,,,,,,,,,,,,,,
2004-02-24,PYPL.OQ,,,,,,0,,,,,,,,,,,,,,,,,,,
2004-02-25,PYPL.OQ,,,,,,0,,,,,,,,,,,,,,,,,,,
2004-02-26,PYPL.OQ,,,,,,0,,,,,,,,,,,,,,,,,,,
2004-02-27,PYPL.OQ,,,,,,0,,,,,,,,,,,,,,,,,,,
2004-03-01,PYPL.OQ,,,,,,0,,,,,,,,,,,,,,,,,,,
2004-03-02,PYPL.OQ,,,,,,0,,,,,,,,,,,,,,,,,,,
2004-03-03,PYPL.OQ,,,,,,0,,,,,,,,,,,,,,,,,,,
2004-03-04,PYPL.OQ,,,,,,0,,,,,,,,,,,,,,,,,,,
2004-03-05,PYPL.OQ,,,,,,0,,,,,,,,,,,,,,,,,,,
2004-03-08,PYPL.OQ,,,,,,0,,,,,,,,,,,,,,,,,,,
2004-03-09,PYPL.OQ,,,,,,0,,,,,,,,,,,,,,,,,,,
2004-03-10,PYPL.OQ,,,,,,0,,,,,,,,,,,,,,,,,,,
2004-03-11,PYPL.OQ,,,,,,0,,,,,,,,,,,,,,,,,,,
2004-03-12,PYPL.OQ,,,,,,0,,,,,,,,,,,,,,,,,,,
2004-03-15,PYPL.OQ,,,,,,0,,,,,,,,,,,,,,,,,,,
2004-03-16,PYPL.OQ,,,,,,0,,,,,,,,,,,,,,,,,,,
2004-03-17,PYPL.OQ,,,,,,0,,,,,,,,,,,,,,,,,,,
2004-03-18,PYPL.OQ,,,,,,0,,,,,,,,,,,,,,,,,,,
2004-03-19,PYPL.OQ,,,,,,0,,,,,,,,,,,,,,,,,,,
2004-03-22,PYPL.OQ,,,,,,0,,,,,,,,,,,,,,,,,,,
2004-03-23,PYPL.OQ,,,,,,0,,,,,,,,,,,,,,,,,,,
2004-03-24,PYPL.OQ,,,,,,0,,,,,,,,,,,,,,,,,,,
2004-03-25,PYPL.OQ,,,,,,0,,,,,,,,,,,,,,,,,,,
2004-03-26,PYPL.OQ,,,,,,0,,,,,,,,,,,,,,,,,,,
2004-03-30,PYPL.OQ,,,,,,0,,,,,,,,,,,,,,,,,,,
2004-03-31,PYPL.OQ,,,,,,0,,,,,,,,,,,,,,,,,,,
2004-04-01,PYPL.OQ,,,,,,0,,,,,,,,,,,,,,,,,,,
2004-04-02,PYPL.OQ,,,,,,0,,,,,,,,,,,,,,,,,,,
2004-04-05,PYPL.OQ,,,,,,0,,,,,,,,,,,,,,,,,,,
2004-04-06,PYPL.OQ,,,,,,0,,,,,,,,,,,,,,,,,,,
2004-04-07,PYPL.OQ,,,,,,0,,,,,,,,,,,,,,,,,,,
2004-04-08,PYPL.OQ,,,,,,0,,,,,,,,,,,,,,,,,,,
2004-04-12,PYPL.OQ,,,,,,0,,,,,,,,,,,,,,,,,,,
2004-04-13,PYPL.OQ,,,,,,0,,,,,,,,,,,,,,,,,,,
2004-04-14,PYPL.OQ,,,,,,0,,,,,,,,,,,,,,,,,,,
2004-04-15,PYPL.OQ,,,,,,0,,,,,,,,,,,,,,,,,,,
2004-04-16,PYPL.OQ,,,,,,0,,,,,,,,,,,,,,,,,,,
2004-04-19,PYPL.OQ,,,,,,0,,,,,,,,,,,,,,,,,,,
2004-04-20,PYPL.OQ,,,,,,0,,,,,,,,,,,,,,,,,,,
2004-04-21,PYPL.OQ,,,,,,0,,,,,,,,,,,,,,,,,,,
2004-04-22,PYPL.OQ,,,,,,0,,,,,,,,,,,,,,,,,,,
2004-04-23,PYPL.OQ,,,,,,0,,,,,,,,,,,,,,,,,,,
2004-04-26,PYPL.OQ,,,,,,0,,,,,,,,,,,,,,,,,,,
2004-04-27,PYPL.OQ,,,,,,0,,,,,,,,,,,,,,,,,,,
2004-04-28,PYPL.OQ,,,,,,0,,,,,,,,,,,,,,,,,,,
2004-04-29,PYPL.OQ,,,,,,0,,,,,,,,,,,,,,,,,,,
2004-04-30,PYPL.OQ,,,,,,0,,,,,,,,,,,,,,,,,,,
2004-05-03,PYPL.OQ,,,,,,0,,,,,,,,,,,,,,,,,,,
2004-05-04,PYPL.OQ,,,,,,0,,,,,,,,,,,,,,,,,,,
2004-05-05,PYPL.OQ,,,,,,0,,,,,,,,,,,,,,,,,,,
2004-05-06,PYPL.OQ,,,,,,0,,,,,,,,,,,,,,,,,,,
2004-05-07,PYPL.OQ,,,,,,0,,,,,,,,,,,,,,,,,,,
2004-05-10,PYPL.OQ,,,,,,0,,,,,,,,,,,,,,,,,,,
2004-05-11,PYPL.OQ,,,,,,0,,,,,,,,,,,,,,,,,,,
2004-05-12,PYPL.OQ,,,,,,0,,,,,,,,,,,,,,,,,,,
2004-05-13,PYPL.OQ,,,,,,0,,,,,,,,,,,,,,,,,,,
2004-05-14,PYPL.OQ,,,,,,0,,,,,,,,,,,,,,,,,,,
2004-05-17,PYPL.OQ,,,,,,0,,,,,,,,,,,,,,,,,,,
2004-05-18,PYPL.OQ,,,,,,0,,,,,,,,,,,,,,,,,,,
2004-05-19,PYPL.OQ,,,,,,0,,,,,,,,,,,,,,,,,,,
2004-05-20,PYPL.OQ,,,,,,0,,,,,,,,,,,,,,,,,,,
2004-05-21,PYPL.OQ,,,,,,0,,,,,,,,,,,,,,,,,,,
2004-05-24,PYPL.OQ,,,,,,0,,,,,,,,,,,,,,,,,,,
2004-05-25,PYPL.OQ,,,,,,0,,,,,,,,,,,,,,,,,,,
2004-05-26,PYPL.OQ,,,,,,0,,,,,,,,,,,,,,,,,,,
2004-05-27,PYPL.OQ,,,,,,0,,,,,,,,,,,,,,,,,,,
2004-05-28,PYPL.OQ,,,,,,0,,,,,,,,,,,,,,,,,,,
2004-05-31,PYPL.OQ,,,,,,0,,,,,,,,,,,,,,,,,,,
2004-06-01,PYPL.OQ,,,,,,0,,,,,,,,,,,,,,,,,,,
2004-06-02,PYPL.OQ,,,,,,0,,,,,,,,,,,,,,,,,,,
2004-06-03,PYPL.OQ,,,,,,0,,,,,,,,,,,,,,,,,,,
2004-06-04,PYPL.OQ,,,,,,0,,,,,,,,,,,,,,,,,,,
2004-06-07,PYPL.OQ,,,,,,0,,,,,,,,,,,,,,,,,,,
2004-06-08,PYPL.OQ,,,,,,0,,,,,,,,,,,,,,,,,,,
2004-06-09,PYPL.OQ,,,,,,0,,,,,,,,,,,,,,,,,,,
2004-06-10,PYPL.OQ,,,,,,0,,,,,,,,,,,,,,,,,,,
2004-06-14,PYPL.OQ,,,,,,0,,,,,,,,,,,,,,,,,,,
2004-06-15,PYPL.OQ,,,,,,0,,,,,,,,,,,,,,,,,,,
2004-06-16,PYPL.OQ,,,,,,0,,,,,,,,,,,,,,,,,,,
2004-06-17,PYPL.OQ,,,,,,0,,,,,,,,,,,,,,,,,,,
2004-06-18,PYPL.OQ,,,,,,0,,,,,,,,,,,,,,,,,,,
2004-06-21,PYPL.OQ,,,,,,0,,,,,,,,,,,,,,,,,,,
2004-06-22,PYPL.OQ,,,,,,0,,,,,,,,,,,,,,,,,,,
2004-06-23,PYPL.OQ,,,,,,0,,,,,,,,,,,,,,,,,,,
2004-06-24,PYPL.OQ,,,,,,0,,,,,,,,,,,,,,,,,,,
2004-06-25,PYPL.OQ,,,,,,0,,,,,,,,,,,,,,,,,,,
2004-06-28,PYPL.OQ,,,,,,0,,,,,,,,,,,,,,,,,,,
2004-06-29,PYPL.OQ,,,,,,0,,,,,,,,,,,,,,,,,,,
2004-06-30,PYPL.OQ,,,,,,0,,,,,,,,,,,,,,,,,,,
2004-07-01,PYPL.OQ,,,,,,0,,,,,,,,,,,,,,,,,,,
2004-07-02,PYPL.OQ,,,,,,0,,,,,,,,,,,,,,,,,,,
2004-07-05,PYPL.OQ,,,,,,0,,,,,,,,,,,,,,,,,,,
2004-07-06,PYPL.OQ,,,,,,0,,,,,,,,,,,,,,,,,,,
2004-07-07,PYPL.OQ,,,,,,0,,,,,,,,,,,,,,,,,,,
2004-07-08,PYPL.OQ,,,,,,0,,,,,,,,,,,,,,,,,,,
2004-07-09,PYPL.OQ,,,,,,0,,,,,,,,,,,,,,,,,,,
2004-07-12,PYPL.OQ,,,,,,0,,,,,,,,,,,,,,,,,,,
2004-07-13,PYPL.OQ,,,,,,0,,,,,,,,,,,,,,,,,,,
2004-07-14,PYPL.OQ,,,,,,0,,,,,,,,,,,,,,,,,,,
2004-07-15,PYPL.OQ,,,,,,0,,,,,,,,,,,,,,,,,,,
2004-07-16,PYPL.OQ,,,,,,0,,,,,,,,,,,,,,,,,,,
2004-07-19,PYPL.OQ,,,,,,0,,,,,,,,,,,,,,,,,,,
2004-07-20,PYPL.OQ,,,,,,0,,,,,,,,,,,,,,,,,,,
2004-07-21,PYPL.OQ,,,,,,0,,,,,,,,,,,,,,,,,,,
2004-07-22,PYPL.OQ,,,,,,0,,,,,,,,,,,,,,,,,,,
2004-07-23,PYPL.OQ,,,,,,0,,,,,,,,,,,,,,,,,,,
2004-07-26,PYPL.OQ,,,,,,0,,,,,,,,,,,,,,,,,,,
2004-07-27,PYPL.OQ,,,,,,0,,,,,,,,,,,,,,,,,,,
2004-07-28,PYPL.OQ,,,,,,0,,,,,,,,,,,,,,,,,,,
2004-07-29,PYPL.OQ,,,,,,0,,,,,,,,,,,,,,,,,,,
2004-07-30,PYPL.OQ,,,,,,0,,,,,,,,,,,,,,,,,,,
2004-08-02,PYPL.OQ,,,,,,0,,,,,,,,,,,,,,,,,,,
2004-08-03,PYPL.OQ,,,,,,0,,,,,,,,,,,,,,,,,,,
2004-08-04,PYPL.OQ,,,,,,0,,,,,,,,,,,,,,,,,,,
2004-08-05,PYPL.OQ,,,,,,0,,,,,,,,,,,,,,,,,,,
2004-08-06,PYPL.OQ,,,,,,0,,,,,,,,,,,,,,,,,,,
2004-08-09,PYPL.OQ,,,,,,0,,,,,,,,,,,,,,,,,,,
2004-08-10,PYPL.OQ,,,,,,0,,,,,,,,,,,,,,,,,,,
2004-08-11,PYPL.OQ,,,,,,0,,,,,,,,,,,,,,,,,,,
2004-08-12,PYPL.OQ,,,,,,0,,,,,,,,,,,,,,,,,,,
2004-08-13,PYPL.OQ,,,,,,0,,,,,,,,,,,,,,,,,,,
2004-08-16,PYPL.OQ,,,,,,0,,,,,,,,,,,,,,,,,,,
2004-08-17,PYPL.OQ,,,,,,0,,,,,,,,,,,,,,,,,,,
2004-08-18,PYPL.OQ,,,,,,0,,,,,,,,,,,,,,,,,,,
2004-08-19,PYPL.OQ,,,,,,0,,,,,,,,,,,,,,,,,,,
2004-08-20,PYPL.OQ,,,,,,0,,,,,,,,,,,,,,,,,,,
2004-08-23,PYPL.OQ,,,,,,0,,,,,,,,,,,,,,,,,,,
2004-08-24,PYPL.OQ,,,,,,0,,,,,,,,,,,,,,,,,,,
2004-08-25,PYPL.OQ,,,,,,0,,,,,,,,,,,,,,,,,,,
2004-08-26,PYPL.OQ,,,,,,0,,,,,,,,,,,,,,,,,,,
2004-08-27,PYPL.OQ,,,,,,0,,,,,,,,,,,,,,,,,,,
2004-08-30,PYPL.OQ,,,,,,0,,,,,,,,,,,,,,,,,,,
2004-08-31,PYPL.OQ,,,,,,0,,,,,,,,,,,,,,,,,,,
2004-09-01,PYPL.OQ,,,,,,0,,,,,,,,,,,,,,,,,,,
2004-09-02,PYPL.OQ,,,,,,0,,,,,,,,,,,,,,,,,,,
2004-09-03,PYPL.OQ,,,,,,0,,,,,,,,,,,,,,,,,,,
2004-09-06,PYPL.OQ,,,,,,0,,,,,,,,,,,,,,,,,,,
2004-09-07,PYPL.OQ,,,,,,0,,,,,,,,,,,,,,,,,,,
2004-09-08,PYPL.OQ,,,,,,0,,,,,,,,,,,,,,,,,,,
2004-09-09,PYPL.OQ,,,,,,0,,,,,,,,,,,,,,,,,,,
2004-09-10,PYPL.OQ,,,,,,0,,,,,,,,,,,,,,,,,,,
2004-09-13,PYPL.OQ,,,,,,0,,,,,,,,,,,,,,,,,,,
2004-09-14,PYPL.OQ,,,,,,0,,,,,,,,,,,,,,,,,,,
2004-09-15,PYPL.OQ,,,,,,0,,,,,,,,,,,,,,,,,,,
2004-09-16,PYPL.OQ,,,,,,0,,,,,,,,,,,,,,,,,,,
2004-09-17,PYPL.OQ,,,,,,0,,,,,,,,,,,,,,,,,,,
2004-09-20,PYPL.OQ,,,,,,0,,,,,,,,,,,,,,,,,,,
2004-09-21,PYPL.OQ,,,,,,0,,,,,,,,,,,,,,,,,,,
2004-09-22,PYPL.OQ,,,,,,0,,,,,,,,,,,,,,,,,,,
2004-09-23,PYPL.OQ,,,,,,0,,,,,,,,,,,,,,,,,,,
2004-09-24,PYPL.OQ,,,,,,0,,,,,,,,,,,,,,,,,,,
2004-09-27,PYPL.OQ,,,,,,0,,,,,,,,,,,,,,,,,,,
2004-09-28,PYPL.OQ,,,,,,0,,,,,,,,,,,,,,,,,,,
2004-09-29,PYPL.OQ,,,,,,0,,,,,,,,,,,,,,,,,,,
2004-09-30,PYPL.OQ,,,,,,0,,,,,,,,,,,,,,,,,,,
2004-10-01,PYPL.OQ,,,,,,0,,,,,,,,,,,,,,,,,,,
2004-10-04,PYPL.OQ,,,,,,0,,,,,,,,,,,,,,,,,,,
2004-10-05,PYPL.OQ,,,,,,0,,,,,,,,,,,,,,,,,,,
2004-10-06,PYPL.OQ,,,,,,0,,,,,,,,,,,,,,,,,,,
2004-10-07,PYPL.OQ,,,,,,0,,,,,,,,,,,,,,,,,,,
2004-10-08,PYPL.OQ,,,,,,0,,,,,,,,,,,,,,,,,,,
2004-10-11,PYPL.OQ,,,,,,0,,,,,,,,,,,,,,,,,,,
2004-10-12,PYPL.OQ,,,,,,0,,,,,,,,,,,,,,,,,,,
2004-10-13,PYPL.OQ,,,,,,0,,,,,,,,,,,,,,,,,,,
2004-10-14,PYPL.OQ,,,,,,0,,,,,,,,,,,,,,,,,,,
2004-10-15,PYPL.OQ,,,,,,0,,,,,,,,,,,,,,,,,,,
2004-10-18,PYPL.OQ,,,,,,0,,,,,,,,,,,,,,,,,,,
2004-10-19,PYPL.OQ,,,,,,0,,,,,,,,,,,,,,,,,,,
2004-10-20,PYPL.OQ,,,,,,0,,,,,,,,,,,,,,,,,,,
2004-10-21,PYPL.OQ,,,,,,0,,,,,,,,,,,,,,,,,,,
2004-10-22,PYPL.OQ,,,,,,0,,,,,,,,,,,,,,,,,,,
2004-10-25,PYPL.OQ,,,,,,0,,,,,,,,,,,,,,,,,,,
2004-10-26,PYPL.OQ,,,,,,0,,,,,,,,,,,,,,,,,,,
2004-10-27,PYPL.OQ,,,,,,0,,,,,,,,,,,,,,,,,,,
2004-10-28,PYPL.OQ,,,,,,0,,,,,,,,,,,,,,,,,,,
2004-10-29,PYPL.OQ,,,,,,0,,,,,,,,,,,,,,,,,,,
2004-11-01,PYPL.OQ,,,,,,0,,,,,,,,,,,,,,,,,,,
2004-11-02,PYPL.OQ,,,,,,0,,,,,,,,,,,,,,,,,,,
2004-11-03,PYPL.OQ,,,,,,0,,,,,,,,,,,,,,,,,,,
2004-11-04,PYPL.OQ,,,,,,0,,,,,,,,,,,,,,,,,,,
2004-11-05,PYPL.OQ,,,,,,0,,,,,,,,,,,,,,,,,,,
2004-11-08,PYPL.OQ,,,,,,0,,,,,,,,,,,,,,,,,,,
2004-11-09,PYPL.OQ,,,,,,0,,,,,,,,,,,,,,,,,,,
2004-11-10,PYPL.OQ,,,,,,0,,,,,,,,,,,,,,,,,,,
2004-11-11,PYPL.OQ,,,,,,0,,,,,,,,,,,,,,,,,,,
2004-11-12,PYPL.OQ,,,,,,0,,,,,,,,,,,,,,,,,,,
2004-11-15,PYPL.OQ,,,,,,0,,,,,,,,,,,,,,,,,,,
2004-11-16,PYPL.OQ,,,,,,0,,,,,,,,,,,,,,,,,,,
2004-11-17,PYPL.OQ,,,,,,0,,,,,,,,,,,,,,,,,,,
2004-11-18,PYPL.OQ,,,,,,0,,,,,,,,,,,,,,,,,,,
2004-11-19,PYPL.OQ,,,,,,0,,,,,,,,,,,,,,,,,,,
2004-11-22,PYPL.OQ,,,,,,0,,,,,,,,,,,,,,,,,,,
2004-11-23,PYPL.OQ,,,,,,0,,,,,,,,,,,,,,,,,,,
2004-11-24,PYPL.OQ,,,,,,0,,,,,,,,,,,,,,,,,,,
2004-11-25,PYPL.OQ,,,,,,0,,,,,,,,,,,,,,,,,,,
2004-11-26,PYPL.OQ,,,,,,0,,,,,,,,,,,,,,,,,,,
2004-11-29,PYPL.OQ,,,,,,0,,,,,,,,,,,,,,,,,,,
2004-11-30,PYPL.OQ,,,,,,0,,,,,,,,,,,,,,,,,,,
2004-12-01,PYPL.OQ,,,,,,0,,,,,,,,,,,,,,,,,,,
2004-12-02,PYPL.OQ,,,,,,0,,,,,,,,,,,,,,,,,,,
2004-12-03,PYPL.OQ,,,,,,0,,,,,,,,,,,,,,,,,,,
2004-12-06,PYPL.OQ,,,,,,0,,,,,,,,,,,,,,,,,,,
2004-12-07,PYPL.OQ,,,,,,0,,,,,,,,,,,,,,,,,,,
2004-12-08,PYPL.OQ,,,,,,0,,,,,,,,,,,,,,,,,,,
2004-12-09,PYPL.OQ,,,,,,0,,,,,,,,,,,,,,,,,,,
2004-12-10,PYPL.OQ,,,,,,0,,,,,,,,,,,,,,,,,,,
2004-12-13,PYPL.OQ,,,,,,0,,,,,,,,,,,,,,,,,,,
2004-12-14,PYPL.OQ,,,,,,0,,,,,,,,,,,,,,,,,,,
2004-12-15,PYPL.OQ,,,,,,0,,,,,,,,,,,,,,,,,,,
2004-12-16,PYPL.OQ,,,,,,0,,,,,,,,,,,,,,,,,,,
2004-12-17,PYPL.OQ,,,,,,0,,,,,,,,,,,,,,,,,,,
2004-12-20,PYPL.OQ,,,,,,0,,,,,,,,,,,,,,,,,,,
2004-12-21,PYPL.OQ,,,,,,0,,,,,,,,,,,,,,,,,,,
2004-12-22,PYPL.OQ,,,,,,0,,,,,,,,,,,,,,,,,,,
2004-12-23,PYPL.OQ,,,,,,0,,,,,,,,,,,,,,,,,,,
2004-12-24,PYPL.OQ,,,,,,0,,,,,,,,,,,,,,,,,,,
2004-12-27,PYPL.OQ,,,,,,0,,,,,,,,,,,,,,,,,,,
2004-12-28,PYPL.OQ,,,,,,0,,,,,,,,,,,,,,,,,,,
2004-12-29,PYPL.OQ,,,,,,0,,,,,,,,,,,,,,,,,,,
2004-12-30,PYPL.OQ,,,,,,0,,,,,,,,,,,,,,,,,,,
2004-12-31,PYPL.OQ,,,,,,0,,,,,,,,,,,,,,,,,,,
2005-01-03,PYPL.OQ,,,,,,0,,,,,,,,,,,,,,,,,,,
2005-01-04,PYPL.OQ,,,,,,0,,,,,,,,,,,,,,,,,,,
2005-01-05,PYPL.OQ,,,,,,0,,,,,,,,,,,,,,,,,,,
2005-01-06,PYPL.OQ,,,,,,0,,,,,,,,,,,,,,,,,,,
2005-01-07,PYPL.OQ,,,,,,0,,,,,,,,,,,,,,,,,,,
2005-01-10,PYPL.OQ,,,,,,0,,,,,,,,,,,,,,,,,,,
2005-01-11,PYPL.OQ,,,,,,0,,,,,,,,,,,,,,,,,,,
2005-01-12,PYPL.OQ,,,,,,0,,,,,,,,,,,,,,,,,,,
2005-01-13,PYPL.OQ,,,,,,0,,,,,,,,,,,,,,,,,,,
2005-01-14,PYPL.OQ,,,,,,0,,,,,,,,,,,,,,,,,,,
2005-01-18,PYPL.OQ,,,,,,0,,,,,,,,,,,,,,,,,,,
2005-01-19,PYPL.OQ,,,,,,0,,,,,,,,,,,,,,,,,,,
2005-01-20,PYPL.OQ,,,,,,0,,,,,,,,,,,,,,,,,,,
2005-01-21,PYPL.OQ,,,,,,0,,,,,,,,,,,,,,,,,,,
2005-01-24,PYPL.OQ,,,,,,0,,,,,,,,,,,,,,,,,,,
2005-01-25,PYPL.OQ,,,,,,0,,,,,,,,,,,,,,,,,,,
2005-01-26,PYPL.OQ,,,,,,0,,,,,,,,,,,,,,,,,,,
2005-01-27,PYPL.OQ,,,,,,0,,,,,,,,,,,,,,,,,,,
2005-01-28,PYPL.OQ,,,,,,0,,,,,,,,,,,,,,,,,,,
2005-01-31,PYPL.OQ,,,,,,0,,,,,,,,,,,,,,,,,,,
2005-02-01,PYPL.OQ,,,,,,0,,,,,,,,,,,,,,,,,,,
2005-02-02,PYPL.OQ,,,,,,0,,,,,,,,,,,,,,,,,,,
2005-02-03,PYPL.OQ,,,,,,0,,,,,,,,,,,,,,,,,,,
2005-02-04,PYPL.OQ,,,,,,0,,,,,,,,,,,,,,,,,,,
2005-02-07,PYPL.OQ,,,,,,0,,,,,,,,,,,,,,,,,,,
2005-02-08,PYPL.OQ,,,,,,0,,,,,,,,,,,,,,,,,,,
2005-02-09,PYPL.OQ,,,,,,0,,,,,,,,,,,,,,,,,,,
2005-02-10,PYPL.OQ,,,,,,0,,,,,,,,,,,,,,,,,,,
2005-02-11,PYPL.OQ,,,,,,0,,,,,,,,,,,,,,,,,,,
2005-02-14,PYPL.OQ,,,,,,0,,,,,,,,,,,,,,,,,,,
2005-02-15,PYPL.OQ,,,,,,0,,,,,,,,,,,,,,,,,,,
2005-02-16,PYPL.OQ,,,,,,0,,,,,,,,,,,,,,,,,,,
2005-02-17,PYPL.OQ,,,,,,0,,,,,,,,,,,,,,,,,,,
2005-02-18,PYPL.OQ,,,,,,0,,,,,,,,,,,,,,,,,,,
2005-02-22,PYPL.OQ,,,,,,0,,,,,,,,,,,,,,,,,,,
2005-02-23,PYPL.OQ,,,,,,0,,,,,,,,,,,,,,,,,,,
2005-02-24,PYPL.OQ,,,,,,0,,,,,,,,,,,,,,,,,,,
2005-02-25,PYPL.OQ,,,,,,0,,,,,,,,,,,,,,,,,,,
2005-02-28,PYPL.OQ,,,,,,0,,,,,,,,,,,,,,,,,,,
2005-03-01,PYPL.OQ,,,,,,0,,,,,,,,,,,,,,,,,,,
2005-03-02,PYPL.OQ,,,,,,0,,,,,,,,,,,,,,,,,,,
2005-03-03,PYPL.OQ,,,,,,0,,,,,,,,,,,,,,,,,,,
2005-03-04,PYPL.OQ,,,,,,0,,,,,,,,,,,,,,,,,,,
2005-03-07,PYPL.OQ,,,,,,0,,,,,,,,,,,,,,,,,,,
2005-03-08,PYPL.OQ,,,,,,0,,,,,,,,,,,,,,,,,,,
2005-03-09,PYPL.OQ,,,,,,0,,,,,,,,,,,,,,,,,,,
2005-03-10,PYPL.OQ,,,,,,0,,,,,,,,,,,,,,,,,,,
2005-03-11,PYPL.OQ,,,,,,0,,,,,,,,,,,,,,,,,,,
2005-03-14,PYPL.OQ,,,,,,0,,,,,,,,,,,,,,,,,,,
2005-03-15,PYPL.OQ,,,,,,0,,,,,,,,,,,,,,,,,,,
2005-03-16,PYPL.OQ,,,,,,0,,,,,,,,,,,,,,,,,,,
2005-03-17,PYPL.OQ,,,,,,0,,,,,,,,,,,,,,,,,,,
2005-03-18,PYPL.OQ,,,,,,0,,,,,,,,,,,,,,,,,,,
2005-03-21,PYPL.OQ,,,,,,0,,,,,,,,,,,,,,,,,,,
2005-03-22,PYPL.OQ,,,,,,0,,,,,,,,,,,,,,,,,,,
2005-03-23,PYPL.OQ,,,,,,0,,,,,,,,,,,,,,,,,,,
2005-03-24,PYPL.OQ,,,,,,0,,,,,,,,,,,,,,,,,,,
2005-03-28,PYPL.OQ,,,,,,0,,,,,,,,,,,,,,,,,,,
2005-03-29,PYPL.OQ,,,,,,0,,,,,,,,,,,,,,,,,,,
2005-03-30,PYPL.OQ,,,,,,0,,,,,,,,,,,,,,,,,,,
2005-03-31,PYPL.OQ,,,,,,0,,,,,,,,,,,,,,,,,,,
2005-04-01,PYPL.OQ,,,,,,0,,,,,,,,,,,,,,,,,,,
2005-04-04,PYPL.OQ,,,,,,0,,,,,,,,,,,,,,,,,,,
2005-04-05,PYPL.OQ,,,,,,0,,,,,,,,,,,,,,,,,,,
2005-04-06,PYPL.OQ,,,,,,0,,,,,,,,,,,,,,,,,,,
2005-04-07,PYPL.OQ,,,,,,0,,,,,,,,,,,,,,,,,,,
2005-04-08,PYPL.OQ,,,,,,0,,,,,,,,,,,,,,,,,,,
2005-04-11,PYPL.OQ,,,,,,0,,,,,,,,,,,,,,,,,,,
2005-04-12,PYPL.OQ,,,,,,0,,,,,,,,,,,,,,,,,,,
2005-04-13,PYPL.OQ,,,,,,0,,,,,,,,,,,,,,,,,,,
2005-04-14,PYPL.OQ,,,,,,0,,,,,,,,,,,,,,,,,,,
2005-04-15,PYPL.OQ,,,,,,0,,,,,,,,,,,,,,,,,,,
2005-04-18,PYPL.OQ,,,,,,0,,,,,,,,,,,,,,,,,,,
2005-04-19,PYPL.OQ,,,,,,0,,,,,,,,,,,,,,,,,,,
2005-04-20,PYPL.OQ,,,,,,0,,,,,,,,,,,,,,,,,,,
2005-04-21,PYPL.OQ,,,,,,0,,,,,,,,,,,,,,,,,,,
2005-04-22,PYPL.OQ,,,,,,0,,,,,,,,,,,,,,,,,,,
2005-04-25,PYPL.OQ,,,,,,0,,,,,,,,,,,,,,,,,,,
2005-04-26,PYPL.OQ,,,,,,0,,,,,,,,,,,,,,,,,,,
2005-04-27,PYPL.OQ,,,,,,0,,,,,,,,,,,,,,,,,,,
2005-04-28,PYPL.OQ,,,,,,0,,,,,,,,,,,,,,,,,,,
2005-04-29,PYPL.OQ,,,,,,0,,,,,,,,,,,,,,,,,,,
2005-05-02,PYPL.OQ,,,,,,0,,,,,,,,,,,,,,,,,,,
2005-05-03,PYPL.OQ,,,,,,0,,,,,,,,,,,,,,,,,,,
2005-05-04,PYPL.OQ,,,,,,0,,,,,,,,,,,,,,,,,,,
2005-05-05,PYPL.OQ,,,,,,0,,,,,,,,,,,,,,,,,,,
2005-05-06,PYPL.OQ,,,,,,0,,,,,,,,,,,,,,,,,,,
2005-05-09,PYPL.OQ,,,,,,0,,,,,,,,,,,,,,,,,,,
2005-05-10,PYPL.OQ,,,,,,0,,,,,,,,,,,,,,,,,,,
2005-05-11,PYPL.OQ,,,,,,0,,,,,,,,,,,,,,,,,,,
2005-05-12,PYPL.OQ,,,,,,0,,,,,,,,,,,,,,,,,,,
2005-05-13,PYPL.OQ,,,,,,0,,,,,,,,,,,,,,,,,,,
2005-05-16,PYPL.OQ,,,,,,0,,,,,,,,,,,,,,,,,,,
2005-05-17,PYPL.OQ,,,,,,0,,,,,,,,,,,,,,,,,,,
2005-05-18,PYPL.OQ,,,,,,0,,,,,,,,,,,,,,,,,,,
2005-05-19,PYPL.OQ,,,,,,0,,,,,,,,,,,,,,,,,,,
2005-05-20,PYPL.OQ,,,,,,0,,,,,,,,,,,,,,,,,,,
2005-05-23,PYPL.OQ,,,,,,0,,,,,,,,,,,,,,,,,,,
2005-05-24,PYPL.OQ,,,,,,0,,,,,,,,,,,,,,,,,,,
2005-05-25,PYPL.OQ,,,,,,0,,,,,,,,,,,,,,,,,,,
2005-05-26,PYPL.OQ,,,,,,0,,,,,,,,,,,,,,,,,,,
2005-05-27,PYPL.OQ,,,,,,0,,,,,,,,,,,,,,,,,,,
2005-05-31,PYPL.OQ,,,,,,0,,,,,,,,,,,,,,,,,,,
2005-06-01,PYPL.OQ,,,,,,0,,,,,,,,,,,,,,,,,,,
2005-06-02,PYPL.OQ,,,,,,0,,,,,,,,,,,,,,,,,,,
2005-06-03,PYPL.OQ,,,,,,0,,,,,,,,,,,,,,,,,,,
2005-06-06,PYPL.OQ,,,,,,0,,,,,,,,,,,,,,,,,,,
2005-06-07,PYPL.OQ,,,,,,0,,,,,,,,,,,,,,,,,,,
2005-06-08,PYPL.OQ,,,,,,0,,,,,,,,,,,,,,,,,,,
2005-06-09,PYPL.OQ,,,,,,0,,,,,,,,,,,,,,,,,,,
2005-06-10,PYPL.OQ,,,,,,0,,,,,,,,,,,,,,,,,,,
2005-06-13,PYPL.OQ,,,,,,0,,,,,,,,,,,,,,,,,,,
2005-06-14,PYPL.OQ,,,,,,0,,,,,,,,,,,,,,,,,,,
2005-06-15,PYPL.OQ,,,,,,0,,,,,,,,,,,,,,,,,,,
2005-06-16,PYPL.OQ,,,,,,0,,,,,,,,,,,,,,,,,,,
2005-06-17,PYPL.OQ,,,,,,0,,,,,,,,,,,,,,,,,,,
2005-06-20,PYPL.OQ,,,,,,0,,,,,,,,,,,,,,,,,,,
2005-06-21,PYPL.OQ,,,,,,0,,,,,,,,,,,,,,,,,,,
2005-06-22,PYPL.OQ,,,,,,0,,,,,,,,,,,,,,,,,,,
2005-06-23,PYPL.OQ,,,,,,0,,,,,,,,,,,,,,,,,,,
2005-06-24,PYPL.OQ,,,,,,0,,,,,,,,,,,,,,,,,,,
2005-06-27,PYPL.OQ,,,,,,0,,,,,,,,,,,,,,,,,,,
2005-06-28,PYPL.OQ,,,,,,0,,,,,,,,,,,,,,,,,,,
2005-06-29,PYPL.OQ,,,,,,0,,,,,,,,,,,,,,,,,,,
2005-06-30,PYPL.OQ,,,,,,0,,,,,,,,,,,,,,,,,,,
2005-07-01,PYPL.OQ,,,,,,0,,,,,,,,,,,,,,,,,,,
2005-07-05,PYPL.OQ,,,,,,0,,,,,,,,,,,,,,,,,,,
2005-07-06,PYPL.OQ,,,,,,0,,,,,,,,,,,,,,,,,,,
2005-07-07,PYPL.OQ,,,,,,0,,,,,,,,,,,,,,,,,,,
2005-07-08,PYPL.OQ,,,,,,0,,,,,,,,,,,,,,,,,,,
2005-07-11,PYPL.OQ,,,,,,0,,,,,,,,,,,,,,,,,,,
2005-07-12,PYPL.OQ,,,,,,0,,,,,,,,,,,,,,,,,,,
2005-07-13,PYPL.OQ,,,,,,0,,,,,,,,,,,,,,,,,,,
2005-07-14,PYPL.OQ,,,,,,0,,,,,,,,,,,,,,,,,,,
2005-07-15,PYPL.OQ,,,,,,0,,,,,,,,,,,,,,,,,,,
2005-07-18,PYPL.OQ,,,,,,0,,,,,,,,,,,,,,,,,,,
2005-07-19,PYPL.OQ,,,,,,0,,,,,,,,,,,,,,,,,,,
2005-07-20,PYPL.OQ,,,,,,0,,,,,,,,,,,,,,,,,,,
2005-07-21,PYPL.OQ,,,,,,0,,,,,,,,,,,,,,,,,,,
2005-07-22,PYPL.OQ,,,,,,0,,,,,,,,,,,,,,,,,,,
2005-07-25,PYPL.OQ,,,,,,0,,,,,,,,,,,,,,,,,,,
2005-07-26,PYPL.OQ,,,,,,0,,,,,,,,,,,,,,,,,,,
2005-07-27,PYPL.OQ,,,,,,0,,,,,,,,,,,,,,,,,,,
2005-07-28,PYPL.OQ,,,,,,0,,,,,,,,,,,,,,,,,,,
2005-07-29,PYPL.OQ,,,,,,0,,,,,,,,,,,,,,,,,,,
2005-08-01,PYPL.OQ,,,,,,0,,,,,,,,,,,,,,,,,,,
2005-08-02,PYPL.OQ,,,,,,0,,,,,,,,,,,,,,,,,,,
2005-08-03,PYPL.OQ,,,,,,0,,,,,,,,,,,,,,,,,,,
2005-08-04,PYPL.OQ,,,,,,0,,,,,,,,,,,,,,,,,,,
2005-08-05,PYPL.OQ,,,,,,0,,,,,,,,,,,,,,,,,,,
2005-08-08,PYPL.OQ,,,,,,0,,,,,,,,,,,,,,,,,,,
2005-08-09,PYPL.OQ,,,,,,0,,,,,,,,,,,,,,,,,,,
2005-08-10,PYPL.OQ,,,,,,0,,,,,,,,,,,,,,,,,,,
2005-08-11,PYPL.OQ,,,,,,0,,,,,,,,,,,,,,,,,,,
2005-08-12,PYPL.OQ,,,,,,0,,,,,,,,,,,,,,,,,,,
2005-08-15,PYPL.OQ,,,,,,0,,,,,,,,,,,,,,,,,,,
2005-08-16,PYPL.OQ,,,,,,0,,,,,,,,,,,,,,,,,,,
2005-08-17,PYPL.OQ,,,,,,0,,,,,,,,,,,,,,,,,,,
2005-08-18,PYPL.OQ,,,,,,0,,,,,,,,,,,,,,,,,,,
2005-08-19,PYPL.OQ,,,,,,0,,,,,,,,,,,,,,,,,,,
2005-08-22,PYPL.OQ,,,,,,0,,,,,,,,,,,,,,,,,,,
2005-08-23,PYPL.OQ,,,,,,0,,,,,,,,,,,,,,,,,,,
2005-08-24,PYPL.OQ,,,,,,0,,,,,,,,,,,,,,,,,,,
2005-08-25,PYPL.OQ,,,,,,0,,,,,,,,,,,,,,,,,,,
2005-08-26,PYPL.OQ,,,,,,0,,,,,,,,,,,,,,,,,,,
2005-08-29,PYPL.OQ,,,,,,0,,,,,,,,,,,,,,,,,,,
2005-08-30,PYPL.OQ,,,,,,0,,,,,,,,,,,,,,,,,,,
2005-08-31,PYPL.OQ,,,,,,0,,,,,,,,,,,,,,,,,,,
2005-09-01,PYPL.OQ,,,,,,0,,,,,,,,,,,,,,,,,,,
2005-09-02,PYPL.OQ,,,,,,0,,,,,,,,,,,,,,,,,,,
2005-09-06,PYPL.OQ,,,,,,0,,,,,,,,,,,,,,,,,,,
2005-09-07,PYPL.OQ,,,,,,0,,,,,,,,,,,,,,,,,,,
2005-09-08,PYPL.OQ,,,,,,0,,,,,,,,,,,,,,,,,,,
2005-09-09,PYPL.OQ,,,,,,0,,,,,,,,,,,,,,,,,,,
2005-09-12,PYPL.OQ,,,,,,0,,,,,,,,,,,,,,,,,,,
2005-09-13,PYPL.OQ,,,,,,0,,,,,,,,,,,,,,,,,,,
2005-09-14,PYPL.OQ,,,,,,0,,,,,,,,,,,,,,,,,,,
2005-09-15,PYPL.OQ,,,,,,0,,,,,,,,,,,,,,,,,,,
2005-09-16,PYPL.OQ,,,,,,0,,,,,,,,,,,,,,,,,,,
2005-09-19,PYPL.OQ,,,,,,0,,,,,,,,,,,,,,,,,,,
2005-09-20,PYPL.OQ,,,,,,0,,,,,,,,,,,,,,,,,,,
2005-09-21,PYPL.OQ,,,,,,0,,,,,,,,,,,,,,,,,,,
2005-09-22,PYPL.OQ,,,,,,0,,,,,,,,,,,,,,,,,,,
2005-09-23,PYPL.OQ,,,,,,0,,,,,,,,,,,,,,,,,,,
2005-09-26,PYPL.OQ,,,,,,0,,,,,,,,,,,,,,,,,,,
2005-09-27,PYPL.OQ,,,,,,0,,,,,,,,,,,,,,,,,,,
2005-09-28,PYPL.OQ,,,,,,0,,,,,,,,,,,,,,,,,,,
2005-09-29,PYPL.OQ,,,,,,0,,,,,,,,,,,,,,,,,,,
2005-09-30,PYPL.OQ,,,,,,0,,,,,,,,,,,,,,,,,,,
2005-10-03,PYPL.OQ,,,,,,0,,,,,,,,,,,,,,,,,,,
2005-10-04,PYPL.OQ,,,,,,0,,,,,,,,,,,,,,,,,,,
2005-10-05,PYPL.OQ,,,,,,0,,,,,,,,,,,,,,,,,,,
2005-10-06,PYPL.OQ,,,,,,0,,,,,,,,,,,,,,,,,,,
2005-10-07,PYPL.OQ,,,,,,0,,,,,,,,,,,,,,,,,,,
2005-10-10,PYPL.OQ,,,,,,0,,,,,,,,,,,,,,,,,,,
2005-10-11,PYPL.OQ,,,,,,0,,,,,,,,,,,,,,,,,,,
2005-10-12,PYPL.OQ,,,,,,0,,,,,,,,,,,,,,,,,,,
2005-10-13,PYPL.OQ,,,,,,0,,,,,,,,,,,,,,,,,,,
2005-10-14,PYPL.OQ,,,,,,0,,,,,,,,,,,,,,,,,,,
2005-10-17,PYPL.OQ,,,,,,0,,,,,,,,,,,,,,,,,,,
2005-10-18,PYPL.OQ,,,,,,0,,,,,,,,,,,,,,,,,,,
2005-10-19,PYPL.OQ,,,,,,0,,,,,,,,,,,,,,,,,,,
2005-10-20,PYPL.OQ,,,,,,0,,,,,,,,,,,,,,,,,,,
2005-10-21,PYPL.OQ,,,,,,0,,,,,,,,,,,,,,,,,,,
2005-10-24,PYPL.OQ,,,,,,0,,,,,,,,,,,,,,,,,,,
2005-10-25,PYPL.OQ,,,,,,0,,,,,,,,,,,,,,,,,,,
2005-10-26,PYPL.OQ,,,,,,0,,,,,,,,,,,,,,,,,,,
2005-10-27,PYPL.OQ,,,,,,0,,,,,,,,,,,,,,,,,,,
2005-10-28,PYPL.OQ,,,,,,0,,,,,,,,,,,,,,,,,,,
2005-10-31,PYPL.OQ,,,,,,0,,,,,,,,,,,,,,,,,,,
2005-11-01,PYPL.OQ,,,,,,0,,,,,,,,,,,,,,,,,,,
2005-11-02,PYPL.OQ,,,,,,0,,,,,,,,,,,,,,,,,,,
2005-11-03,PYPL.OQ,,,,,,0,,,,,,,,,,,,,,,,,,,
2005-11-04,PYPL.OQ,,,,,,0,,,,,,,,,,,,,,,,,,,
2005-11-07,PYPL.OQ,,,,,,0,,,,,,,,,,,,,,,,,,,
2005-11-08,PYPL.OQ,,,,,,0,,,,,,,,,,,,,,,,,,,
2005-11-09,PYPL.OQ,,,,,,0,,,,,,,,,,,,,,,,,,,
2005-11-10,PYPL.OQ,,,,,,0,,,,,,,,,,,,,,,,,,,
2005-11-11,PYPL.OQ,,,,,,0,,,,,,,,,,,,,,,,,,,
2005-11-14,PYPL.OQ,,,,,,0,,,,,,,,,,,,,,,,,,,
2005-11-15,PYPL.OQ,,,,,,0,,,,,,,,,,,,,,,,,,,
2005-11-16,PYPL.OQ,,,,,,0,,,,,,,,,,,,,,,,,,,
2005-11-17,PYPL.OQ,,,,,,0,,,,,,,,,,,,,,,,,,,
2005-11-18,PYPL.OQ,,,,,,0,,,,,,,,,,,,,,,,,,,
2005-11-21,PYPL.OQ,,,,,,0,,,,,,,,,,,,,,,,,,,
2005-11-22,PYPL.OQ,,,,,,0,,,,,,,,,,,,,,,,,,,
2005-11-23,PYPL.OQ,,,,,,0,,,,,,,,,,,,,,,,,,,
2005-11-25,PYPL.OQ,,,,,,0,,,,,,,,,,,,,,,,,,,
2005-11-28,PYPL.OQ,,,,,,0,,,,,,,,,,,,,,,,,,,
2005-11-29,PYPL.OQ,,,,,,0,,,,,,,,,,,,,,,,,,,
2005-11-30,PYPL.OQ,,,,,,0,,,,,,,,,,,,,,,,,,,
2005-12-01,PYPL.OQ,,,,,,0,,,,,,,,,,,,,,,,,,,
2005-12-02,PYPL.OQ,,,,,,0,,,,,,,,,,,,,,,,,,,
2005-12-05,PYPL.OQ,,,,,,0,,,,,,,,,,,,,,,,,,,
2005-12-06,PYPL.OQ,,,,,,0,,,,,,,,,,,,,,,,,,,
2005-12-07,PYPL.OQ,,,,,,0,,,,,,,,,,,,,,,,,,,
2005-12-08,PYPL.OQ,,,,,,0,,,,,,,,,,,,,,,,,,,
2005-12-09,PYPL.OQ,,,,,,0,,,,,,,,,,,,,,,,,,,
2005-12-12,PYPL.OQ,,,,,,0,,,,,,,,,,,,,,,,,,,
2005-12-13,PYPL.OQ,,,,,,0,,,,,,,,,,,,,,,,,,,
2005-12-14,PYPL.OQ,,,,,,0,,,,,,,,,,,,,,,,,,,
2005-12-15,PYPL.OQ,,,,,,0,,,,,,,,,,,,,,,,,,,
2005-12-16,PYPL.OQ,,,,,,0,,,,,,,,,,,,,,,,,,,
2005-12-19,PYPL.OQ,,,,,,0,,,,,,,,,,,,,,,,,,,
2005-12-20,PYPL.OQ,,,,,,0,,,,,,,,,,,,,,,,,,,
2005-12-21,PYPL.OQ,,,,,,0,,,,,,,,,,,,,,,,,,,
2005-12-22,PYPL.OQ,,,,,,0,,,,,,,,,,,,,,,,,,,
2005-12-23,PYPL.OQ,,,,,,0,,,,,,,,,,,,,,,,,,,
2005-12-27,PYPL.OQ,,,,,,0,,,,,,,,,,,,,,,,,,,
2005-12-28,PYPL.OQ,,,,,,0,,,,,,,,,,,,,,,,,,,
2005-12-29,PYPL.OQ,,,,,,0,,,,,,,,,,,,,,,,,,,
2005-12-30,PYPL.OQ,,,,,,0,,,,,,,,,,,,,,,,,,,
2006-01-03,PYPL.OQ,,,,,,0,,,,,,,,,,,,,,,,,,,
2006-01-04,PYPL.OQ,,,,,,0,,,,,,,,,,,,,,,,,,,
2006-01-05,PYPL.OQ,,,,,,0,,,,,,,,,,,,,,,,,,,
2006-01-06,PYPL.OQ,,,,,,0,,,,,,,,,,,,,,,,,,,
2006-01-09,PYPL.OQ,,,,,,0,,,,,,,,,,,,,,,,,,,
2006-01-10,PYPL.OQ,,,,,,0,,,,,,,,,,,,,,,,,,,
2006-01-11,PYPL.OQ,,,,,,0,,,,,,,,,,,,,,,,,,,
2006-01-12,PYPL.OQ,,,,,,0,,,,,,,,,,,,,,,,,,,
2006-01-13,PYPL.OQ,,,,,,0,,,,,,,,,,,,,,,,,,,
2006-01-17,PYPL.OQ,,,,,,0,,,,,,,,,,,,,,,,,,,
2006-01-18,PYPL.OQ,,,,,,0,,,,,,,,,,,,,,,,,,,
2006-01-19,PYPL.OQ,,,,,,0,,,,,,,,,,,,,,,,,,,
2006-01-20,PYPL.OQ,,,,,,0,,,,,,,,,,,,,,,,,,,
2006-01-23,PYPL.OQ,,,,,,0,,,,,,,,,,,,,,,,,,,
2006-01-24,PYPL.OQ,,,,,,0,,,,,,,,,,,,,,,,,,,
2006-01-25,PYPL.OQ,,,,,,0,,,,,,,,,,,,,,,,,,,
2006-01-26,PYPL.OQ,,,,,,0,,,,,,,,,,,,,,,,,,,
2006-01-27,PYPL.OQ,,,,,,0,,,,,,,,,,,,,,,,,,,
2006-01-30,PYPL.OQ,,,,,,0,,,,,,,,,,,,,,,,,,,
2006-01-31,PYPL.OQ,,,,,,0,,,,,,,,,,,,,,,,,,,
2006-02-01,PYPL.OQ,,,,,,0,,,,,,,,,,,,,,,,,,,
2006-02-02,PYPL.OQ,,,,,,0,,,,,,,,,,,,,,,,,,,
2006-02-03,PYPL.OQ,,,,,,0,,,,,,,,,,,,,,,,,,,
2006-02-06,PYPL.OQ,,,,,,0,,,,,,,,,,,,,,,,,,,
2006-02-07,PYPL.OQ,,,,,,0,,,,,,,,,,,,,,,,,,,
2006-02-08,PYPL.OQ,,,,,,0,,,,,,,,,,,,,,,,,,,
2006-02-09,PYPL.OQ,,,,,,0,,,,,,,,,,,,,,,,,,,
2006-02-10,PYPL.OQ,,,,,,0,,,,,,,,,,,,,,,,,,,
2006-02-13,PYPL.OQ,,,,,,0,,,,,,,,,,,,,,,,,,,
2006-02-14,PYPL.OQ,,,,,,0,,,,,,,,,,,,,,,,,,,
2006-02-15,PYPL.OQ,,,,,,0,,,,,,,,,,,,,,,,,,,
2006-02-16,PYPL.OQ,,,,,,0,,,,,,,,,,,,,,,,,,,
2006-02-17,PYPL.OQ,,,,,,0,,,,,,,,,,,,,,,,,,,
2006-02-21,PYPL.OQ,,,,,,0,,,,,,,,,,,,,,,,,,,
2006-02-22,PYPL.OQ,,,,,,0,,,,,,,,,,,,,,,,,,,
2006-02-23,PYPL.OQ,,,,,,0,,,,,,,,,,,,,,,,,,,
2006-02-24,PYPL.OQ,,,,,,0,,,,,,,,,,,,,,,,,,,
2006-02-27,PYPL.OQ,,,,,,0,,,,,,,,,,,,,,,,,,,
2006-02-28,PYPL.OQ,,,,,,0,,,,,,,,,,,,,,,,,,,
2006-03-01,PYPL.OQ,,,,,,0,,,,,,,,,,,,,,,,,,,
2006-03-02,PYPL.OQ,,,,,,0,,,,,,,,,,,,,,,,,,,
2006-03-03,PYPL.OQ,,,,,,0,,,,,,,,,,,,,,,,,,,
2006-03-06,PYPL.OQ,,,,,,0,,,,,,,,,,,,,,,,,,,
2006-03-07,PYPL.OQ,,,,,,0,,,,,,,,,,,,,,,,,,,
2006-03-08,PYPL.OQ,,,,,,0,,,,,,,,,,,,,,,,,,,
2006-03-09,PYPL.OQ,,,,,,0,,,,,,,,,,,,,,,,,,,
2006-03-10,PYPL.OQ,,,,,,0,,,,,,,,,,,,,,,,,,,
2006-03-13,PYPL.OQ,,,,,,0,,,,,,,,,,,,,,,,,,,
2006-03-14,PYPL.OQ,,,,,,0,,,,,,,,,,,,,,,,,,,
2006-03-15,PYPL.OQ,,,,,,0,,,,,,,,,,,,,,,,,,,
2006-03-16,PYPL.OQ,,,,,,0,,,,,,,,,,,,,,,,,,,
2006-03-17,PYPL.OQ,,,,,,0,,,,,,,,,,,,,,,,,,,
2006-03-20,PYPL.OQ,,,,,,0,,,,,,,,,,,,,,,,,,,
2006-03-21,PYPL.OQ,,,,,,0,,,,,,,,,,,,,,,,,,,
2006-03-22,PYPL.OQ,,,,,,0,,,,,,,,,,,,,,,,,,,
2006-03-23,PYPL.OQ,,,,,,0,,,,,,,,,,,,,,,,,,,
2006-03-24,PYPL.OQ,,,,,,0,,,,,,,,,,,,,,,,,,,
2006-03-27,PYPL.OQ,,,,,,0,,,,,,,,,,,,,,,,,,,
2006-03-28,PYPL.OQ,,,,,,0,,,,,,,,,,,,,,,,,,,
2006-03-29,PYPL.OQ,,,,,,0,,,,,,,,,,,,,,,,,,,
2006-03-30,PYPL.OQ,,,,,,0,,,,,,,,,,,,,,,,,,,
2006-03-31,PYPL.OQ,,,,,,0,,,,,,,,,,,,,,,,,,,
2006-04-03,PYPL.OQ,,,,,,0,,,,,,,,,,,,,,,,,,,
2006-04-04,PYPL.OQ,,,,,,0,,,,,,,,,,,,,,,,,,,
2006-04-05,PYPL.OQ,,,,,,0,,,,,,,,,,,,,,,,,,,
2006-04-06,PYPL.OQ,,,,,,0,,,,,,,,,,,,,,,,,,,
2006-04-07,PYPL.OQ,,,,,,0,,,,,,,,,,,,,,,,,,,
2006-04-10,PYPL.OQ,,,,,,0,,,,,,,,,,,,,,,,,,,
2006-04-11,PYPL.OQ,,,,,,0,,,,,,,,,,,,,,,,,,,
2006-04-12,PYPL.OQ,,,,,,0,,,,,,,,,,,,,,,,,,,
2006-04-13,PYPL.OQ,,,,,,0,,,,,,,,,,,,,,,,,,,
2006-04-17,PYPL.OQ,,,,,,0,,,,,,,,,,,,,,,,,,,
2006-04-18,PYPL.OQ,,,,,,0,,,,,,,,,,,,,,,,,,,
2006-04-19,PYPL.OQ,,,,,,0,,,,,,,,,,,,,,,,,,,
2006-04-20,PYPL.OQ,,,,,,0,,,,,,,,,,,,,,,,,,,
2006-04-21,PYPL.OQ,,,,,,0,,,,,,,,,,,,,,,,,,,
2006-04-24,PYPL.OQ,,,,,,0,,,,,,,,,,,,,,,,,,,
2006-04-25,PYPL.OQ,,,,,,0,,,,,,,,,,,,,,,,,,,
2006-04-26,PYPL.OQ,,,,,,0,,,,,,,,,,,,,,,,,,,
2006-04-27,PYPL.OQ,,,,,,0,,,,,,,,,,,,,,,,,,,
2006-04-28,PYPL.OQ,,,,,,0,,,,,,,,,,,,,,,,,,,
2006-05-01,PYPL.OQ,,,,,,0,,,,,,,,,,,,,,,,,,,
2006-05-02,PYPL.OQ,,,,,,0,,,,,,,,,,,,,,,,,,,
2006-05-03,PYPL.OQ,,,,,,0,,,,,,,,,,,,,,,,,,,
2006-05-04,PYPL.OQ,,,,,,0,,,,,,,,,,,,,,,,,,,
2006-05-05,PYPL.OQ,,,,,,0,,,,,,,,,,,,,,,,,,,
2006-05-08,PYPL.OQ,,,,,,0,,,,,,,,,,,,,,,,,,,
2006-05-09,PYPL.OQ,,,,,,0,,,,,,,,,,,,,,,,,,,
2006-05-10,PYPL.OQ,,,,,,0,,,,,,,,,,,,,,,,,,,
2006-05-11,PYPL.OQ,,,,,,0,,,,,,,,,,,,,,,,,,,
2006-05-12,PYPL.OQ,,,,,,0,,,,,,,,,,,,,,,,,,,
2006-05-15,PYPL.OQ,,,,,,0,,,,,,,,,,,,,,,,,,,
2006-05-16,PYPL.OQ,,,,,,0,,,,,,,,,,,,,,,,,,,
2006-05-17,PYPL.OQ,,,,,,0,,,,,,,,,,,,,,,,,,,
2006-05-18,PYPL.OQ,,,,,,0,,,,,,,,,,,,,,,,,,,
2006-05-19,PYPL.OQ,,,,,,0,,,,,,,,,,,,,,,,,,,
2006-05-22,PYPL.OQ,,,,,,0,,,,,,,,,,,,,,,,,,,
2006-05-23,PYPL.OQ,,,,,,0,,,,,,,,,,,,,,,,,,,
2006-05-24,PYPL.OQ,,,,,,0,,,,,,,,,,,,,,,,,,,
2006-05-25,PYPL.OQ,,,,,,0,,,,,,,,,,,,,,,,,,,
2006-05-26,PYPL.OQ,,,,,,0,,,,,,,,,,,,,,,,,,,
2006-05-30,PYPL.OQ,,,,,,0,,,,,,,,,,,,,,,,,,,
2006-05-31,PYPL.OQ,,,,,,0,,,,,,,,,,,,,,,,,,,
2006-06-01,PYPL.OQ,,,,,,0,,,,,,,,,,,,,,,,,,,
2006-06-02,PYPL.OQ,,,,,,0,,,,,,,,,,,,,,,,,,,
2006-06-05,PYPL.OQ,,,,,,0,,,,,,,,,,,,,,,,,,,
2006-06-06,PYPL.OQ,,,,,,0,,,,,,,,,,,,,,,,,,,
2006-06-07,PYPL.OQ,,,,,,0,,,,,,,,,,,,,,,,,,,
2006-06-08,PYPL.OQ,,,,,,0,,,,,,,,,,,,,,,,,,,
2006-06-09,PYPL.OQ,,,,,,0,,,,,,,,,,,,,,,,,,,
2006-06-12,PYPL.OQ,,,,,,0,,,,,,,,,,,,,,,,,,,
2006-06-13,PYPL.OQ,,,,,,0,,,,,,,,,,,,,,,,,,,
2006-06-14,PYPL.OQ,,,,,,0,,,,,,,,,,,,,,,,,,,
2006-06-15,PYPL.OQ,,,,,,0,,,,,,,,,,,,,,,,,,,
2006-06-16,PYPL.OQ,,,,,,0,,,,,,,,,,,,,,,,,,,
2006-06-19,PYPL.OQ,,,,,,0,,,,,,,,,,,,,,,,,,,
2006-06-20,PYPL.OQ,,,,,,0,,,,,,,,,,,,,,,,,,,
2006-06-21,PYPL.OQ,,,,,,0,,,,,,,,,,,,,,,,,,,
2006-06-22,PYPL.OQ,,,,,,0,,,,,,,,,,,,,,,,,,,
2006-06-23,PYPL.OQ,,,,,,0,,,,,,,,,,,,,,,,,,,
2006-06-26,PYPL.OQ,,,,,,0,,,,,,,,,,,,,,,,,,,
2006-06-27,PYPL.OQ,,,,,,0,,,,,,,,,,,,,,,,,,,
2006-06-28,PYPL.OQ,,,,,,0,,,,,,,,,,,,,,,,,,,
2006-06-29,PYPL.OQ,,,,,,0,,,,,,,,,,,,,,,,,,,
2006-06-30,PYPL.OQ,,,,,,0,,,,,,,,,,,,,,,,,,,
2006-07-03,PYPL.OQ,,,,,,0,,,,,,,,,,,,,,,,,,,
2006-07-05,PYPL.OQ,,,,,,0,,,,,,,,,,,,,,,,,,,
2006-07-06,PYPL.OQ,,,,,,0,,,,,,,,,,,,,,,,,,,
2006-07-07,PYPL.OQ,,,,,,0,,,,,,,,,,,,,,,,,,,
2006-07-10,PYPL.OQ,,,,,,0,,,,,,,,,,,,,,,,,,,
2006-07-11,PYPL.OQ,,,,,,0,,,,,,,,,,,,,,,,,,,
2006-07-12,PYPL.OQ,,,,,,0,,,,,,,,,,,,,,,,,,,
2006-07-13,PYPL.OQ,,,,,,0,,,,,,,,,,,,,,,,,,,
2006-07-14,PYPL.OQ,,,,,,0,,,,,,,,,,,,,,,,,,,
2006-07-17,PYPL.OQ,,,,,,0,,,,,,,,,,,,,,,,,,,
2006-07-18,PYPL.OQ,,,,,,0,,,,,,,,,,,,,,,,,,,
2006-07-19,PYPL.OQ,,,,,,0,,,,,,,,,,,,,,,,,,,
2006-07-20,PYPL.OQ,,,,,,0,,,,,,,,,,,,,,,,,,,
2006-07-21,PYPL.OQ,,,,,,0,,,,,,,,,,,,,,,,,,,
2006-07-24,PYPL.OQ,,,,,,0,,,,,,,,,,,,,,,,,,,
2006-07-25,PYPL.OQ,,,,,,0,,,,,,,,,,,,,,,,,,,
2006-07-26,PYPL.OQ,,,,,,0,,,,,,,,,,,,,,,,,,,
2006-07-27,PYPL.OQ,,,,,,0,,,,,,,,,,,,,,,,,,,
2006-07-28,PYPL.OQ,,,,,,0,,,,,,,,,,,,,,,,,,,
2006-07-31,PYPL.OQ,,,,,,0,,,,,,,,,,,,,,,,,,,
2006-08-01,PYPL.OQ,,,,,,0,,,,,,,,,,,,,,,,,,,
2006-08-02,PYPL.OQ,,,,,,0,,,,,,,,,,,,,,,,,,,
2006-08-03,PYPL.OQ,,,,,,0,,,,,,,,,,,,,,,,,,,
2006-08-04,PYPL.OQ,,,,,,0,,,,,,,,,,,,,,,,,,,
2006-08-07,PYPL.OQ,,,,,,0,,,,,,,,,,,,,,,,,,,
2006-08-08,PYPL.OQ,,,,,,0,,,,,,,,,,,,,,,,,,,
2006-08-09,PYPL.OQ,,,,,,0,,,,,,,,,,,,,,,,,,,
2006-08-10,PYPL.OQ,,,,,,0,,,,,,,,,,,,,,,,,,,
2006-08-11,PYPL.OQ,,,,,,0,,,,,,,,,,,,,,,,,,,
2006-08-14,PYPL.OQ,,,,,,0,,,,,,,,,,,,,,,,,,,
2006-08-15,PYPL.OQ,,,,,,0,,,,,,,,,,,,,,,,,,,
2006-08-16,PYPL.OQ,,,,,,0,,,,,,,,,,,,,,,,,,,
2006-08-17,PYPL.OQ,,,,,,0,,,,,,,,,,,,,,,,,,,
2006-08-18,PYPL.OQ,,,,,,0,,,,,,,,,,,,,,,,,,,
2006-08-21,PYPL.OQ,,,,,,0,,,,,,,,,,,,,,,,,,,
2006-08-22,PYPL.OQ,,,,,,0,,,,,,,,,,,,,,,,,,,
2006-08-23,PYPL.OQ,,,,,,0,,,,,,,,,,,,,,,,,,,
2006-08-24,PYPL.OQ,,,,,,0,,,,,,,,,,,,,,,,,,,
2006-08-25,PYPL.OQ,,,,,,0,,,,,,,,,,,,,,,,,,,
2006-08-28,PYPL.OQ,,,,,,0,,,,,,,,,,,,,,,,,,,
2006-08-29,PYPL.OQ,,,,,,0,,,,,,,,,,,,,,,,,,,
2006-08-30,PYPL.OQ,,,,,,0,,,,,,,,,,,,,,,,,,,
2006-08-31,PYPL.OQ,,,,,,0,,,,,,,,,,,,,,,,,,,
2006-09-01,PYPL.OQ,,,,,,0,,,,,,,,,,,,,,,,,,,
2006-09-05,PYPL.OQ,,,,,,0,,,,,,,,,,,,,,,,,,,
2006-09-06,PYPL.OQ,,,,,,0,,,,,,,,,,,,,,,,,,,
2006-09-07,PYPL.OQ,,,,,,0,,,,,,,,,,,,,,,,,,,
2006-09-08,PYPL.OQ,,,,,,0,,,,,,,,,,,,,,,,,,,
2006-09-11,PYPL.OQ,,,,,,0,,,,,,,,,,,,,,,,,,,
2006-09-12,PYPL.OQ,,,,,,0,,,,,,,,,,,,,,,,,,,
2006-09-13,PYPL.OQ,,,,,,0,,,,,,,,,,,,,,,,,,,
2006-09-14,PYPL.OQ,,,,,,0,,,,,,,,,,,,,,,,,,,
2006-09-15,PYPL.OQ,,,,,,0,,,,,,,,,,,,,,,,,,,
2006-09-18,PYPL.OQ,,,,,,0,,,,,,,,,,,,,,,,,,,
2006-09-19,PYPL.OQ,,,,,,0,,,,,,,,,,,,,,,,,,,
2006-09-20,PYPL.OQ,,,,,,0,,,,,,,,,,,,,,,,,,,
2006-09-21,PYPL.OQ,,,,,,0,,,,,,,,,,,,,,,,,,,
2006-09-22,PYPL.OQ,,,,,,0,,,,,,,,,,,,,,,,,,,
2006-09-25,PYPL.OQ,,,,,,0,,,,,,,,,,,,,,,,,,,
2006-09-26,PYPL.OQ,,,,,,0,,,,,,,,,,,,,,,,,,,
2006-09-27,PYPL.OQ,,,,,,0,,,,,,,,,,,,,,,,,,,
2006-09-28,PYPL.OQ,,,,,,0,,,,,,,,,,,,,,,,,,,
2006-09-29,PYPL.OQ,,,,,,0,,,,,,,,,,,,,,,,,,,
2006-10-02,PYPL.OQ,,,,,,0,,,,,,,,,,,,,,,,,,,
2006-10-03,PYPL.OQ,,,,,,0,,,,,,,,,,,,,,,,,,,
2006-10-04,PYPL.OQ,,,,,,0,,,,,,,,,,,,,,,,,,,
2006-10-05,PYPL.OQ,,,,,,0,,,,,,,,,,,,,,,,,,,
2006-10-06,PYPL.OQ,,,,,,0,,,,,,,,,,,,,,,,,,,
2006-10-10,PYPL.OQ,,,,,,0,,,,,,,,,,,,,,,,,,,
2006-10-11,PYPL.OQ,,,,,,0,,,,,,,,,,,,,,,,,,,
2006-10-12,PYPL.OQ,,,,,,0,,,,,,,,,,,,,,,,,,,
2006-10-13,PYPL.OQ,,,,,,0,,,,,,,,,,,,,,,,,,,
2006-10-16,PYPL.OQ,,,,,,0,,,,,,,,,,,,,,,,,,,
2006-10-17,PYPL.OQ,,,,,,0,,,,,,,,,,,,,,,,,,,
2006-10-18,PYPL.OQ,,,,,,0,,,,,,,,,,,,,,,,,,,
2006-10-19,PYPL.OQ,,,,,,0,,,,,,,,,,,,,,,,,,,
2006-10-20,PYPL.OQ,,,,,,0,,,,,,,,,,,,,,,,,,,
2006-10-23,PYPL.OQ,,,,,,0,,,,,,,,,,,,,,,,,,,
2006-10-24,PYPL.OQ,,,,,,0,,,,,,,,,,,,,,,,,,,
2006-10-25,PYPL.OQ,,,,,,0,,,,,,,,,,,,,,,,,,,
2006-10-26,PYPL.OQ,,,,,,0,,,,,,,,,,,,,,,,,,,
2006-10-27,PYPL.OQ,,,,,,0,,,,,,,,,,,,,,,,,,,
2006-10-30,PYPL.OQ,,,,,,0,,,,,,,,,,,,,,,,,,,
2006-10-31,PYPL.OQ,,,,,,0,,,,,,,,,,,,,,,,,,,
2006-11-01,PYPL.OQ,,,,,,0,,,,,,,,,,,,,,,,,,,
2006-11-02,PYPL.OQ,,,,,,0,,,,,,,,,,,,,,,,,,,
2006-11-03,PYPL.OQ,,,,,,0,,,,,,,,,,,,,,,,,,,
2006-11-06,PYPL.OQ,,,,,,0,,,,,,,,,,,,,,,,,,,
2006-11-07,PYPL.OQ,,,,,,0,,,,,,,,,,,,,,,,,,,
2006-11-08,PYPL.OQ,,,,,,0,,,,,,,,,,,,,,,,,,,
2006-11-09,PYPL.OQ,,,,,,0,,,,,,,,,,,,,,,,,,,
2006-11-13,PYPL.OQ,,,,,,0,,,,,,,,,,,,,,,,,,,
2006-11-14,PYPL.OQ,,,,,,0,,,,,,,,,,,,,,,,,,,
2006-11-15,PYPL.OQ,,,,,,0,,,,,,,,,,,,,,,,,,,
2006-11-16,PYPL.OQ,,,,,,0,,,,,,,,,,,,,,,,,,,
2006-11-17,PYPL.OQ,,,,,,0,,,,,,,,,,,,,,,,,,,
2006-11-20,PYPL.OQ,,,,,,0,,,,,,,,,,,,,,,,,,,
2006-11-21,PYPL.OQ,,,,,,0,,,,,,,,,,,,,,,,,,,
2006-11-22,PYPL.OQ,,,,,,0,,,,,,,,,,,,,,,,,,,
2006-11-24,PYPL.OQ,,,,,,0,,,,,,,,,,,,,,,,,,,
2006-11-27,PYPL.OQ,,,,,,0,,,,,,,,,,,,,,,,,,,
2006-11-28,PYPL.OQ,,,,,,0,,,,,,,,,,,,,,,,,,,
2006-11-29,PYPL.OQ,,,,,,0,,,,,,,,,,,,,,,,,,,
2006-11-30,PYPL.OQ,,,,,,0,,,,,,,,,,,,,,,,,,,
2006-12-01,PYPL.OQ,,,,,,0,,,,,,,,,,,,,,,,,,,
2006-12-04,PYPL.OQ,,,,,,0,,,,,,,,,,,,,,,,,,,
2006-12-05,PYPL.OQ,,,,,,0,,,,,,,,,,,,,,,,,,,
2006-12-06,PYPL.OQ,,,,,,0,,,,,,,,,,,,,,,,,,,
2006-12-07,PYPL.OQ,,,,,,0,,,,,,,,,,,,,,,,,,,
2006-12-08,PYPL.OQ,,,,,,0,,,,,,,,,,,,,,,,,,,
2006-12-11,PYPL.OQ,,,,,,0,,,,,,,,,,,,,,,,,,,
2006-12-12,PYPL.OQ,,,,,,0,,,,,,,,,,,,,,,,,,,
2006-12-13,PYPL.OQ,,,,,,0,,,,,,,,,,,,,,,,,,,
2006-12-14,PYPL.OQ,,,,,,0,,,,,,,,,,,,,,,,,,,
2006-12-15,PYPL.OQ,,,,,,0,,,,,,,,,,,,,,,,,,,
2006-12-18,PYPL.OQ,,,,,,0,,,,,,,,,,,,,,,,,,,
2006-12-19,PYPL.OQ,,,,,,0,,,,,,,,,,,,,,,,,,,
2006-12-20,PYPL.OQ,,,,,,0,,,,,,,,,,,,,,,,,,,
2006-12-21,PYPL.OQ,,,,,,0,,,,,,,,,,,,,,,,,,,
2006-12-22,PYPL.OQ,,,,,,0,,,,,,,,,,,,,,,,,,,
2006-12-26,PYPL.OQ,,,,,,0,,,,,,,,,,,,,,,,,,,
2006-12-27,PYPL.OQ,,,,,,0,,,,,,,,,,,,,,,,,,,
2006-12-28,PYPL.OQ,,,,,,0,,,,,,,,,,,,,,,,,,,
2006-12-29,PYPL.OQ,,,,,,0,,,,,,,,,,,,,,,,,,,
2007-01-03,PYPL.OQ,,,,,,0,,,,,,,,,,,,,,,,,,,
2007-01-04,PYPL.OQ,,,,,,0,,,,,,,,,,,,,,,,,,,
2007-01-05,PYPL.OQ,,,,,,0,,,,,,,,,,,,,,,,,,,
2007-01-08,PYPL.OQ,,,,,,0,,,,,,,,,,,,,,,,,,,
2007-01-09,PYPL.OQ,,,,,,0,,,,,,,,,,,,,,,,,,,
2007-01-10,PYPL.OQ,,,,,,0,,,,,,,,,,,,,,,,,,,
2007-01-11,PYPL.OQ,,,,,,0,,,,,,,,,,,,,,,,,,,
2007-01-12,PYPL.OQ,,,,,,0,,,,,,,,,,,,,,,,,,,
2007-01-16,PYPL.OQ,,,,,,0,,,,,,,,,,,,,,,,,,,
2007-01-17,PYPL.OQ,,,,,,0,,,,,,,,,,,,,,,,,,,
2007-01-18,PYPL.OQ,,,,,,0,,,,,,,,,,,,,,,,,,,
2007-01-19,PYPL.OQ,,,,,,0,,,,,,,,,,,,,,,,,,,
2007-01-22,PYPL.OQ,,,,,,0,,,,,,,,,,,,,,,,,,,
2007-01-23,PYPL.OQ,,,,,,0,,,,,,,,,,,,,,,,,,,
2007-01-24,PYPL.OQ,,,,,,0,,,,,,,,,,,,,,,,,,,
2007-01-25,PYPL.OQ,,,,,,0,,,,,,,,,,,,,,,,,,,
2007-01-26,PYPL.OQ,,,,,,0,,,,,,,,,,,,,,,,,,,
2007-01-29,PYPL.OQ,,,,,,0,,,,,,,,,,,,,,,,,,,
2007-01-30,PYPL.OQ,,,,,,0,,,,,,,,,,,,,,,,,,,
2007-01-31,PYPL.OQ,,,,,,0,,,,,,,,,,,,,,,,,,,
2007-02-01,PYPL.OQ,,,,,,0,,,,,,,,,,,,,,,,,,,
2007-02-02,PYPL.OQ,,,,,,0,,,,,,,,,,,,,,,,,,,
2007-02-05,PYPL.OQ,,,,,,0,,,,,,,,,,,,,,,,,,,
2007-02-06,PYPL.OQ,,,,,,0,,,,,,,,,,,,,,,,,,,
2007-02-07,PYPL.OQ,,,,,,0,,,,,,,,,,,,,,,,,,,
2007-02-08,PYPL.OQ,,,,,,0,,,,,,,,,,,,,,,,,,,
2007-02-09,PYPL.OQ,,,,,,0,,,,,,,,,,,,,,,,,,,
2007-02-12,PYPL.OQ,,,,,,0,,,,,,,,,,,,,,,,,,,
2007-02-13,PYPL.OQ,,,,,,0,,,,,,,,,,,,,,,,,,,
2007-02-14,PYPL.OQ,,,,,,0,,,,,,,,,,,,,,,,,,,
2007-02-15,PYPL.OQ,,,,,,0,,,,,,,,,,,,,,,,,,,
2007-02-16,PYPL.OQ,,,,,,0,,,,,,,,,,,,,,,,,,,
2007-02-20,PYPL.OQ,,,,,,0,,,,,,,,,,,,,,,,,,,
2007-02-21,PYPL.OQ,,,,,,0,,,,,,,,,,,,,,,,,,,
2007-02-22,PYPL.OQ,,,,,,0,,,,,,,,,,,,,,,,,,,
2007-02-23,PYPL.OQ,,,,,,0,,,,,,,,,,,,,,,,,,,
2007-02-26,PYPL.OQ,,,,,,0,,,,,,,,,,,,,,,,,,,
2007-02-27,PYPL.OQ,,,,,,0,,,,,,,,,,,,,,,,,,,
2007-02-28,PYPL.OQ,,,,,,0,,,,,,,,,,,,,,,,,,,
2007-03-01,PYPL.OQ,,,,,,0,,,,,,,,,,,,,,,,,,,
2007-03-02,PYPL.OQ,,,,,,0,,,,,,,,,,,,,,,,,,,
2007-03-05,PYPL.OQ,,,,,,0,,,,,,,,,,,,,,,,,,,
2007-03-06,PYPL.OQ,,,,,,0,,,,,,,,,,,,,,,,,,,
2007-03-07,PYPL.OQ,,,,,,0,,,,,,,,,,,,,,,,,,,
2007-03-08,PYPL.OQ,,,,,,0,,,,,,,,,,,,,,,,,,,
2007-03-09,PYPL.OQ,,,,,,0,,,,,,,,,,,,,,,,,,,
2007-03-12,PYPL.OQ,,,,,,0,,,,,,,,,,,,,,,,,,,
2007-03-13,PYPL.OQ,,,,,,0,,,,,,,,,,,,,,,,,,,
2007-03-14,PYPL.OQ,,,,,,0,,,,,,,,,,,,,,,,,,,
2007-03-15,PYPL.OQ,,,,,,0,,,,,,,,,,,,,,,,,,,
2007-03-16,PYPL.OQ,,,,,,0,,,,,,,,,,,,,,,,,,,
2007-03-19,PYPL.OQ,,,,,,0,,,,,,,,,,,,,,,,,,,
2007-03-20,PYPL.OQ,,,,,,0,,,,,,,,,,,,,,,,,,,
2007-03-21,PYPL.OQ,,,,,,0,,,,,,,,,,,,,,,,,,,
2007-03-22,PYPL.OQ,,,,,,0,,,,,,,,,,,,,,,,,,,
2007-03-23,PYPL.OQ,,,,,,0,,,,,,,,,,,,,,,,,,,
2007-03-26,PYPL.OQ,,,,,,0,,,,,,,,,,,,,,,,,,,
2007-03-27,PYPL.OQ,,,,,,0,,,,,,,,,,,,,,,,,,,
2007-03-28,PYPL.OQ,,,,,,0,,,,,,,,,,,,,,,,,,,
2007-03-29,PYPL.OQ,,,,,,0,,,,,,,,,,,,,,,,,,,
2007-03-30,PYPL.OQ,,,,,,0,,,,,,,,,,,,,,,,,,,
2007-04-02,PYPL.OQ,,,,,,0,,,,,,,,,,,,,,,,,,,
2007-04-03,PYPL.OQ,,,,,,0,,,,,,,,,,,,,,,,,,,
2007-04-04,PYPL.OQ,,,,,,0,,,,,,,,,,,,,,,,,,,
2007-04-05,PYPL.OQ,,,,,,0,,,,,,,,,,,,,,,,,,,
2007-04-09,PYPL.OQ,,,,,,0,,,,,,,,,,,,,,,,,,,
2007-04-10,PYPL.OQ,,,,,,0,,,,,,,,,,,,,,,,,,,
2007-04-11,PYPL.OQ,,,,,,0,,,,,,,,,,,,,,,,,,,
2007-04-12,PYPL.OQ,,,,,,0,,,,,,,,,,,,,,,,,,,
2007-04-13,PYPL.OQ,,,,,,0,,,,,,,,,,,,,,,,,,,
2007-04-16,PYPL.OQ,,,,,,0,,,,,,,,,,,,,,,,,,,
2007-04-17,PYPL.OQ,,,,,,0,,,,,,,,,,,,,,,,,,,
2007-04-18,PYPL.OQ,,,,,,0,,,,,,,,,,,,,,,,,,,
2007-04-19,PYPL.OQ,,,,,,0,,,,,,,,,,,,,,,,,,,
2007-04-20,PYPL.OQ,,,,,,0,,,,,,,,,,,,,,,,,,,
2007-04-23,PYPL.OQ,,,,,,0,,,,,,,,,,,,,,,,,,,
2007-04-24,PYPL.OQ,,,,,,0,,,,,,,,,,,,,,,,,,,
2007-04-25,PYPL.OQ,,,,,,0,,,,,,,,,,,,,,,,,,,
2007-04-26,PYPL.OQ,,,,,,0,,,,,,,,,,,,,,,,,,,
2007-04-27,PYPL.OQ,,,,,,0,,,,,,,,,,,,,,,,,,,
2007-04-30,PYPL.OQ,,,,,,0,,,,,,,,,,,,,,,,,,,
2007-05-01,PYPL.OQ,,,,,,0,,,,,,,,,,,,,,,,,,,
2007-05-02,PYPL.OQ,,,,,,0,,,,,,,,,,,,,,,,,,,
2007-05-03,PYPL.OQ,,,,,,0,,,,,,,,,,,,,,,,,,,
2007-05-04,PYPL.OQ,,,,,,0,,,,,,,,,,,,,,,,,,,
2007-05-07,PYPL.OQ,,,,,,0,,,,,,,,,,,,,,,,,,,
2007-05-08,PYPL.OQ,,,,,,0,,,,,,,,,,,,,,,,,,,
2007-05-09,PYPL.OQ,,,,,,0,,,,,,,,,,,,,,,,,,,
2007-05-10,PYPL.OQ,,,,,,0,,,,,,,,,,,,,,,,,,,
2007-05-11,PYPL.OQ,,,,,,0,,,,,,,,,,,,,,,,,,,
2007-05-14,PYPL.OQ,,,,,,0,,,,,,,,,,,,,,,,,,,
2007-05-15,PYPL.OQ,,,,,,0,,,,,,,,,,,,,,,,,,,
2007-05-16,PYPL.OQ,,,,,,0,,,,,,,,,,,,,,,,,,,
2007-05-17,PYPL.OQ,,,,,,0,,,,,,,,,,,,,,,,,,,
2007-05-18,PYPL.OQ,,,,,,0,,,,,,,,,,,,,,,,,,,
2007-05-21,PYPL.OQ,,,,,,0,,,,,,,,,,,,,,,,,,,
2007-05-22,PYPL.OQ,,,,,,0,,,,,,,,,,,,,,,,,,,
2007-05-23,PYPL.OQ,,,,,,0,,,,,,,,,,,,,,,,,,,
2007-05-24,PYPL.OQ,,,,,,0,,,,,,,,,,,,,,,,,,,
2007-05-25,PYPL.OQ,,,,,,0,,,,,,,,,,,,,,,,,,,
2007-05-29,PYPL.OQ,,,,,,0,,,,,,,,,,,,,,,,,,,
2007-05-30,PYPL.OQ,,,,,,0,,,,,,,,,,,,,,,,,,,
2007-05-31,PYPL.OQ,,,,,,0,,,,,,,,,,,,,,,,,,,
2007-06-01,PYPL.OQ,,,,,,0,,,,,,,,,,,,,,,,,,,
2007-06-04,PYPL.OQ,,,,,,0,,,,,,,,,,,,,,,,,,,
2007-06-05,PYPL.OQ,,,,,,0,,,,,,,,,,,,,,,,,,,
2007-06-06,PYPL.OQ,,,,,,0,,,,,,,,,,,,,,,,,,,
2007-06-07,PYPL.OQ,,,,,,0,,,,,,,,,,,,,,,,,,,
2007-06-08,PYPL.OQ,,,,,,0,,,,,,,,,,,,,,,,,,,
2007-06-11,PYPL.OQ,,,,,,0,,,,,,,,,,,,,,,,,,,
2007-06-12,PYPL.OQ,,,,,,0,,,,,,,,,,,,,,,,,,,
2007-06-13,PYPL.OQ,,,,,,0,,,,,,,,,,,,,,,,,,,
2007-06-14,PYPL.OQ,,,,,,0,,,,,,,,,,,,,,,,,,,
2007-06-15,PYPL.OQ,,,,,,0,,,,,,,,,,,,,,,,,,,
2007-06-18,PYPL.OQ,,,,,,0,,,,,,,,,,,,,,,,,,,
2007-06-19,PYPL.OQ,,,,,,0,,,,,,,,,,,,,,,,,,,
2007-06-20,PYPL.OQ,,,,,,0,,,,,,,,,,,,,,,,,,,
2007-06-21,PYPL.OQ,,,,,,0,,,,,,,,,,,,,,,,,,,
2007-06-22,PYPL.OQ,,,,,,0,,,,,,,,,,,,,,,,,,,
2007-06-25,PYPL.OQ,,,,,,0,,,,,,,,,,,,,,,,,,,
2007-06-26,PYPL.OQ,,,,,,0,,,,,,,,,,,,,,,,,,,
2007-06-27,PYPL.OQ,,,,,,0,,,,,,,,,,,,,,,,,,,
2007-06-28,PYPL.OQ,,,,,,0,,,,,,,,,,,,,,,,,,,
2007-06-29,PYPL.OQ,,,,,,0,,,,,,,,,,,,,,,,,,,
2007-07-02,PYPL.OQ,,,,,,0,,,,,,,,,,,,,,,,,,,
2007-07-03,PYPL.OQ,,,,,,0,,,,,,,,,,,,,,,,,,,
2007-07-05,PYPL.OQ,,,,,,0,,,,,,,,,,,,,,,,,,,
2007-07-06,PYPL.OQ,,,,,,0,,,,,,,,,,,,,,,,,,,
2007-07-09,PYPL.OQ,,,,,,0,,,,,,,,,,,,,,,,,,,
2007-07-10,PYPL.OQ,,,,,,0,,,,,,,,,,,,,,,,,,,
2007-07-11,PYPL.OQ,,,,,,0,,,,,,,,,,,,,,,,,,,
2007-07-12,PYPL.OQ,,,,,,0,,,,,,,,,,,,,,,,,,,
2007-07-13,PYPL.OQ,,,,,,0,,,,,,,,,,,,,,,,,,,
2007-07-16,PYPL.OQ,,,,,,0,,,,,,,,,,,,,,,,,,,
2007-07-17,PYPL.OQ,,,,,,0,,,,,,,,,,,,,,,,,,,
2007-07-18,PYPL.OQ,,,,,,0,,,,,,,,,,,,,,,,,,,
2007-07-19,PYPL.OQ,,,,,,0,,,,,,,,,,,,,,,,,,,
2007-07-20,PYPL.OQ,,,,,,0,,,,,,,,,,,,,,,,,,,
2007-07-23,PYPL.OQ,,,,,,0,,,,,,,,,,,,,,,,,,,
2007-07-24,PYPL.OQ,,,,,,0,,,,,,,,,,,,,,,,,,,
2007-07-25,PYPL.OQ,,,,,,0,,,,,,,,,,,,,,,,,,,
2007-07-26,PYPL.OQ,,,,,,0,,,,,,,,,,,,,,,,,,,
2007-07-27,PYPL.OQ,,,,,,0,,,,,,,,,,,,,,,,,,,
2007-07-30,PYPL.OQ,,,,,,0,,,,,,,,,,,,,,,,,,,
2007-07-31,PYPL.OQ,,,,,,0,,,,,,,,,,,,,,,,,,,
2007-08-01,PYPL.OQ,,,,,,0,,,,,,,,,,,,,,,,,,,
2007-08-02,PYPL.OQ,,,,,,0,,,,,,,,,,,,,,,,,,,
2007-08-03,PYPL.OQ,,,,,,0,,,,,,,,,,,,,,,,,,,
2007-08-06,PYPL.OQ,,,,,,0,,,,,,,,,,,,,,,,,,,
2007-08-07,PYPL.OQ,,,,,,0,,,,,,,,,,,,,,,,,,,
2007-08-08,PYPL.OQ,,,,,,0,,,,,,,,,,,,,,,,,,,
2007-08-09,PYPL.OQ,,,,,,0,,,,,,,,,,,,,,,,,,,
2007-08-10,PYPL.OQ,,,,,,0,,,,,,,,,,,,,,,,,,,
2007-08-13,PYPL.OQ,,,,,,0,,,,,,,,,,,,,,,,,,,
2007-08-14,PYPL.OQ,,,,,,0,,,,,,,,,,,,,,,,,,,
2007-08-15,PYPL.OQ,,,,,,0,,,,,,,,,,,,,,,,,,,
2007-08-16,PYPL.OQ,,,,,,0,,,,,,,,,,,,,,,,,,,
2007-08-17,PYPL.OQ,,,,,,0,,,,,,,,,,,,,,,,,,,
2007-08-20,PYPL.OQ,,,,,,0,,,,,,,,,,,,,,,,,,,
2007-08-21,PYPL.OQ,,,,,,0,,,,,,,,,,,,,,,,,,,
2007-08-22,PYPL.OQ,,,,,,0,,,,,,,,,,,,,,,,,,,
2007-08-23,PYPL.OQ,,,,,,0,,,,,,,,,,,,,,,,,,,
2007-08-24,PYPL.OQ,,,,,,0,,,,,,,,,,,,,,,,,,,
2007-08-27,PYPL.OQ,,,,,,0,,,,,,,,,,,,,,,,,,,
2007-08-28,PYPL.OQ,,,,,,0,,,,,,,,,,,,,,,,,,,
2007-08-29,PYPL.OQ,,,,,,0,,,,,,,,,,,,,,,,,,,
2007-08-30,PYPL.OQ,,,,,,0,,,,,,,,,,,,,,,,,,,
2007-08-31,PYPL.OQ,,,,,,0,,,,,,,,,,,,,,,,,,,
2007-09-04,PYPL.OQ,,,,,,0,,,,,,,,,,,,,,,,,,,
2007-09-05,PYPL.OQ,,,,,,0,,,,,,,,,,,,,,,,,,,
2007-09-06,PYPL.OQ,,,,,,0,,,,,,,,,,,,,,,,,,,
2007-09-07,PYPL.OQ,,,,,,0,,,,,,,,,,,,,,,,,,,
2007-09-10,PYPL.OQ,,,,,,0,,,,,,,,,,,,,,,,,,,
2007-09-11,PYPL.OQ,,,,,,0,,,,,,,,,,,,,,,,,,,
2007-09-12,PYPL.OQ,,,,,,0,,,,,,,,,,,,,,,,,,,
2007-09-13,PYPL.OQ,,,,,,0,,,,,,,,,,,,,,,,,,,
2007-09-14,PYPL.OQ,,,,,,0,,,,,,,,,,,,,,,,,,,
2007-09-17,PYPL.OQ,,,,,,0,,,,,,,,,,,,,,,,,,,
2007-09-18,PYPL.OQ,,,,,,0,,,,,,,,,,,,,,,,,,,
2007-09-19,PYPL.OQ,,,,,,0,,,,,,,,,,,,,,,,,,,
2007-09-20,PYPL.OQ,,,,,,0,,,,,,,,,,,,,,,,,,,
2007-09-21,PYPL.OQ,,,,,,0,,,,,,,,,,,,,,,,,,,
2007-09-24,PYPL.OQ,,,,,,0,,,,,,,,,,,,,,,,,,,
2007-09-25,PYPL.OQ,,,,,,0,,,,,,,,,,,,,,,,,,,
2007-09-26,PYPL.OQ,,,,,,0,,,,,,,,,,,,,,,,,,,
2007-09-27,PYPL.OQ,,,,,,0,,,,,,,,,,,,,,,,,,,
2007-09-28,PYPL.OQ,,,,,,0,,,,,,,,,,,,,,,,,,,
2007-10-01,PYPL.OQ,,,,,,0,,,,,,,,,,,,,,,,,,,
2007-10-02,PYPL.OQ,,,,,,0,,,,,,,,,,,,,,,,,,,
2007-10-03,PYPL.OQ,,,,,,0,,,,,,,,,,,,,,,,,,,
2007-10-04,PYPL.OQ,,,,,,0,,,,,,,,,,,,,,,,,,,
2007-10-05,PYPL.OQ,,,,,,0,,,,,,,,,,,,,,,,,,,
2007-10-09,PYPL.OQ,,,,,,0,,,,,,,,,,,,,,,,,,,
2007-10-10,PYPL.OQ,,,,,,0,,,,,,,,,,,,,,,,,,,
2007-10-11,PYPL.OQ,,,,,,0,,,,,,,,,,,,,,,,,,,
2007-10-12,PYPL.OQ,,,,,,0,,,,,,,,,,,,,,,,,,,
2007-10-15,PYPL.OQ,,,,,,0,,,,,,,,,,,,,,,,,,,
2007-10-16,PYPL.OQ,,,,,,0,,,,,,,,,,,,,,,,,,,
2007-10-17,PYPL.OQ,,,,,,0,,,,,,,,,,,,,,,,,,,
2007-10-18,PYPL.OQ,,,,,,0,,,,,,,,,,,,,,,,,,,
2007-10-19,PYPL.OQ,,,,,,0,,,,,,,,,,,,,,,,,,,
2007-10-22,PYPL.OQ,,,,,,0,,,,,,,,,,,,,,,,,,,
2007-10-23,PYPL.OQ,,,,,,0,,,,,,,,,,,,,,,,,,,
2007-10-24,PYPL.OQ,,,,,,0,,,,,,,,,,,,,,,,,,,
2007-10-25,PYPL.OQ,,,,,,0,,,,,,,,,,,,,,,,,,,
2007-10-26,PYPL.OQ,,,,,,0,,,,,,,,,,,,,,,,,,,
2007-10-29,PYPL.OQ,,,,,,0,,,,,,,,,,,,,,,,,,,
2007-10-30,PYPL.OQ,,,,,,0,,,,,,,,,,,,,,,,,,,
2007-10-31,PYPL.OQ,,,,,,0,,,,,,,,,,,,,,,,,,,
2007-11-01,PYPL.OQ,,,,,,0,,,,,,,,,,,,,,,,,,,
2007-11-02,PYPL.OQ,,,,,,0,,,,,,,,,,,,,,,,,,,
2007-11-05,PYPL.OQ,,,,,,0,,,,,,,,,,,,,,,,,,,
2007-11-06,PYPL.OQ,,,,,,0,,,,,,,,,,,,,,,,,,,
2007-11-07,PYPL.OQ,,,,,,0,,,,,,,,,,,,,,,,,,,
2007-11-08,PYPL.OQ,,,,,,0,,,,,,,,,,,,,,,,,,,
2007-11-09,PYPL.OQ,,,,,,0,,,,,,,,,,,,,,,,,,,
2007-11-13,PYPL.OQ,,,,,,0,,,,,,,,,,,,,,,,,,,
2007-11-14,PYPL.OQ,,,,,,0,,,,,,,,,,,,,,,,,,,
2007-11-15,PYPL.OQ,,,,,,0,,,,,,,,,,,,,,,,,,,
2007-11-16,PYPL.OQ,,,,,,0,,,,,,,,,,,,,,,,,,,
2007-11-19,PYPL.OQ,,,,,,0,,,,,,,,,,,,,,,,,,,
2007-11-20,PYPL.OQ,,,,,,0,,,,,,,,,,,,,,,,,,,
2007-11-21,PYPL.OQ,,,,,,0,,,,,,,,,,,,,,,,,,,
2007-11-23,PYPL.OQ,,,,,,0,,,,,,,,,,,,,,,,,,,
2007-11-26,PYPL.OQ,,,,,,0,,,,,,,,,,,,,,,,,,,
2007-11-27,PYPL.OQ,,,,,,0,,,,,,,,,,,,,,,,,,,
2007-11-28,PYPL.OQ,,,,,,0,,,,,,,,,,,,,,,,,,,
2007-11-29,PYPL.OQ,,,,,,0,,,,,,,,,,,,,,,,,,,
2007-11-30,PYPL.OQ,,,,,,0,,,,,,,,,,,,,,,,,,,
2007-12-03,PYPL.OQ,,,,,,0,,,,,,,,,,,,,,,,,,,
2007-12-04,PYPL.OQ,,,,,,0,,,,,,,,,,,,,,,,,,,
2007-12-05,PYPL.OQ,,,,,,0,,,,,,,,,,,,,,,,,,,
2007-12-06,PYPL.OQ,,,,,,0,,,,,,,,,,,,,,,,,,,
2007-12-07,PYPL.OQ,,,,,,0,,,,,,,,,,,,,,,,,,,
2007-12-10,PYPL.OQ,,,,,,0,,,,,,,,,,,,,,,,,,,
2007-12-11,PYPL.OQ,,,,,,0,,,,,,,,,,,,,,,,,,,
2007-12-12,PYPL.OQ,,,,,,0,,,,,,,,,,,,,,,,,,,
2007-12-13,PYPL.OQ,,,,,,0,,,,,,,,,,,,,,,,,,,
2007-12-14,PYPL.OQ,,,,,,0,,,,,,,,,,,,,,,,,,,
2007-12-17,PYPL.OQ,,,,,,0,,,,,,,,,,,,,,,,,,,
2007-12-18,PYPL.OQ,,,,,,0,,,,,,,,,,,,,,,,,,,
2007-12-19,PYPL.OQ,,,,,,0,,,,,,,,,,,,,,,,,,,
2007-12-20,PYPL.OQ,,,,,,0,,,,,,,,,,,,,,,,,,,
2007-12-21,PYPL.OQ,,,,,,0,,,,,,,,,,,,,,,,,,,
2007-12-24,PYPL.OQ,,,,,,0,,,,,,,,,,,,,,,,,,,
2007-12-26,PYPL.OQ,,,,,,0,,,,,,,,,,,,,,,,,,,
2007-12-27,PYPL.OQ,,,,,,0,,,,,,,,,,,,,,,,,,,
2007-12-28,PYPL.OQ,,,,,,0,,,,,,,,,,,,,,,,,,,
2007-12-31,PYPL.OQ,,,,,,0,,,,,,,,,,,,,,,,,,,
2008-01-02,PYPL.OQ,,,,,,0,,,,,,,,,,,,,,,,,,,
2008-01-03,PYPL.OQ,,,,,,0,,,,,,,,,,,,,,,,,,,
2008-01-04,PYPL.OQ,,,,,,0,,,,,,,,,,,,,,,,,,,
2008-01-07,PYPL.OQ,,,,,,0,,,,,,,,,,,,,,,,,,,
2008-01-08,PYPL.OQ,,,,,,0,,,,,,,,,,,,,,,,,,,
2008-01-09,PYPL.OQ,,,,,,0,,,,,,,,,,,,,,,,,,,
2008-01-10,PYPL.OQ,,,,,,0,,,,,,,,,,,,,,,,,,,
2008-01-11,PYPL.OQ,,,,,,0,,,,,,,,,,,,,,,,,,,
2008-01-14,PYPL.OQ,,,,,,0,,,,,,,,,,,,,,,,,,,
2008-01-15,PYPL.OQ,,,,,,0,,,,,,,,,,,,,,,,,,,
2008-01-16,PYPL.OQ,,,,,,0,,,,,,,,,,,,,,,,,,,
2008-01-17,PYPL.OQ,,,,,,0,,,,,,,,,,,,,,,,,,,
2008-01-18,PYPL.OQ,,,,,,0,,,,,,,,,,,,,,,,,,,
2008-01-22,PYPL.OQ,,,,,,0,,,,,,,,,,,,,,,,,,,
2008-01-23,PYPL.OQ,,,,,,0,,,,,,,,,,,,,,,,,,,
2008-01-24,PYPL.OQ,,,,,,0,,,,,,,,,,,,,,,,,,,
2008-01-25,PYPL.OQ,,,,,,0,,,,,,,,,,,,,,,,,,,
2008-01-28,PYPL.OQ,,,,,,0,,,,,,,,,,,,,,,,,,,
2008-01-29,PYPL.OQ,,,,,,0,,,,,,,,,,,,,,,,,,,
2008-01-30,PYPL.OQ,,,,,,0,,,,,,,,,,,,,,,,,,,
2008-01-31,PYPL.OQ,,,,,,0,,,,,,,,,,,,,,,,,,,
2008-02-01,PYPL.OQ,,,,,,0,,,,,,,,,,,,,,,,,,,
2008-02-04,PYPL.OQ,,,,,,0,,,,,,,,,,,,,,,,,,,
2008-02-05,PYPL.OQ,,,,,,0,,,,,,,,,,,,,,,,,,,
2008-02-06,PYPL.OQ,,,,,,0,,,,,,,,,,,,,,,,,,,
2008-02-07,PYPL.OQ,,,,,,0,,,,,,,,,,,,,,,,,,,
2008-02-08,PYPL.OQ,,,,,,0,,,,,,,,,,,,,,,,,,,
2008-02-11,PYPL.OQ,,,,,,0,,,,,,,,,,,,,,,,,,,
2008-02-12,PYPL.OQ,,,,,,0,,,,,,,,,,,,,,,,,,,
2008-02-13,PYPL.OQ,,,,,,0,,,,,,,,,,,,,,,,,,,
2008-02-14,PYPL.OQ,,,,,,0,,,,,,,,,,,,,,,,,,,
2008-02-15,PYPL.OQ,,,,,,0,,,,,,,,,,,,,,,,,,,
2008-02-19,PYPL.OQ,,,,,,0,,,,,,,,,,,,,,,,,,,
2008-02-20,PYPL.OQ,,,,,,0,,,,,,,,,,,,,,,,,,,
2008-02-21,PYPL.OQ,,,,,,0,,,,,,,,,,,,,,,,,,,
2008-02-22,PYPL.OQ,,,,,,0,,,,,,,,,,,,,,,,,,,
2008-02-25,PYPL.OQ,,,,,,0,,,,,,,,,,,,,,,,,,,
2008-02-26,PYPL.OQ,,,,,,0,,,,,,,,,,,,,,,,,,,
2008-02-27,PYPL.OQ,,,,,,0,,,,,,,,,,,,,,,,,,,
2008-02-28,PYPL.OQ,,,,,,0,,,,,,,,,,,,,,,,,,,
2008-02-29,PYPL.OQ,,,,,,0,,,,,,,,,,,,,,,,,,,
2008-03-03,PYPL.OQ,,,,,,0,,,,,,,,,,,,,,,,,,,
2008-03-04,PYPL.OQ,,,,,,0,,,,,,,,,,,,,,,,,,,
2008-03-05,PYPL.OQ,,,,,,0,,,,,,,,,,,,,,,,,,,
2008-03-06,PYPL.OQ,,,,,,0,,,,,,,,,,,,,,,,,,,
2008-03-07,PYPL.OQ,,,,,,0,,,,,,,,,,,,,,,,,,,
2008-03-10,PYPL.OQ,,,,,,0,,,,,,,,,,,,,,,,,,,
2008-03-11,PYPL.OQ,,,,,,0,,,,,,,,,,,,,,,,,,,
2008-03-12,PYPL.OQ,,,,,,0,,,,,,,,,,,,,,,,,,,
2008-03-13,PYPL.OQ,,,,,,0,,,,,,,,,,,,,,,,,,,
2008-03-14,PYPL.OQ,,,,,,0,,,,,,,,,,,,,,,,,,,
2008-03-17,PYPL.OQ,,,,,,0,,,,,,,,,,,,,,,,,,,
2008-03-18,PYPL.OQ,,,,,,0,,,,,,,,,,,,,,,,,,,
2008-03-19,PYPL.OQ,,,,,,0,,,,,,,,,,,,,,,,,,,
2008-03-20,PYPL.OQ,,,,,,0,,,,,,,,,,,,,,,,,,,
2008-03-24,PYPL.OQ,,,,,,0,,,,,,,,,,,,,,,,,,,
2008-03-25,PYPL.OQ,,,,,,0,,,,,,,,,,,,,,,,,,,
2008-03-26,PYPL.OQ,,,,,,0,,,,,,,,,,,,,,,,,,,
2008-03-27,PYPL.OQ,,,,,,0,,,,,,,,,,,,,,,,,,,
2008-03-28,PYPL.OQ,,,,,,0,,,,,,,,,,,,,,,,,,,
2008-03-31,PYPL.OQ,,,,,,0,,,,,,,,,,,,,,,,,,,
2008-04-01,PYPL.OQ,,,,,,0,,,,,,,,,,,,,,,,,,,
2008-04-02,PYPL.OQ,,,,,,0,,,,,,,,,,,,,,,,,,,
2008-04-03,PYPL.OQ,,,,,,0,,,,,,,,,,,,,,,,,,,
2008-04-04,PYPL.OQ,,,,,,0,,,,,,,,,,,,,,,,,,,
2008-04-07,PYPL.OQ,,,,,,0,,,,,,,,,,,,,,,,,,,
2008-04-08,PYPL.OQ,,,,,,0,,,,,,,,,,,,,,,,,,,
2008-04-09,PYPL.OQ,,,,,,0,,,,,,,,,,,,,,,,,,,
2008-04-10,PYPL.OQ,,,,,,0,,,,,,,,,,,,,,,,,,,
2008-04-11,PYPL.OQ,,,,,,0,,,,,,,,,,,,,,,,,,,
2008-04-14,PYPL.OQ,,,,,,0,,,,,,,,,,,,,,,,,,,
2008-04-15,PYPL.OQ,,,,,,0,,,,,,,,,,,,,,,,,,,
2008-04-16,PYPL.OQ,,,,,,0,,,,,,,,,,,,,,,,,,,
2008-04-17,PYPL.OQ,,,,,,0,,,,,,,,,,,,,,,,,,,
2008-04-18,PYPL.OQ,,,,,,0,,,,,,,,,,,,,,,,,,,
2008-04-21,PYPL.OQ,,,,,,0,,,,,,,,,,,,,,,,,,,
2008-04-22,PYPL.OQ,,,,,,0,,,,,,,,,,,,,,,,,,,
2008-04-23,PYPL.OQ,,,,,,0,,,,,,,,,,,,,,,,,,,
2008-04-24,PYPL.OQ,,,,,,0,,,,,,,,,,,,,,,,,,,
2008-04-25,PYPL.OQ,,,,,,0,,,,,,,,,,,,,,,,,,,
2008-04-28,PYPL.OQ,,,,,,0,,,,,,,,,,,,,,,,,,,
2008-04-29,PYPL.OQ,,,,,,0,,,,,,,,,,,,,,,,,,,
2008-04-30,PYPL.OQ,,,,,,0,,,,,,,,,,,,,,,,,,,
2008-05-01,PYPL.OQ,,,,,,0,,,,,,,,,,,,,,,,,,,
2008-05-02,PYPL.OQ,,,,,,0,,,,,,,,,,,,,,,,,,,
2008-05-05,PYPL.OQ,,,,,,0,,,,,,,,,,,,,,,,,,,
2008-05-06,PYPL.OQ,,,,,,0,,,,,,,,,,,,,,,,,,,
2008-05-07,PYPL.OQ,,,,,,0,,,,,,,,,,,,,,,,,,,
2008-05-08,PYPL.OQ,,,,,,0,,,,,,,,,,,,,,,,,,,
2008-05-09,PYPL.OQ,,,,,,0,,,,,,,,,,,,,,,,,,,
2008-05-12,PYPL.OQ,,,,,,0,,,,,,,,,,,,,,,,,,,
2008-05-13,PYPL.OQ,,,,,,0,,,,,,,,,,,,,,,,,,,
2008-05-14,PYPL.OQ,,,,,,0,,,,,,,,,,,,,,,,,,,
2008-05-15,PYPL.OQ,,,,,,0,,,,,,,,,,,,,,,,,,,
2008-05-16,PYPL.OQ,,,,,,0,,,,,,,,,,,,,,,,,,,
2008-05-19,PYPL.OQ,,,,,,0,,,,,,,,,,,,,,,,,,,
2008-05-20,PYPL.OQ,,,,,,0,,,,,,,,,,,,,,,,,,,
2008-05-21,PYPL.OQ,,,,,,0,,,,,,,,,,,,,,,,,,,
2008-05-22,PYPL.OQ,,,,,,0,,,,,,,,,,,,,,,,,,,
2008-05-23,PYPL.OQ,,,,,,0,,,,,,,,,,,,,,,,,,,
2008-05-27,PYPL.OQ,,,,,,0,,,,,,,,,,,,,,,,,,,
2008-05-28,PYPL.OQ,,,,,,0,,,,,,,,,,,,,,,,,,,
2008-05-29,PYPL.OQ,,,,,,0,,,,,,,,,,,,,,,,,,,
2008-05-30,PYPL.OQ,,,,,,0,,,,,,,,,,,,,,,,,,,
2008-06-02,PYPL.OQ,,,,,,0,,,,,,,,,,,,,,,,,,,
2008-06-03,PYPL.OQ,,,,,,0,,,,,,,,,,,,,,,,,,,
2008-06-04,PYPL.OQ,,,,,,0,,,,,,,,,,,,,,,,,,,
2008-06-05,PYPL.OQ,,,,,,0,,,,,,,,,,,,,,,,,,,
2008-06-06,PYPL.OQ,,,,,,0,,,,,,,,,,,,,,,,,,,
2008-06-09,PYPL.OQ,,,,,,0,,,,,,,,,,,,,,,,,,,
2008-06-10,PYPL.OQ,,,,,,0,,,,,,,,,,,,,,,,,,,
2008-06-11,PYPL.OQ,,,,,,0,,,,,,,,,,,,,,,,,,,
2008-06-12,PYPL.OQ,,,,,,0,,,,,,,,,,,,,,,,,,,
2008-06-13,PYPL.OQ,,,,,,0,,,,,,,,,,,,,,,,,,,
2008-06-16,PYPL.OQ,,,,,,0,,,,,,,,,,,,,,,,,,,
2008-06-17,PYPL.OQ,,,,,,0,,,,,,,,,,,,,,,,,,,
2008-06-18,PYPL.OQ,,,,,,0,,,,,,,,,,,,,,,,,,,
2008-06-19,PYPL.OQ,,,,,,0,,,,,,,,,,,,,,,,,,,
2008-06-20,PYPL.OQ,,,,,,0,,,,,,,,,,,,,,,,,,,
2008-06-23,PYPL.OQ,,,,,,0,,,,,,,,,,,,,,,,,,,
2008-06-24,PYPL.OQ,,,,,,0,,,,,,,,,,,,,,,,,,,
2008-06-25,PYPL.OQ,,,,,,0,,,,,,,,,,,,,,,,,,,
2008-06-26,PYPL.OQ,,,,,,0,,,,,,,,,,,,,,,,,,,
2008-06-27,PYPL.OQ,,,,,,0,,,,,,,,,,,,,,,,,,,
2008-06-30,PYPL.OQ,,,,,,0,,,,,,,,,,,,,,,,,,,
2008-07-01,PYPL.OQ,,,,,,0,,,,,,,,,,,,,,,,,,,
2008-07-02,PYPL.OQ,,,,,,0,,,,,,,,,,,,,,,,,,,
2008-07-03,PYPL.OQ,,,,,,0,,,,,,,,,,,,,,,,,,,
2008-07-07,PYPL.OQ,,,,,,0,,,,,,,,,,,,,,,,,,,
2008-07-08,PYPL.OQ,,,,,,0,,,,,,,,,,,,,,,,,,,
2008-07-09,PYPL.OQ,,,,,,0,,,,,,,,,,,,,,,,,,,
2008-07-10,PYPL.OQ,,,,,,0,,,,,,,,,,,,,,,,,,,
2008-07-11,PYPL.OQ,,,,,,0,,,,,,,,,,,,,,,,,,,
2008-07-14,PYPL.OQ,,,,,,0,,,,,,,,,,,,,,,,,,,
2008-07-15,PYPL.OQ,,,,,,0,,,,,,,,,,,,,,,,,,,
2008-07-16,PYPL.OQ,,,,,,0,,,,,,,,,,,,,,,,,,,
2008-07-17,PYPL.OQ,,,,,,0,,,,,,,,,,,,,,,,,,,
2008-07-18,PYPL.OQ,,,,,,0,,,,,,,,,,,,,,,,,,,
2008-07-21,PYPL.OQ,,,,,,0,,,,,,,,,,,,,,,,,,,
2008-07-22,PYPL.OQ,,,,,,0,,,,,,,,,,,,,,,,,,,
2008-07-23,PYPL.OQ,,,,,,0,,,,,,,,,,,,,,,,,,,
2008-07-24,PYPL.OQ,,,,,,0,,,,,,,,,,,,,,,,,,,
2008-07-25,PYPL.OQ,,,,,,0,,,,,,,,,,,,,,,,,,,
2008-07-28,PYPL.OQ,,,,,,0,,,,,,,,,,,,,,,,,,,
2008-07-29,PYPL.OQ,,,,,,0,,,,,,,,,,,,,,,,,,,
2008-07-30,PYPL.OQ,,,,,,0,,,,,,,,,,,,,,,,,,,
2008-07-31,PYPL.OQ,,,,,,0,,,,,,,,,,,,,,,,,,,
2008-08-01,PYPL.OQ,,,,,,0,,,,,,,,,,,,,,,,,,,
2008-08-04,PYPL.OQ,,,,,,0,,,,,,,,,,,,,,,,,,,
2008-08-05,PYPL.OQ,,,,,,0,,,,,,,,,,,,,,,,,,,
2008-08-06,PYPL.OQ,,,,,,0,,,,,,,,,,,,,,,,,,,
2008-08-07,PYPL.OQ,,,,,,0,,,,,,,,,,,,,,,,,,,
2008-08-08,PYPL.OQ,,,,,,0,,,,,,,,,,,,,,,,,,,
2008-08-11,PYPL.OQ,,,,,,0,,,,,,,,,,,,,,,,,,,
2008-08-12,PYPL.OQ,,,,,,0,,,,,,,,,,,,,,,,,,,
2008-08-13,PYPL.OQ,,,,,,0,,,,,,,,,,,,,,,,,,,
2008-08-14,PYPL.OQ,,,,,,0,,,,,,,,,,,,,,,,,,,
2008-08-15,PYPL.OQ,,,,,,0,,,,,,,,,,,,,,,,,,,
2008-08-18,PYPL.OQ,,,,,,0,,,,,,,,,,,,,,,,,,,
2008-08-19,PYPL.OQ,,,,,,0,,,,,,,,,,,,,,,,,,,
2008-08-20,PYPL.OQ,,,,,,0,,,,,,,,,,,,,,,,,,,
2008-08-21,PYPL.OQ,,,,,,0,,,,,,,,,,,,,,,,,,,
2008-08-22,PYPL.OQ,,,,,,0,,,,,,,,,,,,,,,,,,,
2008-08-25,PYPL.OQ,,,,,,0,,,,,,,,,,,,,,,,,,,
2008-08-26,PYPL.OQ,,,,,,0,,,,,,,,,,,,,,,,,,,
2008-08-27,PYPL.OQ,,,,,,0,,,,,,,,,,,,,,,,,,,
2008-08-28,PYPL.OQ,,,,,,0,,,,,,,,,,,,,,,,,,,
2008-08-29,PYPL.OQ,,,,,,0,,,,,,,,,,,,,,,,,,,
2008-09-02,PYPL.OQ,,,,,,0,,,,,,,,,,,,,,,,,,,
2008-09-03,PYPL.OQ,,,,,,0,,,,,,,,,,,,,,,,,,,
2008-09-04,PYPL.OQ,,,,,,0,,,,,,,,,,,,,,,,,,,
2008-09-05,PYPL.OQ,,,,,,0,,,,,,,,,,,,,,,,,,,
2008-09-08,PYPL.OQ,,,,,,0,,,,,,,,,,,,,,,,,,,
2008-09-09,PYPL.OQ,,,,,,0,,,,,,,,,,,,,,,,,,,
2008-09-10,PYPL.OQ,,,,,,0,,,,,,,,,,,,,,,,,,,
2008-09-11,PYPL.OQ,,,,,,0,,,,,,,,,,,,,,,,,,,
2008-09-12,PYPL.OQ,,,,,,0,,,,,,,,,,,,,,,,,,,
2008-09-15,PYPL.OQ,,,,,,0,,,,,,,,,,,,,,,,,,,
2008-09-16,PYPL.OQ,,,,,,0,,,,,,,,,,,,,,,,,,,
2008-09-17,PYPL.OQ,,,,,,0,,,,,,,,,,,,,,,,,,,
2008-09-18,PYPL.OQ,,,,,,0,,,,,,,,,,,,,,,,,,,
2008-09-19,PYPL.OQ,,,,,,0,,,,,,,,,,,,,,,,,,,
2008-09-22,PYPL.OQ,,,,,,0,,,,,,,,,,,,,,,,,,,
2008-09-23,PYPL.OQ,,,,,,0,,,,,,,,,,,,,,,,,,,
2008-09-24,PYPL.OQ,,,,,,0,,,,,,,,,,,,,,,,,,,
2008-09-25,PYPL.OQ,,,,,,0,,,,,,,,,,,,,,,,,,,
2008-09-26,PYPL.OQ,,,,,,0,,,,,,,,,,,,,,,,,,,
2008-09-29,PYPL.OQ,,,,,,0,,,,,,,,,,,,,,,,,,,
2008-09-30,PYPL.OQ,,,,,,0,,,,,,,,,,,,,,,,,,,
2008-10-01,PYPL.OQ,,,,,,0,,,,,,,,,,,,,,,,,,,
2008-10-02,PYPL.OQ,,,,,,0,,,,,,,,,,,,,,,,,,,
2008-10-03,PYPL.OQ,,,,,,0,,,,,,,,,,,,,,,,,,,
2008-10-06,PYPL.OQ,,,,,,0,,,,,,,,,,,,,,,,,,,
2008-10-07,PYPL.OQ,,,,,,0,,,,,,,,,,,,,,,,,,,
2008-10-08,PYPL.OQ,,,,,,0,,,,,,,,,,,,,,,,,,,
2008-10-09,PYPL.OQ,,,,,,0,,,,,,,,,,,,,,,,,,,
2008-10-10,PYPL.OQ,,,,,,0,,,,,,,,,,,,,,,,,,,
2008-10-13,PYPL.OQ,,,,,,0,,,,,,,,,,,,,,,,,,,
2008-10-14,PYPL.OQ,,,,,,0,,,,,,,,,,,,,,,,,,,
2008-10-15,PYPL.OQ,,,,,,0,,,,,,,,,,,,,,,,,,,
2008-10-16,PYPL.OQ,,,,,,0,,,,,,,,,,,,,,,,,,,
2008-10-17,PYPL.OQ,,,,,,0,,,,,,,,,,,,,,,,,,,
2008-10-20,PYPL.OQ,,,,,,0,,,,,,,,,,,,,,,,,,,
2008-10-21,PYPL.OQ,,,,,,0,,,,,,,,,,,,,,,,,,,
2008-10-22,PYPL.OQ,,,,,,0,,,,,,,,,,,,,,,,,,,
2008-10-23,PYPL.OQ,,,,,,0,,,,,,,,,,,,,,,,,,,
2008-10-24,PYPL.OQ,,,,,,0,,,,,,,,,,,,,,,,,,,
2008-10-27,PYPL.OQ,,,,,,0,,,,,,,,,,,,,,,,,,,
2008-10-28,PYPL.OQ,,,,,,0,,,,,,,,,,,,,,,,,,,
2008-10-29,PYPL.OQ,,,,,,0,,,,,,,,,,,,,,,,,,,
2008-10-30,PYPL.OQ,,,,,,0,,,,,,,,,,,,,,,,,,,
2008-10-31,PYPL.OQ,,,,,,0,,,,,,,,,,,,,,,,,,,
2008-11-03,PYPL.OQ,,,,,,0,,,,,,,,,,,,,,,,,,,
2008-11-04,PYPL.OQ,,,,,,0,,,,,,,,,,,,,,,,,,,
2008-11-05,PYPL.OQ,,,,,,0,,,,,,,,,,,,,,,,,,,
2008-11-06,PYPL.OQ,,,,,,0,,,,,,,,,,,,,,,,,,,
2008-11-07,PYPL.OQ,,,,,,0,,,,,,,,,,,,,,,,,,,
2008-11-10,PYPL.OQ,,,,,,0,,,,,,,,,,,,,,,,,,,
2008-11-11,PYPL.OQ,,,,,,0,,,,,,,,,,,,,,,,,,,
2008-11-12,PYPL.OQ,,,,,,0,,,,,,,,,,,,,,,,,,,
2008-11-13,PYPL.OQ,,,,,,0,,,,,,,,,,,,,,,,,,,
2008-11-14,PYPL.OQ,,,,,,0,,,,,,,,,,,,,,,,,,,
2008-11-17,PYPL.OQ,,,,,,0,,,,,,,,,,,,,,,,,,,
2008-11-18,PYPL.OQ,,,,,,0,,,,,,,,,,,,,,,,,,,
2008-11-19,PYPL.OQ,,,,,,0,,,,,,,,,,,,,,,,,,,
2008-11-20,PYPL.OQ,,,,,,0,,,,,,,,,,,,,,,,,,,
2008-11-21,PYPL.OQ,,,,,,0,,,,,,,,,,,,,,,,,,,
2008-11-24,PYPL.OQ,,,,,,0,,,,,,,,,,,,,,,,,,,
2008-11-25,PYPL.OQ,,,,,,0,,,,,,,,,,,,,,,,,,,
2008-11-26,PYPL.OQ,,,,,,0,,,,,,,,,,,,,,,,,,,
2008-11-28,PYPL.OQ,,,,,,0,,,,,,,,,,,,,,,,,,,
2008-12-01,PYPL.OQ,,,,,,0,,,,,,,,,,,,,,,,,,,
2008-12-02,PYPL.OQ,,,,,,0,,,,,,,,,,,,,,,,,,,
2008-12-03,PYPL.OQ,,,,,,0,,,,,,,,,,,,,,,,,,,
2008-12-04,PYPL.OQ,,,,,,0,,,,,,,,,,,,,,,,,,,
2008-12-05,PYPL.OQ,,,,,,0,,,,,,,,,,,,,,,,,,,
2008-12-08,PYPL.OQ,,,,,,0,,,,,,,,,,,,,,,,,,,
2008-12-09,PYPL.OQ,,,,,,0,,,,,,,,,,,,,,,,,,,
2008-12-10,PYPL.OQ,,,,,,0,,,,,,,,,,,,,,,,,,,
2008-12-11,PYPL.OQ,,,,,,0,,,,,,,,,,,,,,,,,,,
2008-12-12,PYPL.OQ,,,,,,0,,,,,,,,,,,,,,,,,,,
2008-12-15,PYPL.OQ,,,,,,0,,,,,,,,,,,,,,,,,,,
2008-12-16,PYPL.OQ,,,,,,0,,,,,,,,,,,,,,,,,,,
2008-12-17,PYPL.OQ,,,,,,0,,,,,,,,,,,,,,,,,,,
2008-12-18,PYPL.OQ,,,,,,0,,,,,,,,,,,,,,,,,,,
2008-12-19,PYPL.OQ,,,,,,0,,,,,,,,,,,,,,,,,,,
2008-12-22,PYPL.OQ,,,,,,0,,,,,,,,,,,,,,,,,,,
2008-12-23,PYPL.OQ,,,,,,0,,,,,,,,,,,,,,,,,,,
2008-12-24,PYPL.OQ,,,,,,0,,,,,,,,,,,,,,,,,,,
2008-12-26,PYPL.OQ,,,,,,0,,,,,,,,,,,,,,,,,,,
2008-12-29,PYPL.OQ,,,,,,0,,,,,,,,,,,,,,,,,,,
2008-12-30,PYPL.OQ,,,,,,0,,,,,,,,,,,,,,,,,,,
2008-12-31,PYPL.OQ,,,,,,0,,,,,,,,,,,,,,,,,,,
2009-01-02,PYPL.OQ,,,,,,0,,,,,,,,,,,,,,,,,,,
2009-01-05,PYPL.OQ,,,,,,0,,,,,,,,,,,,,,,,,,,
2009-01-06,PYPL.OQ,,,,,,0,,,,,,,,,,,,,,,,,,,
2009-01-07,PYPL.OQ,,,,,,0,,,,,,,,,,,,,,,,,,,
2009-01-08,PYPL.OQ,,,,,,0,,,,,,,,,,,,,,,,,,,
2009-01-09,PYPL.OQ,,,,,,0,,,,,,,,,,,,,,,,,,,
2009-01-12,PYPL.OQ,,,,,,0,,,,,,,,,,,,,,,,,,,
2009-01-13,PYPL.OQ,,,,,,0,,,,,,,,,,,,,,,,,,,
2009-01-14,PYPL.OQ,,,,,,0,,,,,,,,,,,,,,,,,,,
2009-01-15,PYPL.OQ,,,,,,0,,,,,,,,,,,,,,,,,,,
2009-01-16,PYPL.OQ,,,,,,0,,,,,,,,,,,,,,,,,,,
2009-01-20,PYPL.OQ,,,,,,0,,,,,,,,,,,,,,,,,,,
2009-01-21,PYPL.OQ,,,,,,0,,,,,,,,,,,,,,,,,,,
2009-01-22,PYPL.OQ,,,,,,0,,,,,,,,,,,,,,,,,,,
2009-01-23,PYPL.OQ,,,,,,0,,,,,,,,,,,,,,,,,,,
2009-01-26,PYPL.OQ,,,,,,0,,,,,,,,,,,,,,,,,,,
2009-01-27,PYPL.OQ,,,,,,0,,,,,,,,,,,,,,,,,,,
2009-01-28,PYPL.OQ,,,,,,0,,,,,,,,,,,,,,,,,,,
2009-01-29,PYPL.OQ,,,,,,0,,,,,,,,,,,,,,,,,,,
2009-01-30,PYPL.OQ,,,,,,0,,,,,,,,,,,,,,,,,,,
2009-02-02,PYPL.OQ,,,,,,0,,,,,,,,,,,,,,,,,,,
2009-02-03,PYPL.OQ,,,,,,0,,,,,,,,,,,,,,,,,,,
2009-02-04,PYPL.OQ,,,,,,0,,,,,,,,,,,,,,,,,,,
2009-02-05,PYPL.OQ,,,,,,0,,,,,,,,,,,,,,,,,,,
2009-02-06,PYPL.OQ,,,,,,0,,,,,,,,,,,,,,,,,,,
2009-02-09,PYPL.OQ,,,,,,0,,,,,,,,,,,,,,,,,,,
2009-02-10,PYPL.OQ,,,,,,0,,,,,,,,,,,,,,,,,,,
2009-02-11,PYPL.OQ,,,,,,0,,,,,,,,,,,,,,,,,,,
2009-02-12,PYPL.OQ,,,,,,0,,,,,,,,,,,,,,,,,,,
2009-02-13,PYPL.OQ,,,,,,0,,,,,,,,,,,,,,,,,,,
2009-02-17,PYPL.OQ,,,,,,0,,,,,,,,,,,,,,,,,,,
2009-02-18,PYPL.OQ,,,,,,0,,,,,,,,,,,,,,,,,,,
2009-02-19,PYPL.OQ,,,,,,0,,,,,,,,,,,,,,,,,,,
2009-02-20,PYPL.OQ,,,,,,0,,,,,,,,,,,,,,,,,,,
2009-02-23,PYPL.OQ,,,,,,0,,,,,,,,,,,,,,,,,,,
2009-02-24,PYPL.OQ,,,,,,0,,,,,,,,,,,,,,,,,,,
2009-02-25,PYPL.OQ,,,,,,0,,,,,,,,,,,,,,,,,,,
2009-02-26,PYPL.OQ,,,,,,0,,,,,,,,,,,,,,,,,,,
2009-02-27,PYPL.OQ,,,,,,0,,,,,,,,,,,,,,,,,,,
2009-03-02,PYPL.OQ,,,,,,0,,,,,,,,,,,,,,,,,,,
2009-03-03,PYPL.OQ,,,,,,0,,,,,,,,,,,,,,,,,,,
2009-03-04,PYPL.OQ,,,,,,0,,,,,,,,,,,,,,,,,,,
2009-03-05,PYPL.OQ,,,,,,0,,,,,,,,,,,,,,,,,,,
2009-03-06,PYPL.OQ,,,,,,0,,,,,,,,,,,,,,,,,,,
2009-03-09,PYPL.OQ,,,,,,0,,,,,,,,,,,,,,,,,,,
2009-03-10,PYPL.OQ,,,,,,0,,,,,,,,,,,,,,,,,,,
2009-03-11,PYPL.OQ,,,,,,0,,,,,,,,,,,,,,,,,,,
2009-03-12,PYPL.OQ,,,,,,0,,,,,,,,,,,,,,,,,,,
2009-03-13,PYPL.OQ,,,,,,0,,,,,,,,,,,,,,,,,,,
2009-03-16,PYPL.OQ,,,,,,0,,,,,,,,,,,,,,,,,,,
2009-03-17,PYPL.OQ,,,,,,0,,,,,,,,,,,,,,,,,,,
2009-03-18,PYPL.OQ,,,,,,0,,,,,,,,,,,,,,,,,,,
2009-03-19,PYPL.OQ,,,,,,0,,,,,,,,,,,,,,,,,,,
2009-03-20,PYPL.OQ,,,,,,0,,,,,,,,,,,,,,,,,,,
2009-03-23,PYPL.OQ,,,,,,0,,,,,,,,,,,,,,,,,,,
2009-03-24,PYPL.OQ,,,,,,0,,,,,,,,,,,,,,,,,,,
2009-03-25,PYPL.OQ,,,,,,0,,,,,,,,,,,,,,,,,,,
2009-03-26,PYPL.OQ,,,,,,0,,,,,,,,,,,,,,,,,,,
2009-03-27,PYPL.OQ,,,,,,0,,,,,,,,,,,,,,,,,,,
2009-03-30,PYPL.OQ,,,,,,0,,,,,,,,,,,,,,,,,,,
2009-03-31,PYPL.OQ,,,,,,0,,,,,,,,,,,,,,,,,,,
2009-04-01,PYPL.OQ,,,,,,0,,,,,,,,,,,,,,,,,,,
2009-04-02,PYPL.OQ,,,,,,0,,,,,,,,,,,,,,,,,,,
2009-04-03,PYPL.OQ,,,,,,0,,,,,,,,,,,,,,,,,,,
2009-04-06,PYPL.OQ,,,,,,0,,,,,,,,,,,,,,,,,,,
2009-04-07,PYPL.OQ,,,,,,0,,,,,,,,,,,,,,,,,,,
2009-04-08,PYPL.OQ,,,,,,0,,,,,,,,,,,,,,,,,,,
2009-04-09,PYPL.OQ,,,,,,0,,,,,,,,,,,,,,,,,,,
2009-04-13,PYPL.OQ,,,,,,0,,,,,,,,,,,,,,,,,,,
2009-04-14,PYPL.OQ,,,,,,0,,,,,,,,,,,,,,,,,,,
2009-04-15,PYPL.OQ,,,,,,0,,,,,,,,,,,,,,,,,,,
2009-04-16,PYPL.OQ,,,,,,0,,,,,,,,,,,,,,,,,,,
2009-04-17,PYPL.OQ,,,,,,0,,,,,,,,,,,,,,,,,,,
2009-04-20,PYPL.OQ,,,,,,0,,,,,,,,,,,,,,,,,,,
2009-04-21,PYPL.OQ,,,,,,0,,,,,,,,,,,,,,,,,,,
2009-04-22,PYPL.OQ,,,,,,0,,,,,,,,,,,,,,,,,,,
2009-04-23,PYPL.OQ,,,,,,0,,,,,,,,,,,,,,,,,,,
2009-04-24,PYPL.OQ,,,,,,0,,,,,,,,,,,,,,,,,,,
2009-04-27,PYPL.OQ,,,,,,0,,,,,,,,,,,,,,,,,,,
2009-04-28,PYPL.OQ,,,,,,0,,,,,,,,,,,,,,,,,,,
2009-04-29,PYPL.OQ,,,,,,0,,,,,,,,,,,,,,,,,,,
2009-04-30,PYPL.OQ,,,,,,0,,,,,,,,,,,,,,,,,,,
2009-05-01,PYPL.OQ,,,,,,0,,,,,,,,,,,,,,,,,,,
2009-05-04,PYPL.OQ,,,,,,0,,,,,,,,,,,,,,,,,,,
2009-05-05,PYPL.OQ,,,,,,0,,,,,,,,,,,,,,,,,,,
2009-05-06,PYPL.OQ,,,,,,0,,,,,,,,,,,,,,,,,,,
2009-05-07,PYPL.OQ,,,,,,0,,,,,,,,,,,,,,,,,,,
2009-05-08,PYPL.OQ,,,,,,0,,,,,,,,,,,,,,,,,,,
2009-05-11,PYPL.OQ,,,,,,0,,,,,,,,,,,,,,,,,,,
2009-05-12,PYPL.OQ,,,,,,0,,,,,,,,,,,,,,,,,,,
2009-05-13,PYPL.OQ,,,,,,0,,,,,,,,,,,,,,,,,,,
2009-05-14,PYPL.OQ,,,,,,0,,,,,,,,,,,,,,,,,,,
2009-05-15,PYPL.OQ,,,,,,0,,,,,,,,,,,,,,,,,,,
2009-05-18,PYPL.OQ,,,,,,0,,,,,,,,,,,,,,,,,,,
2009-05-19,PYPL.OQ,,,,,,0,,,,,,,,,,,,,,,,,,,
2009-05-20,PYPL.OQ,,,,,,0,,,,,,,,,,,,,,,,,,,
2009-05-21,PYPL.OQ,,,,,,0,,,,,,,,,,,,,,,,,,,
2009-05-22,PYPL.OQ,,,,,,0,,,,,,,,,,,,,,,,,,,
2009-05-26,PYPL.OQ,,,,,,0,,,,,,,,,,,,,,,,,,,
2009-05-27,PYPL.OQ,,,,,,0,,,,,,,,,,,,,,,,,,,
2009-05-28,PYPL.OQ,,,,,,0,,,,,,,,,,,,,,,,,,,
2009-05-29,PYPL.OQ,,,,,,0,,,,,,,,,,,,,,,,,,,
2009-06-01,PYPL.OQ,,,,,,0,,,,,,,,,,,,,,,,,,,
2009-06-02,PYPL.OQ,,,,,,0,,,,,,,,,,,,,,,,,,,
2009-06-03,PYPL.OQ,,,,,,0,,,,,,,,,,,,,,,,,,,
2009-06-04,PYPL.OQ,,,,,,0,,,,,,,,,,,,,,,,,,,
2009-06-05,PYPL.OQ,,,,,,0,,,,,,,,,,,,,,,,,,,
2009-06-08,PYPL.OQ,,,,,,0,,,,,,,,,,,,,,,,,,,
2009-06-09,PYPL.OQ,,,,,,0,,,,,,,,,,,,,,,,,,,
2009-06-10,PYPL.OQ,,,,,,0,,,,,,,,,,,,,,,,,,,
2009-06-11,PYPL.OQ,,,,,,0,,,,,,,,,,,,,,,,,,,
2009-06-12,PYPL.OQ,,,,,,0,,,,,,,,,,,,,,,,,,,
2009-06-15,PYPL.OQ,,,,,,0,,,,,,,,,,,,,,,,,,,
2009-06-16,PYPL.OQ,,,,,,0,,,,,,,,,,,,,,,,,,,
2009-06-17,PYPL.OQ,,,,,,0,,,,,,,,,,,,,,,,,,,
2009-06-18,PYPL.OQ,,,,,,0,,,,,,,,,,,,,,,,,,,
2009-06-19,PYPL.OQ,,,,,,0,,,,,,,,,,,,,,,,,,,
2009-06-22,PYPL.OQ,,,,,,0,,,,,,,,,,,,,,,,,,,
2009-06-23,PYPL.OQ,,,,,,0,,,,,,,,,,,,,,,,,,,
2009-06-24,PYPL.OQ,,,,,,0,,,,,,,,,,,,,,,,,,,
2009-06-25,PYPL.OQ,,,,,,0,,,,,,,,,,,,,,,,,,,
2009-06-26,PYPL.OQ,,,,,,0,,,,,,,,,,,,,,,,,,,
2009-06-29,PYPL.OQ,,,,,,0,,,,,,,,,,,,,,,,,,,
2009-06-30,PYPL.OQ,,,,,,0,,,,,,,,,,,,,,,,,,,
2009-07-01,PYPL.OQ,,,,,,0,,,,,,,,,,,,,,,,,,,
2009-07-02,PYPL.OQ,,,,,,0,,,,,,,,,,,,,,,,,,,
2009-07-06,PYPL.OQ,,,,,,0,,,,,,,,,,,,,,,,,,,
2009-07-07,PYPL.OQ,,,,,,0,,,,,,,,,,,,,,,,,,,
2009-07-08,PYPL.OQ,,,,,,0,,,,,,,,,,,,,,,,,,,
2009-07-09,PYPL.OQ,,,,,,0,,,,,,,,,,,,,,,,,,,
2009-07-10,PYPL.OQ,,,,,,0,,,,,,,,,,,,,,,,,,,
2009-07-13,PYPL.OQ,,,,,,0,,,,,,,,,,,,,,,,,,,
2009-07-14,PYPL.OQ,,,,,,0,,,,,,,,,,,,,,,,,,,
2009-07-15,PYPL.OQ,,,,,,0,,,,,,,,,,,,,,,,,,,
2009-07-16,PYPL.OQ,,,,,,0,,,,,,,,,,,,,,,,,,,
2009-07-17,PYPL.OQ,,,,,,0,,,,,,,,,,,,,,,,,,,
2009-07-20,PYPL.OQ,,,,,,0,,,,,,,,,,,,,,,,,,,
2009-07-21,PYPL.OQ,,,,,,0,,,,,,,,,,,,,,,,,,,
2009-07-22,PYPL.OQ,,,,,,0,,,,,,,,,,,,,,,,,,,
2009-07-23,PYPL.OQ,,,,,,0,,,,,,,,,,,,,,,,,,,
2009-07-24,PYPL.OQ,,,,,,0,,,,,,,,,,,,,,,,,,,
2009-07-27,PYPL.OQ,,,,,,0,,,,,,,,,,,,,,,,,,,
2009-07-28,PYPL.OQ,,,,,,0,,,,,,,,,,,,,,,,,,,
2009-07-29,PYPL.OQ,,,,,,0,,,,,,,,,,,,,,,,,,,
2009-07-30,PYPL.OQ,,,,,,0,,,,,,,,,,,,,,,,,,,
2009-07-31,PYPL.OQ,,,,,,0,,,,,,,,,,,,,,,,,,,
2009-08-03,PYPL.OQ,,,,,,0,,,,,,,,,,,,,,,,,,,
2009-08-04,PYPL.OQ,,,,,,0,,,,,,,,,,,,,,,,,,,
2009-08-05,PYPL.OQ,,,,,,0,,,,,,,,,,,,,,,,,,,
2009-08-06,PYPL.OQ,,,,,,0,,,,,,,,,,,,,,,,,,,
2009-08-07,PYPL.OQ,,,,,,0,,,,,,,,,,,,,,,,,,,
2009-08-10,PYPL.OQ,,,,,,0,,,,,,,,,,,,,,,,,,,
2009-08-11,PYPL.OQ,,,,,,0,,,,,,,,,,,,,,,,,,,
2009-08-12,PYPL.OQ,,,,,,0,,,,,,,,,,,,,,,,,,,
2009-08-13,PYPL.OQ,,,,,,0,,,,,,,,,,,,,,,,,,,
2009-08-14,PYPL.OQ,,,,,,0,,,,,,,,,,,,,,,,,,,
2009-08-17,PYPL.OQ,,,,,,0,,,,,,,,,,,,,,,,,,,
2009-08-18,PYPL.OQ,,,,,,0,,,,,,,,,,,,,,,,,,,
2009-08-19,PYPL.OQ,,,,,,0,,,,,,,,,,,,,,,,,,,
2009-08-20,PYPL.OQ,,,,,,0,,,,,,,,,,,,,,,,,,,
2009-08-21,PYPL.OQ,,,,,,0,,,,,,,,,,,,,,,,,,,
2009-08-24,PYPL.OQ,,,,,,0,,,,,,,,,,,,,,,,,,,
2009-08-25,PYPL.OQ,,,,,,0,,,,,,,,,,,,,,,,,,,
2009-08-26,PYPL.OQ,,,,,,0,,,,,,,,,,,,,,,,,,,
2009-08-27,PYPL.OQ,,,,,,0,,,,,,,,,,,,,,,,,,,
2009-08-28,PYPL.OQ,,,,,,0,,,,,,,,,,,,,,,,,,,
2009-08-31,PYPL.OQ,,,,,,0,,,,,,,,,,,,,,,,,,,
2009-09-01,PYPL.OQ,,,,,,0,,,,,,,,,,,,,,,,,,,
2009-09-02,PYPL.OQ,,,,,,0,,,,,,,,,,,,,,,,,,,
2009-09-03,PYPL.OQ,,,,,,0,,,,,,,,,,,,,,,,,,,
2009-09-04,PYPL.OQ,,,,,,0,,,,,,,,,,,,,,,,,,,
2009-09-08,PYPL.OQ,,,,,,0,,,,,,,,,,,,,,,,,,,
2009-09-09,PYPL.OQ,,,,,,0,,,,,,,,,,,,,,,,,,,
2009-09-10,PYPL.OQ,,,,,,0,,,,,,,,,,,,,,,,,,,
2009-09-11,PYPL.OQ,,,,,,0,,,,,,,,,,,,,,,,,,,
2009-09-14,PYPL.OQ,,,,,,0,,,,,,,,,,,,,,,,,,,
2009-09-15,PYPL.OQ,,,,,,0,,,,,,,,,,,,,,,,,,,
2009-09-16,PYPL.OQ,,,,,,0,,,,,,,,,,,,,,,,,,,
2009-09-17,PYPL.OQ,,,,,,0,,,,,,,,,,,,,,,,,,,
2009-09-18,PYPL.OQ,,,,,,0,,,,,,,,,,,,,,,,,,,
2009-09-21,PYPL.OQ,,,,,,0,,,,,,,,,,,,,,,,,,,
2009-09-22,PYPL.OQ,,,,,,0,,,,,,,,,,,,,,,,,,,
2009-09-23,PYPL.OQ,,,,,,0,,,,,,,,,,,,,,,,,,,
2009-09-24,PYPL.OQ,,,,,,0,,,,,,,,,,,,,,,,,,,
2009-09-25,PYPL.OQ,,,,,,0,,,,,,,,,,,,,,,,,,,
2009-09-28,PYPL.OQ,,,,,,0,,,,,,,,,,,,,,,,,,,
2009-09-29,PYPL.OQ,,,,,,0,,,,,,,,,,,,,,,,,,,
2009-09-30,PYPL.OQ,,,,,,0,,,,,,,,,,,,,,,,,,,
2009-10-01,PYPL.OQ,,,,,,0,,,,,,,,,,,,,,,,,,,
2009-10-02,PYPL.OQ,,,,,,0,,,,,,,,,,,,,,,,,,,
2009-10-05,PYPL.OQ,,,,,,0,,,,,,,,,,,,,,,,,,,
2009-10-06,PYPL.OQ,,,,,,0,,,,,,,,,,,,,,,,,,,
2009-10-07,PYPL.OQ,,,,,,0,,,,,,,,,,,,,,,,,,,
2009-10-08,PYPL.OQ,,,,,,0,,,,,,,,,,,,,,,,,,,
2009-10-09,PYPL.OQ,,,,,,0,,,,,,,,,,,,,,,,,,,
2009-10-12,PYPL.OQ,,,,,,0,,,,,,,,,,,,,,,,,,,
2009-10-13,PYPL.OQ,,,,,,0,,,,,,,,,,,,,,,,,,,
2009-10-14,PYPL.OQ,,,,,,0,,,,,,,,,,,,,,,,,,,
2009-10-15,PYPL.OQ,,,,,,0,,,,,,,,,,,,,,,,,,,
2009-10-16,PYPL.OQ,,,,,,0,,,,,,,,,,,,,,,,,,,
2009-10-19,PYPL.OQ,,,,,,0,,,,,,,,,,,,,,,,,,,
2009-10-20,PYPL.OQ,,,,,,0,,,,,,,,,,,,,,,,,,,
2009-10-21,PYPL.OQ,,,,,,0,,,,,,,,,,,,,,,,,,,
2009-10-22,PYPL.OQ,,,,,,0,,,,,,,,,,,,,,,,,,,
2009-10-23,PYPL.OQ,,,,,,0,,,,,,,,,,,,,,,,,,,
2009-10-26,PYPL.OQ,,,,,,0,,,,,,,,,,,,,,,,,,,
2009-10-27,PYPL.OQ,,,,,,0,,,,,,,,,,,,,,,,,,,
2009-10-28,PYPL.OQ,,,,,,0,,,,,,,,,,,,,,,,,,,
2009-10-29,PYPL.OQ,,,,,,0,,,,,,,,,,,,,,,,,,,
2009-10-30,PYPL.OQ,,,,,,0,,,,,,,,,,,,,,,,,,,
2009-11-02,PYPL.OQ,,,,,,0,,,,,,,,,,,,,,,,,,,
2009-11-03,PYPL.OQ,,,,,,0,,,,,,,,,,,,,,,,,,,
2009-11-04,PYPL.OQ,,,,,,0,,,,,,,,,,,,,,,,,,,
2009-11-05,PYPL.OQ,,,,,,0,,,,,,,,,,,,,,,,,,,
2009-11-06,PYPL.OQ,,,,,,0,,,,,,,,,,,,,,,,,,,
2009-11-09,PYPL.OQ,,,,,,0,,,,,,,,,,,,,,,,,,,
2009-11-10,PYPL.OQ,,,,,,0,,,,,,,,,,,,,,,,,,,
2009-11-11,PYPL.OQ,,,,,,0,,,,,,,,,,,,,,,,,,,
2009-11-12,PYPL.OQ,,,,,,0,,,,,,,,,,,,,,,,,,,
2009-11-13,PYPL.OQ,,,,,,0,,,,,,,,,,,,,,,,,,,
2009-11-16,PYPL.OQ,,,,,,0,,,,,,,,,,,,,,,,,,,
2009-11-17,PYPL.OQ,,,,,,0,,,,,,,,,,,,,,,,,,,
2009-11-18,PYPL.OQ,,,,,,0,,,,,,,,,,,,,,,,,,,
2009-11-19,PYPL.OQ,,,,,,0,,,,,,,,,,,,,,,,,,,
2009-11-20,PYPL.OQ,,,,,,0,,,,,,,,,,,,,,,,,,,
2009-11-23,PYPL.OQ,,,,,,0,,,,,,,,,,,,,,,,,,,
2009-11-24,PYPL.OQ,,,,,,0,,,,,,,,,,,,,,,,,,,
2009-11-25,PYPL.OQ,,,,,,0,,,,,,,,,,,,,,,,,,,
2009-11-27,PYPL.OQ,,,,,,0,,,,,,,,,,,,,,,,,,,
2009-11-30,PYPL.OQ,,,,,,0,,,,,,,,,,,,,,,,,,,
2009-12-01,PYPL.OQ,,,,,,0,,,,,,,,,,,,,,,,,,,
2009-12-02,PYPL.OQ,,,,,,0,,,,,,,,,,,,,,,,,,,
2009-12-03,PYPL.OQ,,,,,,0,,,,,,,,,,,,,,,,,,,
2009-12-04,PYPL.OQ,,,,,,0,,,,,,,,,,,,,,,,,,,
2009-12-07,PYPL.OQ,,,,,,0,,,,,,,,,,,,,,,,,,,
2009-12-08,PYPL.OQ,,,,,,0,,,,,,,,,,,,,,,,,,,
2009-12-09,PYPL.OQ,,,,,,0,,,,,,,,,,,,,,,,,,,
2009-12-10,PYPL.OQ,,,,,,0,,,,,,,,,,,,,,,,,,,
2009-12-11,PYPL.OQ,,,,,,0,,,,,,,,,,,,,,,,,,,
2009-12-14,PYPL.OQ,,,,,,0,,,,,,,,,,,,,,,,,,,
2009-12-15,PYPL.OQ,,,,,,0,,,,,,,,,,,,,,,,,,,
2009-12-16,PYPL.OQ,,,,,,0,,,,,,,,,,,,,,,,,,,
2009-12-17,PYPL.OQ,,,,,,0,,,,,,,,,,,,,,,,,,,
2009-12-18,PYPL.OQ,,,,,,0,,,,,,,,,,,,,,,,,,,
2009-12-21,PYPL.OQ,,,,,,0,,,,,,,,,,,,,,,,,,,
2009-12-22,PYPL.OQ,,,,,,0,,,,,,,,,,,,,,,,,,,
2009-12-23,PYPL.OQ,,,,,,0,,,,,,,,,,,,,,,,,,,
2009-12-24,PYPL.OQ,,,,,,0,,,,,,,,,,,,,,,,,,,
2009-12-28,PYPL.OQ,,,,,,0,,,,,,,,,,,,,,,,,,,
2009-12-29,PYPL.OQ,,,,,,0,,,,,,,,,,,,,,,,,,,
2009-12-30,PYPL.OQ,,,,,,0,,,,,,,,,,,,,,,,,,,
2009-12-31,PYPL.OQ,,,,,,0,,,,,,,,,,,,,,,,,,,
2010-01-04,PYPL.OQ,,,,,,0,,,,,,,,,,,,,,,,,,,
2010-01-05,PYPL.OQ,,,,,,0,,,,,,,,,,,,,,,,,,,
2010-01-06,PYPL.OQ,,,,,,0,,,,,,,,,,,,,,,,,,,
2010-01-07,PYPL.OQ,,,,,,0,,,,,,,,,,,,,,,,,,,
2010-01-08,PYPL.OQ,,,,,,0,,,,,,,,,,,,,,,,,,,
2010-01-11,PYPL.OQ,,,,,,0,,,,,,,,,,,,,,,,,,,
2010-01-12,PYPL.OQ,,,,,,0,,,,,,,,,,,,,,,,,,,
2010-01-13,PYPL.OQ,,,,,,0,,,,,,,,,,,,,,,,,,,
2010-01-14,PYPL.OQ,,,,,,0,,,,,,,,,,,,,,,,,,,
2010-01-15,PYPL.OQ,,,,,,0,,,,,,,,,,,,,,,,,,,
2010-01-19,PYPL.OQ,,,,,,0,,,,,,,,,,,,,,,,,,,
2010-01-20,PYPL.OQ,,,,,,0,,,,,,,,,,,,,,,,,,,
2010-01-21,PYPL.OQ,,,,,,0,,,,,,,,,,,,,,,,,,,
2010-01-22,PYPL.OQ,,,,,,0,,,,,,,,,,,,,,,,,,,
2010-01-25,PYPL.OQ,,,,,,0,,,,,,,,,,,,,,,,,,,
2010-01-26,PYPL.OQ,,,,,,0,,,,,,,,,,,,,,,,,,,
2010-01-27,PYPL.OQ,,,,,,0,,,,,,,,,,,,,,,,,,,
2010-01-28,PYPL.OQ,,,,,,0,,,,,,,,,,,,,,,,,,,
2010-01-29,PYPL.OQ,,,,,,0,,,,,,,,,,,,,,,,,,,
2010-02-01,PYPL.OQ,,,,,,0,,,,,,,,,,,,,,,,,,,
2010-02-02,PYPL.OQ,,,,,,0,,,,,,,,,,,,,,,,,,,
2010-02-03,PYPL.OQ,,,,,,0,,,,,,,,,,,,,,,,,,,
2010-02-04,PYPL.OQ,,,,,,0,,,,,,,,,,,,,,,,,,,
2010-02-05,PYPL.OQ,,,,,,0,,,,,,,,,,,,,,,,,,,
2010-02-08,PYPL.OQ,,,,,,0,,,,,,,,,,,,,,,,,,,
2010-02-09,PYPL.OQ,,,,,,0,,,,,,,,,,,,,,,,,,,
2010-02-10,PYPL.OQ,,,,,,0,,,,,,,,,,,,,,,,,,,
2010-02-11,PYPL.OQ,,,,,,0,,,,,,,,,,,,,,,,,,,
2010-02-12,PYPL.OQ,,,,,,0,,,,,,,,,,,,,,,,,,,
2010-02-16,PYPL.OQ,,,,,,0,,,,,,,,,,,,,,,,,,,
2010-02-17,PYPL.OQ,,,,,,0,,,,,,,,,,,,,,,,,,,
2010-02-18,PYPL.OQ,,,,,,0,,,,,,,,,,,,,,,,,,,
2010-02-19,PYPL.OQ,,,,,,0,,,,,,,,,,,,,,,,,,,
2010-02-22,PYPL.OQ,,,,,,0,,,,,,,,,,,,,,,,,,,
2010-02-23,PYPL.OQ,,,,,,0,,,,,,,,,,,,,,,,,,,
2010-02-24,PYPL.OQ,,,,,,0,,,,,,,,,,,,,,,,,,,
2010-02-25,PYPL.OQ,,,,,,0,,,,,,,,,,,,,,,,,,,
2010-02-26,PYPL.OQ,,,,,,0,,,,,,,,,,,,,,,,,,,
2010-03-01,PYPL.OQ,,,,,,0,,,,,,,,,,,,,,,,,,,
2010-03-02,PYPL.OQ,,,,,,0,,,,,,,,,,,,,,,,,,,
2010-03-03,PYPL.OQ,,,,,,0,,,,,,,,,,,,,,,,,,,
2010-03-04,PYPL.OQ,,,,,,0,,,,,,,,,,,,,,,,,,,
2010-03-05,PYPL.OQ,,,,,,0,,,,,,,,,,,,,,,,,,,
2010-03-08,PYPL.OQ,,,,,,0,,,,,,,,,,,,,,,,,,,
2010-03-09,PYPL.OQ,,,,,,0,,,,,,,,,,,,,,,,,,,
2010-03-10,PYPL.OQ,,,,,,0,,,,,,,,,,,,,,,,,,,
2010-03-11,PYPL.OQ,,,,,,0,,,,,,,,,,,,,,,,,,,
2010-03-12,PYPL.OQ,,,,,,0,,,,,,,,,,,,,,,,,,,
2010-03-15,PYPL.OQ,,,,,,0,,,,,,,,,,,,,,,,,,,
2010-03-16,PYPL.OQ,,,,,,0,,,,,,,,,,,,,,,,,,,
2010-03-17,PYPL.OQ,,,,,,0,,,,,,,,,,,,,,,,,,,
2010-03-18,PYPL.OQ,,,,,,0,,,,,,,,,,,,,,,,,,,
2010-03-19,PYPL.OQ,,,,,,0,,,,,,,,,,,,,,,,,,,
2010-03-22,PYPL.OQ,,,,,,0,,,,,,,,,,,,,,,,,,,
2010-03-23,PYPL.OQ,,,,,,0,,,,,,,,,,,,,,,,,,,
2010-03-24,PYPL.OQ,,,,,,0,,,,,,,,,,,,,,,,,,,
2010-03-25,PYPL.OQ,,,,,,0,,,,,,,,,,,,,,,,,,,
2010-03-26,PYPL.OQ,,,,,,0,,,,,,,,,,,,,,,,,,,
2010-03-29,PYPL.OQ,,,,,,0,,,,,,,,,,,,,,,,,,,
2010-03-30,PYPL.OQ,,,,,,0,,,,,,,,,,,,,,,,,,,
2010-03-31,PYPL.OQ,,,,,,0,,,,,,,,,,,,,,,,,,,
2010-04-01,PYPL.OQ,,,,,,0,,,,,,,,,,,,,,,,,,,
2010-04-05,PYPL.OQ,,,,,,0,,,,,,,,,,,,,,,,,,,
2010-04-06,PYPL.OQ,,,,,,0,,,,,,,,,,,,,,,,,,,
2010-04-07,PYPL.OQ,,,,,,0,,,,,,,,,,,,,,,,,,,
2010-04-08,PYPL.OQ,,,,,,0,,,,,,,,,,,,,,,,,,,
2010-04-09,PYPL.OQ,,,,,,0,,,,,,,,,,,,,,,,,,,
2010-04-12,PYPL.OQ,,,,,,0,,,,,,,,,,,,,,,,,,,
2010-04-13,PYPL.OQ,,,,,,0,,,,,,,,,,,,,,,,,,,
2010-04-14,PYPL.OQ,,,,,,0,,,,,,,,,,,,,,,,,,,
2010-04-15,PYPL.OQ,,,,,,0,,,,,,,,,,,,,,,,,,,
2010-04-16,PYPL.OQ,,,,,,0,,,,,,,,,,,,,,,,,,,
2010-04-19,PYPL.OQ,,,,,,0,,,,,,,,,,,,,,,,,,,
2010-04-20,PYPL.OQ,,,,,,0,,,,,,,,,,,,,,,,,,,
2010-04-21,PYPL.OQ,,,,,,0,,,,,,,,,,,,,,,,,,,
2010-04-22,PYPL.OQ,,,,,,0,,,,,,,,,,,,,,,,,,,
2010-04-23,PYPL.OQ,,,,,,0,,,,,,,,,,,,,,,,,,,
2010-04-26,PYPL.OQ,,,,,,0,,,,,,,,,,,,,,,,,,,
2010-04-27,PYPL.OQ,,,,,,0,,,,,,,,,,,,,,,,,,,
2010-04-28,PYPL.OQ,,,,,,0,,,,,,,,,,,,,,,,,,,
2010-04-29,PYPL.OQ,,,,,,0,,,,,,,,,,,,,,,,,,,
2010-04-30,PYPL.OQ,,,,,,0,,,,,,,,,,,,,,,,,,,
2010-05-03,PYPL.OQ,,,,,,0,,,,,,,,,,,,,,,,,,,
2010-05-04,PYPL.OQ,,,,,,0,,,,,,,,,,,,,,,,,,,
2010-05-05,PYPL.OQ,,,,,,0,,,,,,,,,,,,,,,,,,,
2010-05-06,PYPL.OQ,,,,,,0,,,,,,,,,,,,,,,,,,,
2010-05-07,PYPL.OQ,,,,,,0,,,,,,,,,,,,,,,,,,,
2010-05-10,PYPL.OQ,,,,,,0,,,,,,,,,,,,,,,,,,,
2010-05-11,PYPL.OQ,,,,,,0,,,,,,,,,,,,,,,,,,,
2010-05-12,PYPL.OQ,,,,,,0,,,,,,,,,,,,,,,,,,,
2010-05-13,PYPL.OQ,,,,,,0,,,,,,,,,,,,,,,,,,,
2010-05-14,PYPL.OQ,,,,,,0,,,,,,,,,,,,,,,,,,,
2010-05-17,PYPL.OQ,,,,,,0,,,,,,,,,,,,,,,,,,,
2010-05-18,PYPL.OQ,,,,,,0,,,,,,,,,,,,,,,,,,,
2010-05-19,PYPL.OQ,,,,,,0,,,,,,,,,,,,,,,,,,,
2010-05-20,PYPL.OQ,,,,,,0,,,,,,,,,,,,,,,,,,,
2010-05-21,PYPL.OQ,,,,,,0,,,,,,,,,,,,,,,,,,,
2010-05-24,PYPL.OQ,,,,,,0,,,,,,,,,,,,,,,,,,,
2010-05-25,PYPL.OQ,,,,,,0,,,,,,,,,,,,,,,,,,,
2010-05-26,PYPL.OQ,,,,,,0,,,,,,,,,,,,,,,,,,,
2010-05-27,PYPL.OQ,,,,,,0,,,,,,,,,,,,,,,,,,,
2010-05-28,PYPL.OQ,,,,,,0,,,,,,,,,,,,,,,,,,,
2010-06-01,PYPL.OQ,,,,,,0,,,,,,,,,,,,,,,,,,,
2010-06-02,PYPL.OQ,,,,,,0,,,,,,,,,,,,,,,,,,,
2010-06-03,PYPL.OQ,,,,,,0,,,,,,,,,,,,,,,,,,,
2010-06-04,PYPL.OQ,,,,,,0,,,,,,,,,,,,,,,,,,,
2010-06-07,PYPL.OQ,,,,,,0,,,,,,,,,,,,,,,,,,,
2010-06-08,PYPL.OQ,,,,,,0,,,,,,,,,,,,,,,,,,,
2010-06-09,PYPL.OQ,,,,,,0,,,,,,,,,,,,,,,,,,,
2010-06-10,PYPL.OQ,,,,,,0,,,,,,,,,,,,,,,,,,,
2010-06-11,PYPL.OQ,,,,,,0,,,,,,,,,,,,,,,,,,,
2010-06-14,PYPL.OQ,,,,,,0,,,,,,,,,,,,,,,,,,,
2010-06-15,PYPL.OQ,,,,,,0,,,,,,,,,,,,,,,,,,,
2010-06-16,PYPL.OQ,,,,,,0,,,,,,,,,,,,,,,,,,,
2010-06-17,PYPL.OQ,,,,,,0,,,,,,,,,,,,,,,,,,,
2010-06-18,PYPL.OQ,,,,,,0,,,,,,,,,,,,,,,,,,,
2010-06-21,PYPL.OQ,,,,,,0,,,,,,,,,,,,,,,,,,,
2010-06-22,PYPL.OQ,,,,,,0,,,,,,,,,,,,,,,,,,,
2010-06-23,PYPL.OQ,,,,,,0,,,,,,,,,,,,,,,,,,,
2010-06-24,PYPL.OQ,,,,,,0,,,,,,,,,,,,,,,,,,,
2010-06-25,PYPL.OQ,,,,,,0,,,,,,,,,,,,,,,,,,,
2010-06-28,PYPL.OQ,,,,,,0,,,,,,,,,,,,,,,,,,,
2010-06-29,PYPL.OQ,,,,,,0,,,,,,,,,,,,,,,,,,,
2010-06-30,PYPL.OQ,,,,,,0,,,,,,,,,,,,,,,,,,,
2010-07-01,PYPL.OQ,,,,,,0,,,,,,,,,,,,,,,,,,,
2010-07-02,PYPL.OQ,,,,,,0,,,,,,,,,,,,,,,,,,,
2010-07-06,PYPL.OQ,,,,,,0,,,,,,,,,,,,,,,,,,,
2010-07-07,PYPL.OQ,,,,,,0,,,,,,,,,,,,,,,,,,,
2010-07-08,PYPL.OQ,,,,,,0,,,,,,,,,,,,,,,,,,,
2010-07-09,PYPL.OQ,,,,,,0,,,,,,,,,,,,,,,,,,,
2010-07-12,PYPL.OQ,,,,,,0,,,,,,,,,,,,,,,,,,,
2010-07-13,PYPL.OQ,,,,,,0,,,,,,,,,,,,,,,,,,,
2010-07-14,PYPL.OQ,,,,,,0,,,,,,,,,,,,,,,,,,,
2010-07-15,PYPL.OQ,,,,,,0,,,,,,,,,,,,,,,,,,,
2010-07-16,PYPL.OQ,,,,,,0,,,,,,,,,,,,,,,,,,,
2010-07-19,PYPL.OQ,,,,,,0,,,,,,,,,,,,,,,,,,,
2010-07-20,PYPL.OQ,,,,,,0,,,,,,,,,,,,,,,,,,,
2010-07-21,PYPL.OQ,,,,,,0,,,,,,,,,,,,,,,,,,,
2010-07-22,PYPL.OQ,,,,,,0,,,,,,,,,,,,,,,,,,,
2010-07-23,PYPL.OQ,,,,,,0,,,,,,,,,,,,,,,,,,,
2010-07-26,PYPL.OQ,,,,,,0,,,,,,,,,,,,,,,,,,,
2010-07-27,PYPL.OQ,,,,,,0,,,,,,,,,,,,,,,,,,,
2010-07-28,PYPL.OQ,,,,,,0,,,,,,,,,,,,,,,,,,,
2010-07-29,PYPL.OQ,,,,,,0,,,,,,,,,,,,,,,,,,,
2010-07-30,PYPL.OQ,,,,,,0,,,,,,,,,,,,,,,,,,,
2010-08-02,PYPL.OQ,,,,,,0,,,,,,,,,,,,,,,,,,,
2010-08-03,PYPL.OQ,,,,,,0,,,,,,,,,,,,,,,,,,,
2010-08-04,PYPL.OQ,,,,,,0,,,,,,,,,,,,,,,,,,,
2010-08-05,PYPL.OQ,,,,,,0,,,,,,,,,,,,,,,,,,,
2010-08-06,PYPL.OQ,,,,,,0,,,,,,,,,,,,,,,,,,,
2010-08-09,PYPL.OQ,,,,,,0,,,,,,,,,,,,,,,,,,,
2010-08-10,PYPL.OQ,,,,,,0,,,,,,,,,,,,,,,,,,,
2010-08-11,PYPL.OQ,,,,,,0,,,,,,,,,,,,,,,,,,,
2010-08-12,PYPL.OQ,,,,,,0,,,,,,,,,,,,,,,,,,,
2010-08-13,PYPL.OQ,,,,,,0,,,,,,,,,,,,,,,,,,,
2010-08-16,PYPL.OQ,,,,,,0,,,,,,,,,,,,,,,,,,,
2010-08-17,PYPL.OQ,,,,,,0,,,,,,,,,,,,,,,,,,,
2010-08-18,PYPL.OQ,,,,,,0,,,,,,,,,,,,,,,,,,,
2010-08-19,PYPL.OQ,,,,,,0,,,,,,,,,,,,,,,,,,,
2010-08-20,PYPL.OQ,,,,,,0,,,,,,,,,,,,,,,,,,,
2010-08-23,PYPL.OQ,,,,,,0,,,,,,,,,,,,,,,,,,,
2010-08-24,PYPL.OQ,,,,,,0,,,,,,,,,,,,,,,,,,,
2010-08-25,PYPL.OQ,,,,,,0,,,,,,,,,,,,,,,,,,,
2010-08-26,PYPL.OQ,,,,,,0,,,,,,,,,,,,,,,,,,,
2010-08-27,PYPL.OQ,,,,,,0,,,,,,,,,,,,,,,,,,,
2010-08-30,PYPL.OQ,,,,,,0,,,,,,,,,,,,,,,,,,,
2010-08-31,PYPL.OQ,,,,,,0,,,,,,,,,,,,,,,,,,,
2010-09-01,PYPL.OQ,,,,,,0,,,,,,,,,,,,,,,,,,,
2010-09-02,PYPL.OQ,,,,,,0,,,,,,,,,,,,,,,,,,,
2010-09-03,PYPL.OQ,,,,,,0,,,,,,,,,,,,,,,,,,,
2010-09-07,PYPL.OQ,,,,,,0,,,,,,,,,,,,,,,,,,,
2010-09-08,PYPL.OQ,,,,,,0,,,,,,,,,,,,,,,,,,,
2010-09-09,PYPL.OQ,,,,,,0,,,,,,,,,,,,,,,,,,,
2010-09-10,PYPL.OQ,,,,,,0,,,,,,,,,,,,,,,,,,,
2010-09-13,PYPL.OQ,,,,,,0,,,,,,,,,,,,,,,,,,,
2010-09-14,PYPL.OQ,,,,,,0,,,,,,,,,,,,,,,,,,,
2010-09-15,PYPL.OQ,,,,,,0,,,,,,,,,,,,,,,,,,,
2010-09-16,PYPL.OQ,,,,,,0,,,,,,,,,,,,,,,,,,,
2010-09-17,PYPL.OQ,,,,,,0,,,,,,,,,,,,,,,,,,,
2010-09-20,PYPL.OQ,,,,,,0,,,,,,,,,,,,,,,,,,,
2010-09-21,PYPL.OQ,,,,,,0,,,,,,,,,,,,,,,,,,,
2010-09-22,PYPL.OQ,,,,,,0,,,,,,,,,,,,,,,,,,,
2010-09-23,PYPL.OQ,,,,,,0,,,,,,,,,,,,,,,,,,,
2010-09-24,PYPL.OQ,,,,,,0,,,,,,,,,,,,,,,,,,,
2010-09-27,PYPL.OQ,,,,,,0,,,,,,,,,,,,,,,,,,,
2010-09-28,PYPL.OQ,,,,,,0,,,,,,,,,,,,,,,,,,,
2010-09-29,PYPL.OQ,,,,,,0,,,,,,,,,,,,,,,,,,,
2010-09-30,PYPL.OQ,,,,,,0,,,,,,,,,,,,,,,,,,,
2010-10-01,PYPL.OQ,,,,,,0,,,,,,,,,,,,,,,,,,,
2010-10-04,PYPL.OQ,,,,,,0,,,,,,,,,,,,,,,,,,,
2010-10-05,PYPL.OQ,,,,,,0,,,,,,,,,,,,,,,,,,,
2010-10-06,PYPL.OQ,,,,,,0,,,,,,,,,,,,,,,,,,,
2010-10-07,PYPL.OQ,,,,,,0,,,,,,,,,,,,,,,,,,,
2010-10-08,PYPL.OQ,,,,,,0,,,,,,,,,,,,,,,,,,,
2010-10-11,PYPL.OQ,,,,,,0,,,,,,,,,,,,,,,,,,,
2010-10-12,PYPL.OQ,,,,,,0,,,,,,,,,,,,,,,,,,,
2010-10-13,PYPL.OQ,,,,,,0,,,,,,,,,,,,,,,,,,,
2010-10-14,PYPL.OQ,,,,,,0,,,,,,,,,,,,,,,,,,,
2010-10-15,PYPL.OQ,,,,,,0,,,,,,,,,,,,,,,,,,,
2010-10-18,PYPL.OQ,,,,,,0,,,,,,,,,,,,,,,,,,,
2010-10-19,PYPL.OQ,,,,,,0,,,,,,,,,,,,,,,,,,,
2010-10-20,PYPL.OQ,,,,,,0,,,,,,,,,,,,,,,,,,,
2010-10-21,PYPL.OQ,,,,,,0,,,,,,,,,,,,,,,,,,,
2010-10-22,PYPL.OQ,,,,,,0,,,,,,,,,,,,,,,,,,,
2010-10-25,PYPL.OQ,,,,,,0,,,,,,,,,,,,,,,,,,,
2010-10-26,PYPL.OQ,,,,,,0,,,,,,,,,,,,,,,,,,,
2010-10-27,PYPL.OQ,,,,,,0,,,,,,,,,,,,,,,,,,,
2010-10-28,PYPL.OQ,,,,,,0,,,,,,,,,,,,,,,,,,,
2010-10-29,PYPL.OQ,,,,,,0,,,,,,,,,,,,,,,,,,,
2010-11-01,PYPL.OQ,,,,,,0,,,,,,,,,,,,,,,,,,,
2010-11-02,PYPL.OQ,,,,,,0,,,,,,,,,,,,,,,,,,,
2010-11-03,PYPL.OQ,,,,,,0,,,,,,,,,,,,,,,,,,,
2010-11-04,PYPL.OQ,,,,,,0,,,,,,,,,,,,,,,,,,,
2010-11-05,PYPL.OQ,,,,,,0,,,,,,,,,,,,,,,,,,,
2010-11-08,PYPL.OQ,,,,,,0,,,,,,,,,,,,,,,,,,,
2010-11-09,PYPL.OQ,,,,,,0,,,,,,,,,,,,,,,,,,,
2010-11-10,PYPL.OQ,,,,,,0,,,,,,,,,,,,,,,,,,,
2010-11-11,PYPL.OQ,,,,,,0,,,,,,,,,,,,,,,,,,,
2010-11-12,PYPL.OQ,,,,,,0,,,,,,,,,,,,,,,,,,,
2010-11-15,PYPL.OQ,,,,,,0,,,,,,,,,,,,,,,,,,,
2010-11-16,PYPL.OQ,,,,,,0,,,,,,,,,,,,,,,,,,,
2010-11-17,PYPL.OQ,,,,,,0,,,,,,,,,,,,,,,,,,,
2010-11-18,PYPL.OQ,,,,,,0,,,,,,,,,,,,,,,,,,,
2010-11-19,PYPL.OQ,,,,,,0,,,,,,,,,,,,,,,,,,,
2010-11-22,PYPL.OQ,,,,,,0,,,,,,,,,,,,,,,,,,,
2010-11-23,PYPL.OQ,,,,,,0,,,,,,,,,,,,,,,,,,,
2010-11-24,PYPL.OQ,,,,,,0,,,,,,,,,,,,,,,,,,,
2010-11-26,PYPL.OQ,,,,,,0,,,,,,,,,,,,,,,,,,,
2010-11-29,PYPL.OQ,,,,,,0,,,,,,,,,,,,,,,,,,,
2010-11-30,PYPL.OQ,,,,,,0,,,,,,,,,,,,,,,,,,,
2010-12-01,PYPL.OQ,,,,,,0,,,,,,,,,,,,,,,,,,,
2010-12-02,PYPL.OQ,,,,,,0,,,,,,,,,,,,,,,,,,,
2010-12-03,PYPL.OQ,,,,,,0,,,,,,,,,,,,,,,,,,,
2010-12-06,PYPL.OQ,,,,,,0,,,,,,,,,,,,,,,,,,,
2010-12-07,PYPL.OQ,,,,,,0,,,,,,,,,,,,,,,,,,,
2010-12-08,PYPL.OQ,,,,,,0,,,,,,,,,,,,,,,,,,,
2010-12-09,PYPL.OQ,,,,,,0,,,,,,,,,,,,,,,,,,,
2010-12-10,PYPL.OQ,,,,,,0,,,,,,,,,,,,,,,,,,,
2010-12-13,PYPL.OQ,,,,,,0,,,,,,,,,,,,,,,,,,,
2010-12-14,PYPL.OQ,,,,,,0,,,,,,,,,,,,,,,,,,,
2010-12-15,PYPL.OQ,,,,,,0,,,,,,,,,,,,,,,,,,,
2010-12-16,PYPL.OQ,,,,,,0,,,,,,,,,,,,,,,,,,,
2010-12-17,PYPL.OQ,,,,,,0,,,,,,,,,,,,,,,,,,,
2010-12-20,PYPL.OQ,,,,,,0,,,,,,,,,,,,,,,,,,,
2010-12-21,PYPL.OQ,,,,,,0,,,,,,,,,,,,,,,,,,,
2010-12-22,PYPL.OQ,,,,,,0,,,,,,,,,,,,,,,,,,,
2010-12-23,PYPL.OQ,,,,,,0,,,,,,,,,,,,,,,,,,,
2010-12-27,PYPL.OQ,,,,,,0,,,,,,,,,,,,,,,,,,,
2010-12-28,PYPL.OQ,,,,,,0,,,,,,,,,,,,,,,,,,,
2010-12-29,PYPL.OQ,,,,,,0,,,,,,,,,,,,,,,,,,,
2010-12-30,PYPL.OQ,,,,,,0,,,,,,,,,,,,,,,,,,,
2010-12-31,PYPL.OQ,,,,,,0,,,,,,,,,,,,,,,,,,,
2011-01-03,PYPL.OQ,,,,,,0,,,,,,,,,,,,,,,,,,,
2011-01-04,PYPL.OQ,,,,,,0,,,,,,,,,,,,,,,,,,,
2011-01-05,PYPL.OQ,,,,,,0,,,,,,,,,,,,,,,,,,,
2011-01-06,PYPL.OQ,,,,,,0,,,,,,,,,,,,,,,,,,,
2011-01-07,PYPL.OQ,,,,,,0,,,,,,,,,,,,,,,,,,,
2011-01-10,PYPL.OQ,,,,,,0,,,,,,,,,,,,,,,,,,,
2011-01-11,PYPL.OQ,,,,,,0,,,,,,,,,,,,,,,,,,,
2011-01-12,PYPL.OQ,,,,,,0,,,,,,,,,,,,,,,,,,,
2011-01-13,PYPL.OQ,,,,,,0,,,,,,,,,,,,,,,,,,,
2011-01-14,PYPL.OQ,,,,,,0,,,,,,,,,,,,,,,,,,,
2011-01-18,PYPL.OQ,,,,,,0,,,,,,,,,,,,,,,,,,,
2011-01-19,PYPL.OQ,,,,,,0,,,,,,,,,,,,,,,,,,,
2011-01-20,PYPL.OQ,,,,,,0,,,,,,,,,,,,,,,,,,,
2011-01-21,PYPL.OQ,,,,,,0,,,,,,,,,,,,,,,,,,,
2011-01-24,PYPL.OQ,,,,,,0,,,,,,,,,,,,,,,,,,,
2011-01-25,PYPL.OQ,,,,,,0,,,,,,,,,,,,,,,,,,,
2011-01-26,PYPL.OQ,,,,,,0,,,,,,,,,,,,,,,,,,,
2011-01-27,PYPL.OQ,,,,,,0,,,,,,,,,,,,,,,,,,,
2011-01-28,PYPL.OQ,,,,,,0,,,,,,,,,,,,,,,,,,,
2011-01-31,PYPL.OQ,,,,,,0,,,,,,,,,,,,,,,,,,,
2011-02-01,PYPL.OQ,,,,,,0,,,,,,,,,,,,,,,,,,,
2011-02-02,PYPL.OQ,,,,,,0,,,,,,,,,,,,,,,,,,,
2011-02-03,PYPL.OQ,,,,,,0,,,,,,,,,,,,,,,,,,,
2011-02-04,PYPL.OQ,,,,,,0,,,,,,,,,,,,,,,,,,,
2011-02-07,PYPL.OQ,,,,,,0,,,,,,,,,,,,,,,,,,,
2011-02-08,PYPL.OQ,,,,,,0,,,,,,,,,,,,,,,,,,,
2011-02-09,PYPL.OQ,,,,,,0,,,,,,,,,,,,,,,,,,,
2011-02-10,PYPL.OQ,,,,,,0,,,,,,,,,,,,,,,,,,,
2011-02-11,PYPL.OQ,,,,,,0,,,,,,,,,,,,,,,,,,,
2011-02-14,PYPL.OQ,,,,,,0,,,,,,,,,,,,,,,,,,,
2011-02-15,PYPL.OQ,,,,,,0,,,,,,,,,,,,,,,,,,,
2011-02-16,PYPL.OQ,,,,,,0,,,,,,,,,,,,,,,,,,,
2011-02-17,PYPL.OQ,,,,,,0,,,,,,,,,,,,,,,,,,,
2011-02-18,PYPL.OQ,,,,,,0,,,,,,,,,,,,,,,,,,,
2011-02-22,PYPL.OQ,,,,,,0,,,,,,,,,,,,,,,,,,,
2011-02-23,PYPL.OQ,,,,,,0,,,,,,,,,,,,,,,,,,,
2011-02-24,PYPL.OQ,,,,,,0,,,,,,,,,,,,,,,,,,,
2011-02-25,PYPL.OQ,,,,,,0,,,,,,,,,,,,,,,,,,,
2011-02-28,PYPL.OQ,,,,,,0,,,,,,,,,,,,,,,,,,,
2011-03-01,PYPL.OQ,,,,,,0,,,,,,,,,,,,,,,,,,,
2011-03-02,PYPL.OQ,,,,,,0,,,,,,,,,,,,,,,,,,,
2011-03-03,PYPL.OQ,,,,,,0,,,,,,,,,,,,,,,,,,,
2011-03-04,PYPL.OQ,,,,,,0,,,,,,,,,,,,,,,,,,,
2011-03-07,PYPL.OQ,,,,,,0,,,,,,,,,,,,,,,,,,,
2011-03-08,PYPL.OQ,,,,,,0,,,,,,,,,,,,,,,,,,,
2011-03-09,PYPL.OQ,,,,,,0,,,,,,,,,,,,,,,,,,,
2011-03-10,PYPL.OQ,,,,,,0,,,,,,,,,,,,,,,,,,,
2011-03-11,PYPL.OQ,,,,,,0,,,,,,,,,,,,,,,,,,,
2011-03-14,PYPL.OQ,,,,,,0,,,,,,,,,,,,,,,,,,,
2011-03-15,PYPL.OQ,,,,,,0,,,,,,,,,,,,,,,,,,,
2011-03-16,PYPL.OQ,,,,,,0,,,,,,,,,,,,,,,,,,,
2011-03-17,PYPL.OQ,,,,,,0,,,,,,,,,,,,,,,,,,,
2011-03-18,PYPL.OQ,,,,,,0,,,,,,,,,,,,,,,,,,,
2011-03-21,PYPL.OQ,,,,,,0,,,,,,,,,,,,,,,,,,,
2011-03-22,PYPL.OQ,,,,,,0,,,,,,,,,,,,,,,,,,,
2011-03-23,PYPL.OQ,,,,,,0,,,,,,,,,,,,,,,,,,,
2011-03-24,PYPL.OQ,,,,,,0,,,,,,,,,,,,,,,,,,,
2011-03-25,PYPL.OQ,,,,,,0,,,,,,,,,,,,,,,,,,,
2011-03-28,PYPL.OQ,,,,,,0,,,,,,,,,,,,,,,,,,,
2011-03-29,PYPL.OQ,,,,,,0,,,,,,,,,,,,,,,,,,,
2011-03-30,PYPL.OQ,,,,,,0,,,,,,,,,,,,,,,,,,,
2011-03-31,PYPL.OQ,,,,,,0,,,,,,,,,,,,,,,,,,,
2011-04-01,PYPL.OQ,,,,,,0,,,,,,,,,,,,,,,,,,,
2011-04-04,PYPL.OQ,,,,,,0,,,,,,,,,,,,,,,,,,,
2011-04-05,PYPL.OQ,,,,,,0,,,,,,,,,,,,,,,,,,,
2011-04-06,PYPL.OQ,,,,,,0,,,,,,,,,,,,,,,,,,,
2011-04-07,PYPL.OQ,,,,,,0,,,,,,,,,,,,,,,,,,,
2011-04-08,PYPL.OQ,,,,,,0,,,,,,,,,,,,,,,,,,,
2011-04-11,PYPL.OQ,,,,,,0,,,,,,,,,,,,,,,,,,,
2011-04-12,PYPL.OQ,,,,,,0,,,,,,,,,,,,,,,,,,,
2011-04-13,PYPL.OQ,,,,,,0,,,,,,,,,,,,,,,,,,,
2011-04-14,PYPL.OQ,,,,,,0,,,,,,,,,,,,,,,,,,,
2011-04-15,PYPL.OQ,,,,,,0,,,,,,,,,,,,,,,,,,,
2011-04-18,PYPL.OQ,,,,,,0,,,,,,,,,,,,,,,,,,,
2011-04-19,PYPL.OQ,,,,,,0,,,,,,,,,,,,,,,,,,,
2011-04-20,PYPL.OQ,,,,,,0,,,,,,,,,,,,,,,,,,,
2011-04-21,PYPL.OQ,,,,,,0,,,,,,,,,,,,,,,,,,,
2011-04-25,PYPL.OQ,,,,,,0,,,,,,,,,,,,,,,,,,,
2011-04-26,PYPL.OQ,,,,,,0,,,,,,,,,,,,,,,,,,,
2011-04-27,PYPL.OQ,,,,,,0,,,,,,,,,,,,,,,,,,,
2011-04-28,PYPL.OQ,,,,,,0,,,,,,,,,,,,,,,,,,,
2011-04-29,PYPL.OQ,,,,,,0,,,,,,,,,,,,,,,,,,,
2011-05-02,PYPL.OQ,,,,,,0,,,,,,,,,,,,,,,,,,,
2011-05-03,PYPL.OQ,,,,,,0,,,,,,,,,,,,,,,,,,,
2011-05-04,PYPL.OQ,,,,,,0,,,,,,,,,,,,,,,,,,,
2011-05-05,PYPL.OQ,,,,,,0,,,,,,,,,,,,,,,,,,,
2011-05-06,PYPL.OQ,,,,,,0,,,,,,,,,,,,,,,,,,,
2011-05-09,PYPL.OQ,,,,,,0,,,,,,,,,,,,,,,,,,,
2011-05-10,PYPL.OQ,,,,,,0,,,,,,,,,,,,,,,,,,,
2011-05-11,PYPL.OQ,,,,,,0,,,,,,,,,,,,,,,,,,,
2011-05-12,PYPL.OQ,,,,,,0,,,,,,,,,,,,,,,,,,,
2011-05-13,PYPL.OQ,,,,,,0,,,,,,,,,,,,,,,,,,,
2011-05-16,PYPL.OQ,,,,,,0,,,,,,,,,,,,,,,,,,,
2011-05-17,PYPL.OQ,,,,,,0,,,,,,,,,,,,,,,,,,,
2011-05-18,PYPL.OQ,,,,,,0,,,,,,,,,,,,,,,,,,,
2011-05-19,PYPL.OQ,,,,,,0,,,,,,,,,,,,,,,,,,,
2011-05-20,PYPL.OQ,,,,,,0,,,,,,,,,,,,,,,,,,,
2011-05-23,PYPL.OQ,,,,,,0,,,,,,,,,,,,,,,,,,,
2011-05-24,PYPL.OQ,,,,,,0,,,,,,,,,,,,,,,,,,,
2011-05-25,PYPL.OQ,,,,,,0,,,,,,,,,,,,,,,,,,,
2011-05-26,PYPL.OQ,,,,,,0,,,,,,,,,,,,,,,,,,,
2011-05-27,PYPL.OQ,,,,,,0,,,,,,,,,,,,,,,,,,,
2011-05-31,PYPL.OQ,,,,,,0,,,,,,,,,,,,,,,,,,,
2011-06-01,PYPL.OQ,,,,,,0,,,,,,,,,,,,,,,,,,,
2011-06-02,PYPL.OQ,,,,,,0,,,,,,,,,,,,,,,,,,,
2011-06-03,PYPL.OQ,,,,,,0,,,,,,,,,,,,,,,,,,,
2011-06-06,PYPL.OQ,,,,,,0,,,,,,,,,,,,,,,,,,,
2011-06-07,PYPL.OQ,,,,,,0,,,,,,,,,,,,,,,,,,,
2011-06-08,PYPL.OQ,,,,,,0,,,,,,,,,,,,,,,,,,,
2011-06-09,PYPL.OQ,,,,,,0,,,,,,,,,,,,,,,,,,,
2011-06-10,PYPL.OQ,,,,,,0,,,,,,,,,,,,,,,,,,,
2011-06-13,PYPL.OQ,,,,,,0,,,,,,,,,,,,,,,,,,,
2011-06-14,PYPL.OQ,,,,,,0,,,,,,,,,,,,,,,,,,,
2011-06-15,PYPL.OQ,,,,,,0,,,,,,,,,,,,,,,,,,,
2011-06-16,PYPL.OQ,,,,,,0,,,,,,,,,,,,,,,,,,,
2011-06-17,PYPL.OQ,,,,,,0,,,,,,,,,,,,,,,,,,,
2011-06-20,PYPL.OQ,,,,,,0,,,,,,,,,,,,,,,,,,,
2011-06-21,PYPL.OQ,,,,,,0,,,,,,,,,,,,,,,,,,,
2011-06-22,PYPL.OQ,,,,,,0,,,,,,,,,,,,,,,,,,,
2011-06-23,PYPL.OQ,,,,,,0,,,,,,,,,,,,,,,,,,,
2011-06-24,PYPL.OQ,,,,,,0,,,,,,,,,,,,,,,,,,,
2011-06-27,PYPL.OQ,,,,,,0,,,,,,,,,,,,,,,,,,,
2011-06-28,PYPL.OQ,,,,,,0,,,,,,,,,,,,,,,,,,,
2011-06-29,PYPL.OQ,,,,,,0,,,,,,,,,,,,,,,,,,,
2011-06-30,PYPL.OQ,,,,,,0,,,,,,,,,,,,,,,,,,,
2011-07-01,PYPL.OQ,,,,,,0,,,,,,,,,,,,,,,,,,,
2011-07-05,PYPL.OQ,,,,,,0,,,,,,,,,,,,,,,,,,,
2011-07-06,PYPL.OQ,,,,,,0,,,,,,,,,,,,,,,,,,,
2011-07-07,PYPL.OQ,,,,,,0,,,,,,,,,,,,,,,,,,,
2011-07-08,PYPL.OQ,,,,,,0,,,,,,,,,,,,,,,,,,,
2011-07-11,PYPL.OQ,,,,,,0,,,,,,,,,,,,,,,,,,,
2011-07-12,PYPL.OQ,,,,,,0,,,,,,,,,,,,,,,,,,,
2011-07-13,PYPL.OQ,,,,,,0,,,,,,,,,,,,,,,,,,,
2011-07-14,PYPL.OQ,,,,,,0,,,,,,,,,,,,,,,,,,,
2011-07-15,PYPL.OQ,,,,,,0,,,,,,,,,,,,,,,,,,,
2011-07-18,PYPL.OQ,,,,,,0,,,,,,,,,,,,,,,,,,,
2011-07-19,PYPL.OQ,,,,,,0,,,,,,,,,,,,,,,,,,,
2011-07-20,PYPL.OQ,,,,,,0,,,,,,,,,,,,,,,,,,,
2011-07-21,PYPL.OQ,,,,,,0,,,,,,,,,,,,,,,,,,,
2011-07-22,PYPL.OQ,,,,,,0,,,,,,,,,,,,,,,,,,,
2011-07-25,PYPL.OQ,,,,,,0,,,,,,,,,,,,,,,,,,,
2011-07-26,PYPL.OQ,,,,,,0,,,,,,,,,,,,,,,,,,,
2011-07-27,PYPL.OQ,,,,,,0,,,,,,,,,,,,,,,,,,,
2011-07-28,PYPL.OQ,,,,,,0,,,,,,,,,,,,,,,,,,,
2011-07-29,PYPL.OQ,,,,,,0,,,,,,,,,,,,,,,,,,,
2011-08-01,PYPL.OQ,,,,,,0,,,,,,,,,,,,,,,,,,,
2011-08-02,PYPL.OQ,,,,,,0,,,,,,,,,,,,,,,,,,,
2011-08-03,PYPL.OQ,,,,,,0,,,,,,,,,,,,,,,,,,,
2011-08-04,PYPL.OQ,,,,,,0,,,,,,,,,,,,,,,,,,,
2011-08-05,PYPL.OQ,,,,,,0,,,,,,,,,,,,,,,,,,,
2011-08-08,PYPL.OQ,,,,,,0,,,,,,,,,,,,,,,,,,,
2011-08-09,PYPL.OQ,,,,,,0,,,,,,,,,,,,,,,,,,,
2011-08-10,PYPL.OQ,,,,,,0,,,,,,,,,,,,,,,,,,,
2011-08-11,PYPL.OQ,,,,,,0,,,,,,,,,,,,,,,,,,,
2011-08-12,PYPL.OQ,,,,,,0,,,,,,,,,,,,,,,,,,,
2011-08-15,PYPL.OQ,,,,,,0,,,,,,,,,,,,,,,,,,,
2011-08-16,PYPL.OQ,,,,,,0,,,,,,,,,,,,,,,,,,,
2011-08-17,PYPL.OQ,,,,,,0,,,,,,,,,,,,,,,,,,,
2011-08-18,PYPL.OQ,,,,,,0,,,,,,,,,,,,,,,,,,,
2011-08-19,PYPL.OQ,,,,,,0,,,,,,,,,,,,,,,,,,,
2011-08-22,PYPL.OQ,,,,,,0,,,,,,,,,,,,,,,,,,,
2011-08-23,PYPL.OQ,,,,,,0,,,,,,,,,,,,,,,,,,,
2011-08-24,PYPL.OQ,,,,,,0,,,,,,,,,,,,,,,,,,,
2011-08-25,PYPL.OQ,,,,,,0,,,,,,,,,,,,,,,,,,,
2011-08-26,PYPL.OQ,,,,,,0,,,,,,,,,,,,,,,,,,,
2011-08-29,PYPL.OQ,,,,,,0,,,,,,,,,,,,,,,,,,,
2011-08-30,PYPL.OQ,,,,,,0,,,,,,,,,,,,,,,,,,,
2011-08-31,PYPL.OQ,,,,,,0,,,,,,,,,,,,,,,,,,,
2011-09-01,PYPL.OQ,,,,,,0,,,,,,,,,,,,,,,,,,,
2011-09-02,PYPL.OQ,,,,,,0,,,,,,,,,,,,,,,,,,,
2011-09-06,PYPL.OQ,,,,,,0,,,,,,,,,,,,,,,,,,,
2011-09-07,PYPL.OQ,,,,,,0,,,,,,,,,,,,,,,,,,,
2011-09-08,PYPL.OQ,,,,,,0,,,,,,,,,,,,,,,,,,,
2011-09-09,PYPL.OQ,,,,,,0,,,,,,,,,,,,,,,,,,,
2011-09-12,PYPL.OQ,,,,,,0,,,,,,,,,,,,,,,,,,,
2011-09-13,PYPL.OQ,,,,,,0,,,,,,,,,,,,,,,,,,,
2011-09-14,PYPL.OQ,,,,,,0,,,,,,,,,,,,,,,,,,,
2011-09-15,PYPL.OQ,,,,,,0,,,,,,,,,,,,,,,,,,,
2011-09-16,PYPL.OQ,,,,,,0,,,,,,,,,,,,,,,,,,,
2011-09-19,PYPL.OQ,,,,,,0,,,,,,,,,,,,,,,,,,,
2011-09-20,PYPL.OQ,,,,,,0,,,,,,,,,,,,,,,,,,,
2011-09-21,PYPL.OQ,,,,,,0,,,,,,,,,,,,,,,,,,,
2011-09-22,PYPL.OQ,,,,,,0,,,,,,,,,,,,,,,,,,,
2011-09-23,PYPL.OQ,,,,,,0,,,,,,,,,,,,,,,,,,,
2011-09-26,PYPL.OQ,,,,,,0,,,,,,,,,,,,,,,,,,,
2011-09-27,PYPL.OQ,,,,,,0,,,,,,,,,,,,,,,,,,,
2011-09-28,PYPL.OQ,,,,,,0,,,,,,,,,,,,,,,,,,,
2011-09-29,PYPL.OQ,,,,,,0,,,,,,,,,,,,,,,,,,,
2011-09-30,PYPL.OQ,,,,,,0,,,,,,,,,,,,,,,,,,,
2011-10-03,PYPL.OQ,,,,,,0,,,,,,,,,,,,,,,,,,,
2011-10-04,PYPL.OQ,,,,,,0,,,,,,,,,,,,,,,,,,,
2011-10-05,PYPL.OQ,,,,,,0,,,,,,,,,,,,,,,,,,,
2011-10-06,PYPL.OQ,,,,,,0,,,,,,,,,,,,,,,,,,,
2011-10-07,PYPL.OQ,,,,,,0,,,,,,,,,,,,,,,,,,,
2011-10-10,PYPL.OQ,,,,,,0,,,,,,,,,,,,,,,,,,,
2011-10-11,PYPL.OQ,,,,,,0,,,,,,,,,,,,,,,,,,,
2011-10-12,PYPL.OQ,,,,,,0,,,,,,,,,,,,,,,,,,,
2011-10-13,PYPL.OQ,,,,,,0,,,,,,,,,,,,,,,,,,,
2011-10-14,PYPL.OQ,,,,,,0,,,,,,,,,,,,,,,,,,,
2011-10-17,PYPL.OQ,,,,,,0,,,,,,,,,,,,,,,,,,,
2011-10-18,PYPL.OQ,,,,,,0,,,,,,,,,,,,,,,,,,,
2011-10-19,PYPL.OQ,,,,,,0,,,,,,,,,,,,,,,,,,,
2011-10-20,PYPL.OQ,,,,,,0,,,,,,,,,,,,,,,,,,,
2011-10-21,PYPL.OQ,,,,,,0,,,,,,,,,,,,,,,,,,,
2011-10-24,PYPL.OQ,,,,,,0,,,,,,,,,,,,,,,,,,,
2011-10-25,PYPL.OQ,,,,,,0,,,,,,,,,,,,,,,,,,,
2011-10-26,PYPL.OQ,,,,,,0,,,,,,,,,,,,,,,,,,,
2011-10-27,PYPL.OQ,,,,,,0,,,,,,,,,,,,,,,,,,,
2011-10-28,PYPL.OQ,,,,,,0,,,,,,,,,,,,,,,,,,,
2011-10-31,PYPL.OQ,,,,,,0,,,,,,,,,,,,,,,,,,,
2011-11-01,PYPL.OQ,,,,,,0,,,,,,,,,,,,,,,,,,,
2011-11-02,PYPL.OQ,,,,,,0,,,,,,,,,,,,,,,,,,,
2011-11-03,PYPL.OQ,,,,,,0,,,,,,,,,,,,,,,,,,,
2011-11-04,PYPL.OQ,,,,,,0,,,,,,,,,,,,,,,,,,,
2011-11-07,PYPL.OQ,,,,,,0,,,,,,,,,,,,,,,,,,,
2011-11-08,PYPL.OQ,,,,,,0,,,,,,,,,,,,,,,,,,,
2011-11-09,PYPL.OQ,,,,,,0,,,,,,,,,,,,,,,,,,,
2011-11-10,PYPL.OQ,,,,,,0,,,,,,,,,,,,,,,,,,,
2011-11-11,PYPL.OQ,,,,,,0,,,,,,,,,,,,,,,,,,,
2011-11-14,PYPL.OQ,,,,,,0,,,,,,,,,,,,,,,,,,,
2011-11-15,PYPL.OQ,,,,,,0,,,,,,,,,,,,,,,,,,,
2011-11-16,PYPL.OQ,,,,,,0,,,,,,,,,,,,,,,,,,,
2011-11-17,PYPL.OQ,,,,,,0,,,,,,,,,,,,,,,,,,,
2011-11-18,PYPL.OQ,,,,,,0,,,,,,,,,,,,,,,,,,,
2011-11-21,PYPL.OQ,,,,,,0,,,,,,,,,,,,,,,,,,,
2011-11-22,PYPL.OQ,,,,,,0,,,,,,,,,,,,,,,,,,,
2011-11-23,PYPL.OQ,,,,,,0,,,,,,,,,,,,,,,,,,,
2011-11-25,PYPL.OQ,,,,,,0,,,,,,,,,,,,,,,,,,,
2011-11-28,PYPL.OQ,,,,,,0,,,,,,,,,,,,,,,,,,,
2011-11-29,PYPL.OQ,,,,,,0,,,,,,,,,,,,,,,,,,,
2011-11-30,PYPL.OQ,,,,,,0,,,,,,,,,,,,,,,,,,,
2011-12-01,PYPL.OQ,,,,,,0,,,,,,,,,,,,,,,,,,,
2011-12-02,PYPL.OQ,,,,,,0,,,,,,,,,,,,,,,,,,,
2011-12-05,PYPL.OQ,,,,,,0,,,,,,,,,,,,,,,,,,,
2011-12-06,PYPL.OQ,,,,,,0,,,,,,,,,,,,,,,,,,,
2011-12-07,PYPL.OQ,,,,,,0,,,,,,,,,,,,,,,,,,,
2011-12-08,PYPL.OQ,,,,,,0,,,,,,,,,,,,,,,,,,,
2011-12-09,PYPL.OQ,,,,,,0,,,,,,,,,,,,,,,,,,,
2011-12-12,PYPL.OQ,,,,,,0,,,,,,,,,,,,,,,,,,,
2011-12-13,PYPL.OQ,,,,,,0,,,,,,,,,,,,,,,,,,,
2011-12-14,PYPL.OQ,,,,,,0,,,,,,,,,,,,,,,,,,,
2011-12-15,PYPL.OQ,,,,,,0,,,,,,,,,,,,,,,,,,,
2011-12-16,PYPL.OQ,,,,,,0,,,,,,,,,,,,,,,,,,,
2011-12-19,PYPL.OQ,,,,,,0,,,,,,,,,,,,,,,,,,,
2011-12-20,PYPL.OQ,,,,,,0,,,,,,,,,,,,,,,,,,,
2011-12-21,PYPL.OQ,,,,,,0,,,,,,,,,,,,,,,,,,,
2011-12-22,PYPL.OQ,,,,,,0,,,,,,,,,,,,,,,,,,,
2011-12-23,PYPL.OQ,,,,,,0,,,,,,,,,,,,,,,,,,,
2011-12-27,PYPL.OQ,,,,,,0,,,,,,,,,,,,,,,,,,,
2011-12-28,PYPL.OQ,,,,,,0,,,,,,,,,,,,,,,,,,,
2011-12-29,PYPL.OQ,,,,,,0,,,,,,,,,,,,,,,,,,,
2011-12-30,PYPL.OQ,,,,,,0,,,,,,,,,,,,,,,,,,,
2012-01-03,PYPL.OQ,,,,,,0,,,,,,,,,,,,,,,,,,,
2012-01-04,PYPL.OQ,,,,,,0,,,,,,,,,,,,,,,,,,,
2012-01-05,PYPL.OQ,,,,,,0,,,,,,,,,,,,,,,,,,,
2012-01-06,PYPL.OQ,,,,,,0,,,,,,,,,,,,,,,,,,,
2012-01-09,PYPL.OQ,,,,,,0,,,,,,,,,,,,,,,,,,,
2012-01-10,PYPL.OQ,,,,,,0,,,,,,,,,,,,,,,,,,,
2012-01-11,PYPL.OQ,,,,,,0,,,,,,,,,,,,,,,,,,,
2012-01-12,PYPL.OQ,,,,,,0,,,,,,,,,,,,,,,,,,,
2012-01-13,PYPL.OQ,,,,,,0,,,,,,,,,,,,,,,,,,,
2012-01-17,PYPL.OQ,,,,,,0,,,,,,,,,,,,,,,,,,,
2012-01-18,PYPL.OQ,,,,,,0,,,,,,,,,,,,,,,,,,,
2012-01-19,PYPL.OQ,,,,,,0,,,,,,,,,,,,,,,,,,,
2012-01-20,PYPL.OQ,,,,,,0,,,,,,,,,,,,,,,,,,,
2012-01-23,PYPL.OQ,,,,,,0,,,,,,,,,,,,,,,,,,,
2012-01-24,PYPL.OQ,,,,,,0,,,,,,,,,,,,,,,,,,,
2012-01-25,PYPL.OQ,,,,,,0,,,,,,,,,,,,,,,,,,,
2012-01-26,PYPL.OQ,,,,,,0,,,,,,,,,,,,,,,,,,,
2012-01-27,PYPL.OQ,,,,,,0,,,,,,,,,,,,,,,,,,,
2012-01-30,PYPL.OQ,,,,,,0,,,,,,,,,,,,,,,,,,,
2012-01-31,PYPL.OQ,,,,,,0,,,,,,,,,,,,,,,,,,,
2012-02-01,PYPL.OQ,,,,,,0,,,,,,,,,,,,,,,,,,,
2012-02-02,PYPL.OQ,,,,,,0,,,,,,,,,,,,,,,,,,,
2012-02-03,PYPL.OQ,,,,,,0,,,,,,,,,,,,,,,,,,,
2012-02-06,PYPL.OQ,,,,,,0,,,,,,,,,,,,,,,,,,,
2012-02-07,PYPL.OQ,,,,,,0,,,,,,,,,,,,,,,,,,,
2012-02-08,PYPL.OQ,,,,,,0,,,,,,,,,,,,,,,,,,,
2012-02-09,PYPL.OQ,,,,,,0,,,,,,,,,,,,,,,,,,,
2012-02-10,PYPL.OQ,,,,,,0,,,,,,,,,,,,,,,,,,,
2012-02-13,PYPL.OQ,,,,,,0,,,,,,,,,,,,,,,,,,,
2012-02-14,PYPL.OQ,,,,,,0,,,,,,,,,,,,,,,,,,,
2012-02-15,PYPL.OQ,,,,,,0,,,,,,,,,,,,,,,,,,,
2012-02-16,PYPL.OQ,,,,,,0,,,,,,,,,,,,,,,,,,,
2012-02-17,PYPL.OQ,,,,,,0,,,,,,,,,,,,,,,,,,,
2012-02-21,PYPL.OQ,,,,,,0,,,,,,,,,,,,,,,,,,,
2012-02-22,PYPL.OQ,,,,,,0,,,,,,,,,,,,,,,,,,,
2012-02-23,PYPL.OQ,,,,,,0,,,,,,,,,,,,,,,,,,,
2012-02-24,PYPL.OQ,,,,,,0,,,,,,,,,,,,,,,,,,,
2012-02-27,PYPL.OQ,,,,,,0,,,,,,,,,,,,,,,,,,,
2012-02-28,PYPL.OQ,,,,,,0,,,,,,,,,,,,,,,,,,,
2012-02-29,PYPL.OQ,,,,,,0,,,,,,,,,,,,,,,,,,,
2012-03-01,PYPL.OQ,,,,,,0,,,,,,,,,,,,,,,,,,,
2012-03-02,PYPL.OQ,,,,,,0,,,,,,,,,,,,,,,,,,,
2012-03-05,PYPL.OQ,,,,,,0,,,,,,,,,,,,,,,,,,,
2012-03-06,PYPL.OQ,,,,,,0,,,,,,,,,,,,,,,,,,,
2012-03-07,PYPL.OQ,,,,,,0,,,,,,,,,,,,,,,,,,,
2012-03-08,PYPL.OQ,,,,,,0,,,,,,,,,,,,,,,,,,,
2012-03-09,PYPL.OQ,,,,,,0,,,,,,,,,,,,,,,,,,,
2012-03-12,PYPL.OQ,,,,,,0,,,,,,,,,,,,,,,,,,,
2012-03-13,PYPL.OQ,,,,,,0,,,,,,,,,,,,,,,,,,,
2012-03-14,PYPL.OQ,,,,,,0,,,,,,,,,,,,,,,,,,,
2012-03-15,PYPL.OQ,,,,,,0,,,,,,,,,,,,,,,,,,,
2012-03-16,PYPL.OQ,,,,,,0,,,,,,,,,,,,,,,,,,,
2012-03-19,PYPL.OQ,,,,,,0,,,,,,,,,,,,,,,,,,,
2012-03-20,PYPL.OQ,,,,,,0,,,,,,,,,,,,,,,,,,,
2012-03-21,PYPL.OQ,,,,,,0,,,,,,,,,,,,,,,,,,,
2012-03-22,PYPL.OQ,,,,,,0,,,,,,,,,,,,,,,,,,,
2012-03-23,PYPL.OQ,,,,,,0,,,,,,,,,,,,,,,,,,,
2012-03-26,PYPL.OQ,,,,,,0,,,,,,,,,,,,,,,,,,,
2012-03-27,PYPL.OQ,,,,,,0,,,,,,,,,,,,,,,,,,,
2012-03-28,PYPL.OQ,,,,,,0,,,,,,,,,,,,,,,,,,,
2012-03-29,PYPL.OQ,,,,,,0,,,,,,,,,,,,,,,,,,,
2012-03-30,PYPL.OQ,,,,,,0,,,,,,,,,,,,,,,,,,,
2012-04-02,PYPL.OQ,,,,,,0,,,,,,,,,,,,,,,,,,,
2012-04-03,PYPL.OQ,,,,,,0,,,,,,,,,,,,,,,,,,,
2012-04-04,PYPL.OQ,,,,,,0,,,,,,,,,,,,,,,,,,,
2012-04-05,PYPL.OQ,,,,,,0,,,,,,,,,,,,,,,,,,,
2012-04-09,PYPL.OQ,,,,,,0,,,,,,,,,,,,,,,,,,,
2012-04-10,PYPL.OQ,,,,,,0,,,,,,,,,,,,,,,,,,,
2012-04-11,PYPL.OQ,,,,,,0,,,,,,,,,,,,,,,,,,,
2012-04-12,PYPL.OQ,,,,,,0,,,,,,,,,,,,,,,,,,,
2012-04-13,PYPL.OQ,,,,,,0,,,,,,,,,,,,,,,,,,,
2012-04-16,PYPL.OQ,,,,,,0,,,,,,,,,,,,,,,,,,,
2012-04-17,PYPL.OQ,,,,,,0,,,,,,,,,,,,,,,,,,,
2012-04-18,PYPL.OQ,,,,,,0,,,,,,,,,,,,,,,,,,,
2012-04-19,PYPL.OQ,,,,,,0,,,,,,,,,,,,,,,,,,,
2012-04-20,PYPL.OQ,,,,,,0,,,,,,,,,,,,,,,,,,,
2012-04-23,PYPL.OQ,,,,,,0,,,,,,,,,,,,,,,,,,,
2012-04-24,PYPL.OQ,,,,,,0,,,,,,,,,,,,,,,,,,,
2012-04-25,PYPL.OQ,,,,,,0,,,,,,,,,,,,,,,,,,,
2012-04-26,PYPL.OQ,,,,,,0,,,,,,,,,,,,,,,,,,,
2012-04-27,PYPL.OQ,,,,,,0,,,,,,,,,,,,,,,,,,,
2012-04-30,PYPL.OQ,,,,,,0,,,,,,,,,,,,,,,,,,,
2012-05-01,PYPL.OQ,,,,,,0,,,,,,,,,,,,,,,,,,,
2012-05-02,PYPL.OQ,,,,,,0,,,,,,,,,,,,,,,,,,,
2012-05-03,PYPL.OQ,,,,,,0,,,,,,,,,,,,,,,,,,,
2012-05-04,PYPL.OQ,,,,,,0,,,,,,,,,,,,,,,,,,,
2012-05-07,PYPL.OQ,,,,,,0,,,,,,,,,,,,,,,,,,,
2012-05-08,PYPL.OQ,,,,,,0,,,,,,,,,,,,,,,,,,,
2012-05-09,PYPL.OQ,,,,,,0,,,,,,,,,,,,,,,,,,,
2012-05-10,PYPL.OQ,,,,,,0,,,,,,,,,,,,,,,,,,,
2012-05-11,PYPL.OQ,,,,,,0,,,,,,,,,,,,,,,,,,,
2012-05-14,PYPL.OQ,,,,,,0,,,,,,,,,,,,,,,,,,,
2012-05-15,PYPL.OQ,,,,,,0,,,,,,,,,,,,,,,,,,,
2012-05-16,PYPL.OQ,,,,,,0,,,,,,,,,,,,,,,,,,,
2012-05-17,PYPL.OQ,,,,,,0,,,,,,,,,,,,,,,,,,,
2012-05-18,PYPL.OQ,,,,,,0,,,,,,,,,,,,,,,,,,,
2012-05-21,PYPL.OQ,,,,,,0,,,,,,,,,,,,,,,,,,,
2012-05-22,PYPL.OQ,,,,,,0,,,,,,,,,,,,,,,,,,,
2012-05-23,PYPL.OQ,,,,,,0,,,,,,,,,,,,,,,,,,,
2012-05-24,PYPL.OQ,,,,,,0,,,,,,,,,,,,,,,,,,,
2012-05-25,PYPL.OQ,,,,,,0,,,,,,,,,,,,,,,,,,,
2012-05-29,PYPL.OQ,,,,,,0,,,,,,,,,,,,,,,,,,,
2012-05-30,PYPL.OQ,,,,,,0,,,,,,,,,,,,,,,,,,,
2012-05-31,PYPL.OQ,,,,,,0,,,,,,,,,,,,,,,,,,,
2012-06-01,PYPL.OQ,,,,,,0,,,,,,,,,,,,,,,,,,,
2012-06-04,PYPL.OQ,,,,,,0,,,,,,,,,,,,,,,,,,,
2012-06-05,PYPL.OQ,,,,,,0,,,,,,,,,,,,,,,,,,,
2012-06-06,PYPL.OQ,,,,,,0,,,,,,,,,,,,,,,,,,,
2012-06-07,PYPL.OQ,,,,,,0,,,,,,,,,,,,,,,,,,,
2012-06-08,PYPL.OQ,,,,,,0,,,,,,,,,,,,,,,,,,,
2012-06-11,PYPL.OQ,,,,,,0,,,,,,,,,,,,,,,,,,,
2012-06-12,PYPL.OQ,,,,,,0,,,,,,,,,,,,,,,,,,,
2012-06-13,PYPL.OQ,,,,,,0,,,,,,,,,,,,,,,,,,,
2012-06-14,PYPL.OQ,,,,,,0,,,,,,,,,,,,,,,,,,,
2012-06-15,PYPL.OQ,,,,,,0,,,,,,,,,,,,,,,,,,,
2012-06-18,PYPL.OQ,,,,,,0,,,,,,,,,,,,,,,,,,,
2012-06-19,PYPL.OQ,,,,,,0,,,,,,,,,,,,,,,,,,,
2012-06-20,PYPL.OQ,,,,,,0,,,,,,,,,,,,,,,,,,,
2012-06-21,PYPL.OQ,,,,,,0,,,,,,,,,,,,,,,,,,,
2012-06-22,PYPL.OQ,,,,,,0,,,,,,,,,,,,,,,,,,,
2012-06-25,PYPL.OQ,,,,,,0,,,,,,,,,,,,,,,,,,,
2012-06-26,PYPL.OQ,,,,,,0,,,,,,,,,,,,,,,,,,,
2012-06-27,PYPL.OQ,,,,,,0,,,,,,,,,,,,,,,,,,,
2012-06-28,PYPL.OQ,,,,,,0,,,,,,,,,,,,,,,,,,,
2012-06-29,PYPL.OQ,,,,,,0,,,,,,,,,,,,,,,,,,,
2012-07-02,PYPL.OQ,,,,,,0,,,,,,,,,,,,,,,,,,,
2012-07-03,PYPL.OQ,,,,,,0,,,,,,,,,,,,,,,,,,,
2012-07-05,PYPL.OQ,,,,,,0,,,,,,,,,,,,,,,,,,,
2012-07-06,PYPL.OQ,,,,,,0,,,,,,,,,,,,,,,,,,,
2012-07-09,PYPL.OQ,,,,,,0,,,,,,,,,,,,,,,,,,,
2012-07-10,PYPL.OQ,,,,,,0,,,,,,,,,,,,,,,,,,,
2012-07-11,PYPL.OQ,,,,,,0,,,,,,,,,,,,,,,,,,,
2012-07-12,PYPL.OQ,,,,,,0,,,,,,,,,,,,,,,,,,,
2012-07-13,PYPL.OQ,,,,,,0,,,,,,,,,,,,,,,,,,,
2012-07-16,PYPL.OQ,,,,,,0,,,,,,,,,,,,,,,,,,,
2012-07-17,PYPL.OQ,,,,,,0,,,,,,,,,,,,,,,,,,,
2012-07-18,PYPL.OQ,,,,,,0,,,,,,,,,,,,,,,,,,,
2012-07-19,PYPL.OQ,,,,,,0,,,,,,,,,,,,,,,,,,,
2012-07-20,PYPL.OQ,,,,,,0,,,,,,,,,,,,,,,,,,,
2012-07-23,PYPL.OQ,,,,,,0,,,,,,,,,,,,,,,,,,,
2012-07-24,PYPL.OQ,,,,,,0,,,,,,,,,,,,,,,,,,,
2012-07-25,PYPL.OQ,,,,,,0,,,,,,,,,,,,,,,,,,,
2012-07-26,PYPL.OQ,,,,,,0,,,,,,,,,,,,,,,,,,,
2012-07-27,PYPL.OQ,,,,,,0,,,,,,,,,,,,,,,,,,,
2012-07-30,PYPL.OQ,,,,,,0,,,,,,,,,,,,,,,,,,,
2012-07-31,PYPL.OQ,,,,,,0,,,,,,,,,,,,,,,,,,,
2012-08-01,PYPL.OQ,,,,,,0,,,,,,,,,,,,,,,,,,,
2012-08-02,PYPL.OQ,,,,,,0,,,,,,,,,,,,,,,,,,,
2012-08-03,PYPL.OQ,,,,,,0,,,,,,,,,,,,,,,,,,,
2012-08-06,PYPL.OQ,,,,,,0,,,,,,,,,,,,,,,,,,,
2012-08-07,PYPL.OQ,,,,,,0,,,,,,,,,,,,,,,,,,,
2012-08-08,PYPL.OQ,,,,,,0,,,,,,,,,,,,,,,,,,,
2012-08-09,PYPL.OQ,,,,,,0,,,,,,,,,,,,,,,,,,,
2012-08-10,PYPL.OQ,,,,,,0,,,,,,,,,,,,,,,,,,,
2012-08-13,PYPL.OQ,,,,,,0,,,,,,,,,,,,,,,,,,,
2012-08-14,PYPL.OQ,,,,,,0,,,,,,,,,,,,,,,,,,,
2012-08-15,PYPL.OQ,,,,,,0,,,,,,,,,,,,,,,,,,,
2012-08-16,PYPL.OQ,,,,,,0,,,,,,,,,,,,,,,,,,,
2012-08-17,PYPL.OQ,,,,,,0,,,,,,,,,,,,,,,,,,,
2012-08-20,PYPL.OQ,,,,,,0,,,,,,,,,,,,,,,,,,,
2012-08-21,PYPL.OQ,,,,,,0,,,,,,,,,,,,,,,,,,,
2012-08-22,PYPL.OQ,,,,,,0,,,,,,,,,,,,,,,,,,,
2012-08-23,PYPL.OQ,,,,,,0,,,,,,,,,,,,,,,,,,,
2012-08-24,PYPL.OQ,,,,,,0,,,,,,,,,,,,,,,,,,,
2012-08-27,PYPL.OQ,,,,,,0,,,,,,,,,,,,,,,,,,,
2012-08-28,PYPL.OQ,,,,,,0,,,,,,,,,,,,,,,,,,,
2012-08-29,PYPL.OQ,,,,,,0,,,,,,,,,,,,,,,,,,,
2012-08-30,PYPL.OQ,,,,,,0,,,,,,,,,,,,,,,,,,,
2012-08-31,PYPL.OQ,,,,,,0,,,,,,,,,,,,,,,,,,,
2012-09-04,PYPL.OQ,,,,,,0,,,,,,,,,,,,,,,,,,,
2012-09-05,PYPL.OQ,,,,,,0,,,,,,,,,,,,,,,,,,,
2012-09-06,PYPL.OQ,,,,,,0,,,,,,,,,,,,,,,,,,,
2012-09-07,PYPL.OQ,,,,,,0,,,,,,,,,,,,,,,,,,,
2012-09-10,PYPL.OQ,,,,,,0,,,,,,,,,,,,,,,,,,,
2012-09-11,PYPL.OQ,,,,,,0,,,,,,,,,,,,,,,,,,,
2012-09-12,PYPL.OQ,,,,,,0,,,,,,,,,,,,,,,,,,,
2012-09-13,PYPL.OQ,,,,,,0,,,,,,,,,,,,,,,,,,,
2012-09-14,PYPL.OQ,,,,,,0,,,,,,,,,,,,,,,,,,,
2012-09-17,PYPL.OQ,,,,,,0,,,,,,,,,,,,,,,,,,,
2012-09-18,PYPL.OQ,,,,,,0,,,,,,,,,,,,,,,,,,,
2012-09-19,PYPL.OQ,,,,,,0,,,,,,,,,,,,,,,,,,,
2012-09-20,PYPL.OQ,,,,,,0,,,,,,,,,,,,,,,,,,,
2012-09-21,PYPL.OQ,,,,,,0,,,,,,,,,,,,,,,,,,,
2012-09-24,PYPL.OQ,,,,,,0,,,,,,,,,,,,,,,,,,,
2012-09-25,PYPL.OQ,,,,,,0,,,,,,,,,,,,,,,,,,,
2012-09-26,PYPL.OQ,,,,,,0,,,,,,,,,,,,,,,,,,,
2012-09-27,PYPL.OQ,,,,,,0,,,,,,,,,,,,,,,,,,,
2012-09-28,PYPL.OQ,,,,,,0,,,,,,,,,,,,,,,,,,,
2012-10-01,PYPL.OQ,,,,,,0,,,,,,,,,,,,,,,,,,,
2012-10-02,PYPL.OQ,,,,,,0,,,,,,,,,,,,,,,,,,,
2012-10-03,PYPL.OQ,,,,,,0,,,,,,,,,,,,,,,,,,,
2012-10-04,PYPL.OQ,,,,,,0,,,,,,,,,,,,,,,,,,,
2012-10-05,PYPL.OQ,,,,,,0,,,,,,,,,,,,,,,,,,,
2012-10-08,PYPL.OQ,,,,,,0,,,,,,,,,,,,,,,,,,,
2012-10-09,PYPL.OQ,,,,,,0,,,,,,,,,,,,,,,,,,,
2012-10-10,PYPL.OQ,,,,,,0,,,,,,,,,,,,,,,,,,,
2012-10-11,PYPL.OQ,,,,,,0,,,,,,,,,,,,,,,,,,,
2012-10-12,PYPL.OQ,,,,,,0,,,,,,,,,,,,,,,,,,,
2012-10-15,PYPL.OQ,,,,,,0,,,,,,,,,,,,,,,,,,,
2012-10-16,PYPL.OQ,,,,,,0,,,,,,,,,,,,,,,,,,,
2012-10-17,PYPL.OQ,,,,,,0,,,,,,,,,,,,,,,,,,,
2012-10-18,PYPL.OQ,,,,,,0,,,,,,,,,,,,,,,,,,,
2012-10-19,PYPL.OQ,,,,,,0,,,,,,,,,,,,,,,,,,,
2012-10-22,PYPL.OQ,,,,,,0,,,,,,,,,,,,,,,,,,,
2012-10-23,PYPL.OQ,,,,,,0,,,,,,,,,,,,,,,,,,,
2012-10-24,PYPL.OQ,,,,,,0,,,,,,,,,,,,,,,,,,,
2012-10-25,PYPL.OQ,,,,,,0,,,,,,,,,,,,,,,,,,,
2012-10-26,PYPL.OQ,,,,,,0,,,,,,,,,,,,,,,,,,,
2012-10-31,PYPL.OQ,,,,,,0,,,,,,,,,,,,,,,,,,,
2012-11-01,PYPL.OQ,,,,,,0,,,,,,,,,,,,,,,,,,,
2012-11-02,PYPL.OQ,,,,,,0,,,,,,,,,,,,,,,,,,,
2012-11-05,PYPL.OQ,,,,,,0,,,,,,,,,,,,,,,,,,,
2012-11-06,PYPL.OQ,,,,,,0,,,,,,,,,,,,,,,,,,,
2012-11-07,PYPL.OQ,,,,,,0,,,,,,,,,,,,,,,,,,,
2012-11-08,PYPL.OQ,,,,,,0,,,,,,,,,,,,,,,,,,,
2012-11-09,PYPL.OQ,,,,,,0,,,,,,,,,,,,,,,,,,,
2012-11-12,PYPL.OQ,,,,,,0,,,,,,,,,,,,,,,,,,,
2012-11-13,PYPL.OQ,,,,,,0,,,,,,,,,,,,,,,,,,,
2012-11-14,PYPL.OQ,,,,,,0,,,,,,,,,,,,,,,,,,,
2012-11-15,PYPL.OQ,,,,,,0,,,,,,,,,,,,,,,,,,,
2012-11-16,PYPL.OQ,,,,,,0,,,,,,,,,,,,,,,,,,,
2012-11-19,PYPL.OQ,,,,,,0,,,,,,,,,,,,,,,,,,,
2012-11-20,PYPL.OQ,,,,,,0,,,,,,,,,,,,,,,,,,,
2012-11-21,PYPL.OQ,,,,,,0,,,,,,,,,,,,,,,,,,,
2012-11-23,PYPL.OQ,,,,,,0,,,,,,,,,,,,,,,,,,,
2012-11-26,PYPL.OQ,,,,,,0,,,,,,,,,,,,,,,,,,,
2012-11-27,PYPL.OQ,,,,,,0,,,,,,,,,,,,,,,,,,,
2012-11-28,PYPL.OQ,,,,,,0,,,,,,,,,,,,,,,,,,,
2012-11-29,PYPL.OQ,,,,,,0,,,,,,,,,,,,,,,,,,,
2012-11-30,PYPL.OQ,,,,,,0,,,,,,,,,,,,,,,,,,,
2012-12-03,PYPL.OQ,,,,,,0,,,,,,,,,,,,,,,,,,,
2012-12-04,PYPL.OQ,,,,,,0,,,,,,,,,,,,,,,,,,,
2012-12-05,PYPL.OQ,,,,,,0,,,,,,,,,,,,,,,,,,,
2012-12-06,PYPL.OQ,,,,,,0,,,,,,,,,,,,,,,,,,,
2012-12-07,PYPL.OQ,,,,,,0,,,,,,,,,,,,,,,,,,,
2012-12-10,PYPL.OQ,,,,,,0,,,,,,,,,,,,,,,,,,,
2012-12-11,PYPL.OQ,,,,,,0,,,,,,,,,,,,,,,,,,,
2012-12-12,PYPL.OQ,,,,,,0,,,,,,,,,,,,,,,,,,,
2012-12-13,PYPL.OQ,,,,,,0,,,,,,,,,,,,,,,,,,,
2012-12-14,PYPL.OQ,,,,,,0,,,,,,,,,,,,,,,,,,,
2012-12-17,PYPL.OQ,,,,,,0,,,,,,,,,,,,,,,,,,,
2012-12-18,PYPL.OQ,,,,,,0,,,,,,,,,,,,,,,,,,,
2012-12-19,PYPL.OQ,,,,,,0,,,,,,,,,,,,,,,,,,,
2012-12-20,PYPL.OQ,,,,,,0,,,,,,,,,,,,,,,,,,,
2012-12-21,PYPL.OQ,,,,,,0,,,,,,,,,,,,,,,,,,,
2012-12-24,PYPL.OQ,,,,,,0,,,,,,,,,,,,,,,,,,,
2012-12-26,PYPL.OQ,,,,,,0,,,,,,,,,,,,,,,,,,,
2012-12-27,PYPL.OQ,,,,,,0,,,,,,,,,,,,,,,,,,,
2012-12-28,PYPL.OQ,,,,,,0,,,,,,,,,,,,,,,,,,,
2012-12-31,PYPL.OQ,,,,,,0,,,,,,,,,,,,,,,,,,,
2013-01-02,PYPL.OQ,,,,,,0,,,,,,,,,,,,,,,,,,,
2013-01-03,PYPL.OQ,,,,,,0,,,,,,,,,,,,,,,,,,,
2013-01-04,PYPL.OQ,,,,,,0,,,,,,,,,,,,,,,,,,,
2013-01-07,PYPL.OQ,,,,,,0,,,,,,,,,,,,,,,,,,,
2013-01-08,PYPL.OQ,,,,,,0,,,,,,,,,,,,,,,,,,,
2013-01-09,PYPL.OQ,,,,,,0,,,,,,,,,,,,,,,,,,,
2013-01-10,PYPL.OQ,,,,,,0,,,,,,,,,,,,,,,,,,,
2013-01-11,PYPL.OQ,,,,,,0,,,,,,,,,,,,,,,,,,,
2013-01-14,PYPL.OQ,,,,,,0,,,,,,,,,,,,,,,,,,,
2013-01-15,PYPL.OQ,,,,,,0,,,,,,,,,,,,,,,,,,,
2013-01-16,PYPL.OQ,,,,,,0,,,,,,,,,,,,,,,,,,,
2013-01-17,PYPL.OQ,,,,,,0,,,,,,,,,,,,,,,,,,,
2013-01-18,PYPL.OQ,,,,,,0,,,,,,,,,,,,,,,,,,,
2013-01-22,PYPL.OQ,,,,,,0,,,,,,,,,,,,,,,,,,,
2013-01-23,PYPL.OQ,,,,,,0,,,,,,,,,,,,,,,,,,,
2013-01-24,PYPL.OQ,,,,,,0,,,,,,,,,,,,,,,,,,,
2013-01-25,PYPL.OQ,,,,,,0,,,,,,,,,,,,,,,,,,,
2013-01-28,PYPL.OQ,,,,,,0,,,,,,,,,,,,,,,,,,,
2013-01-29,PYPL.OQ,,,,,,0,,,,,,,,,,,,,,,,,,,
2013-01-30,PYPL.OQ,,,,,,0,,,,,,,,,,,,,,,,,,,
2013-01-31,PYPL.OQ,,,,,,0,,,,,,,,,,,,,,,,,,,
2013-02-01,PYPL.OQ,,,,,,0,,,,,,,,,,,,,,,,,,,
2013-02-04,PYPL.OQ,,,,,,0,,,,,,,,,,,,,,,,,,,
2013-02-05,PYPL.OQ,,,,,,0,,,,,,,,,,,,,,,,,,,
2013-02-06,PYPL.OQ,,,,,,0,,,,,,,,,,,,,,,,,,,
2013-02-07,PYPL.OQ,,,,,,0,,,,,,,,,,,,,,,,,,,
2013-02-08,PYPL.OQ,,,,,,0,,,,,,,,,,,,,,,,,,,
2013-02-11,PYPL.OQ,,,,,,0,,,,,,,,,,,,,,,,,,,
2013-02-12,PYPL.OQ,,,,,,0,,,,,,,,,,,,,,,,,,,
2013-02-13,PYPL.OQ,,,,,,0,,,,,,,,,,,,,,,,,,,
2013-02-14,PYPL.OQ,,,,,,0,,,,,,,,,,,,,,,,,,,
2013-02-15,PYPL.OQ,,,,,,0,,,,,,,,,,,,,,,,,,,
2013-02-19,PYPL.OQ,,,,,,0,,,,,,,,,,,,,,,,,,,
2013-02-20,PYPL.OQ,,,,,,0,,,,,,,,,,,,,,,,,,,
2013-02-21,PYPL.OQ,,,,,,0,,,,,,,,,,,,,,,,,,,
2013-02-22,PYPL.OQ,,,,,,0,,,,,,,,,,,,,,,,,,,
2013-02-25,PYPL.OQ,,,,,,0,,,,,,,,,,,,,,,,,,,
2013-02-26,PYPL.OQ,,,,,,0,,,,,,,,,,,,,,,,,,,
2013-02-27,PYPL.OQ,,,,,,0,,,,,,,,,,,,,,,,,,,
2013-02-28,PYPL.OQ,,,,,,0,,,,,,,,,,,,,,,,,,,
2013-03-01,PYPL.OQ,,,,,,0,,,,,,,,,,,,,,,,,,,
2013-03-04,PYPL.OQ,,,,,,0,,,,,,,,,,,,,,,,,,,
2013-03-05,PYPL.OQ,,,,,,0,,,,,,,,,,,,,,,,,,,
2013-03-06,PYPL.OQ,,,,,,0,,,,,,,,,,,,,,,,,,,
2013-03-07,PYPL.OQ,,,,,,0,,,,,,,,,,,,,,,,,,,
2013-03-08,PYPL.OQ,,,,,,0,,,,,,,,,,,,,,,,,,,
2013-03-11,PYPL.OQ,,,,,,0,,,,,,,,,,,,,,,,,,,
2013-03-12,PYPL.OQ,,,,,,0,,,,,,,,,,,,,,,,,,,
2013-03-13,PYPL.OQ,,,,,,0,,,,,,,,,,,,,,,,,,,
2013-03-14,PYPL.OQ,,,,,,0,,,,,,,,,,,,,,,,,,,
2013-03-15,PYPL.OQ,,,,,,0,,,,,,,,,,,,,,,,,,,
2013-03-18,PYPL.OQ,,,,,,0,,,,,,,,,,,,,,,,,,,
2013-03-19,PYPL.OQ,,,,,,0,,,,,,,,,,,,,,,,,,,
2013-03-20,PYPL.OQ,,,,,,0,,,,,,,,,,,,,,,,,,,
2013-03-21,PYPL.OQ,,,,,,0,,,,,,,,,,,,,,,,,,,
2013-03-22,PYPL.OQ,,,,,,0,,,,,,,,,,,,,,,,,,,
2013-03-25,PYPL.OQ,,,,,,0,,,,,,,,,,,,,,,,,,,
2013-03-26,PYPL.OQ,,,,,,0,,,,,,,,,,,,,,,,,,,
2013-03-27,PYPL.OQ,,,,,,0,,,,,,,,,,,,,,,,,,,
2013-03-28,PYPL.OQ,,,,,,0,,,,,,,,,,,,,,,,,,,
2013-04-01,PYPL.OQ,,,,,,0,,,,,,,,,,,,,,,,,,,
2013-04-02,PYPL.OQ,,,,,,0,,,,,,,,,,,,,,,,,,,
2013-04-03,PYPL.OQ,,,,,,0,,,,,,,,,,,,,,,,,,,
2013-04-04,PYPL.OQ,,,,,,0,,,,,,,,,,,,,,,,,,,
2013-04-05,PYPL.OQ,,,,,,0,,,,,,,,,,,,,,,,,,,
2013-04-08,PYPL.OQ,,,,,,0,,,,,,,,,,,,,,,,,,,
2013-04-09,PYPL.OQ,,,,,,0,,,,,,,,,,,,,,,,,,,
2013-04-10,PYPL.OQ,,,,,,0,,,,,,,,,,,,,,,,,,,
2013-04-11,PYPL.OQ,,,,,,0,,,,,,,,,,,,,,,,,,,
2013-04-12,PYPL.OQ,,,,,,0,,,,,,,,,,,,,,,,,,,
2013-04-15,PYPL.OQ,,,,,,0,,,,,,,,,,,,,,,,,,,
2013-04-16,PYPL.OQ,,,,,,0,,,,,,,,,,,,,,,,,,,
2013-04-17,PYPL.OQ,,,,,,0,,,,,,,,,,,,,,,,,,,
2013-04-18,PYPL.OQ,,,,,,0,,,,,,,,,,,,,,,,,,,
2013-04-19,PYPL.OQ,,,,,,0,,,,,,,,,,,,,,,,,,,
2013-04-22,PYPL.OQ,,,,,,0,,,,,,,,,,,,,,,,,,,
2013-04-23,PYPL.OQ,,,,,,0,,,,,,,,,,,,,,,,,,,
2013-04-24,PYPL.OQ,,,,,,0,,,,,,,,,,,,,,,,,,,
2013-04-25,PYPL.OQ,,,,,,0,,,,,,,,,,,,,,,,,,,
2013-04-26,PYPL.OQ,,,,,,0,,,,,,,,,,,,,,,,,,,
2013-04-29,PYPL.OQ,,,,,,0,,,,,,,,,,,,,,,,,,,
2013-04-30,PYPL.OQ,,,,,,0,,,,,,,,,,,,,,,,,,,
2013-05-01,PYPL.OQ,,,,,,0,,,,,,,,,,,,,,,,,,,
2013-05-02,PYPL.OQ,,,,,,0,,,,,,,,,,,,,,,,,,,
2013-05-03,PYPL.OQ,,,,,,0,,,,,,,,,,,,,,,,,,,
2013-05-06,PYPL.OQ,,,,,,0,,,,,,,,,,,,,,,,,,,
2013-05-07,PYPL.OQ,,,,,,0,,,,,,,,,,,,,,,,,,,
2013-05-08,PYPL.OQ,,,,,,0,,,,,,,,,,,,,,,,,,,
2013-05-09,PYPL.OQ,,,,,,0,,,,,,,,,,,,,,,,,,,
2013-05-10,PYPL.OQ,,,,,,0,,,,,,,,,,,,,,,,,,,
2013-05-13,PYPL.OQ,,,,,,0,,,,,,,,,,,,,,,,,,,
2013-05-14,PYPL.OQ,,,,,,0,,,,,,,,,,,,,,,,,,,
2013-05-15,PYPL.OQ,,,,,,0,,,,,,,,,,,,,,,,,,,
2013-05-16,PYPL.OQ,,,,,,0,,,,,,,,,,,,,,,,,,,
2013-05-17,PYPL.OQ,,,,,,0,,,,,,,,,,,,,,,,,,,
2013-05-20,PYPL.OQ,,,,,,0,,,,,,,,,,,,,,,,,,,
2013-05-21,PYPL.OQ,,,,,,0,,,,,,,,,,,,,,,,,,,
2013-05-22,PYPL.OQ,,,,,,0,,,,,,,,,,,,,,,,,,,
2013-05-23,PYPL.OQ,,,,,,0,,,,,,,,,,,,,,,,,,,
2013-05-24,PYPL.OQ,,,,,,0,,,,,,,,,,,,,,,,,,,
2013-05-28,PYPL.OQ,,,,,,0,,,,,,,,,,,,,,,,,,,
2013-05-29,PYPL.OQ,,,,,,0,,,,,,,,,,,,,,,,,,,
2013-05-30,PYPL.OQ,,,,,,0,,,,,,,,,,,,,,,,,,,
2013-05-31,PYPL.OQ,,,,,,0,,,,,,,,,,,,,,,,,,,
2013-06-03,PYPL.OQ,,,,,,0,,,,,,,,,,,,,,,,,,,
2013-06-04,PYPL.OQ,,,,,,0,,,,,,,,,,,,,,,,,,,
2013-06-05,PYPL.OQ,,,,,,0,,,,,,,,,,,,,,,,,,,
2013-06-06,PYPL.OQ,,,,,,0,,,,,,,,,,,,,,,,,,,
2013-06-07,PYPL.OQ,,,,,,0,,,,,,,,,,,,,,,,,,,
2013-06-10,PYPL.OQ,,,,,,0,,,,,,,,,,,,,,,,,,,
2013-06-11,PYPL.OQ,,,,,,0,,,,,,,,,,,,,,,,,,,
2013-06-12,PYPL.OQ,,,,,,0,,,,,,,,,,,,,,,,,,,
2013-06-13,PYPL.OQ,,,,,,0,,,,,,,,,,,,,,,,,,,
2013-06-14,PYPL.OQ,,,,,,0,,,,,,,,,,,,,,,,,,,
2013-06-17,PYPL.OQ,,,,,,0,,,,,,,,,,,,,,,,,,,
2013-06-18,PYPL.OQ,,,,,,0,,,,,,,,,,,,,,,,,,,
2013-06-19,PYPL.OQ,,,,,,0,,,,,,,,,,,,,,,,,,,
2013-06-20,PYPL.OQ,,,,,,0,,,,,,,,,,,,,,,,,,,
2013-06-21,PYPL.OQ,,,,,,0,,,,,,,,,,,,,,,,,,,
2013-06-24,PYPL.OQ,,,,,,0,,,,,,,,,,,,,,,,,,,
2013-06-25,PYPL.OQ,,,,,,0,,,,,,,,,,,,,,,,,,,
2013-06-26,PYPL.OQ,,,,,,0,,,,,,,,,,,,,,,,,,,
2013-06-27,PYPL.OQ,,,,,,0,,,,,,,,,,,,,,,,,,,
2013-06-28,PYPL.OQ,,,,,,0,,,,,,,,,,,,,,,,,,,
2013-07-01,PYPL.OQ,,,,,,0,,,,,,,,,,,,,,,,,,,
2013-07-02,PYPL.OQ,,,,,,0,,,,,,,,,,,,,,,,,,,
2013-07-03,PYPL.OQ,,,,,,0,,,,,,,,,,,,,,,,,,,
2013-07-05,PYPL.OQ,,,,,,0,,,,,,,,,,,,,,,,,,,
2013-07-08,PYPL.OQ,,,,,,0,,,,,,,,,,,,,,,,,,,
2013-07-09,PYPL.OQ,,,,,,0,,,,,,,,,,,,,,,,,,,
2013-07-10,PYPL.OQ,,,,,,0,,,,,,,,,,,,,,,,,,,
2013-07-11,PYPL.OQ,,,,,,0,,,,,,,,,,,,,,,,,,,
2013-07-12,PYPL.OQ,,,,,,0,,,,,,,,,,,,,,,,,,,
2013-07-15,PYPL.OQ,,,,,,0,,,,,,,,,,,,,,,,,,,
2013-07-16,PYPL.OQ,,,,,,0,,,,,,,,,,,,,,,,,,,
2013-07-17,PYPL.OQ,,,,,,0,,,,,,,,,,,,,,,,,,,
2013-07-18,PYPL.OQ,,,,,,0,,,,,,,,,,,,,,,,,,,
2013-07-19,PYPL.OQ,,,,,,0,,,,,,,,,,,,,,,,,,,
2013-07-22,PYPL.OQ,,,,,,0,,,,,,,,,,,,,,,,,,,
2013-07-23,PYPL.OQ,,,,,,0,,,,,,,,,,,,,,,,,,,
2013-07-24,PYPL.OQ,,,,,,0,,,,,,,,,,,,,,,,,,,
2013-07-25,PYPL.OQ,,,,,,0,,,,,,,,,,,,,,,,,,,
2013-07-26,PYPL.OQ,,,,,,0,,,,,,,,,,,,,,,,,,,
2013-07-29,PYPL.OQ,,,,,,0,,,,,,,,,,,,,,,,,,,
2013-07-30,PYPL.OQ,,,,,,0,,,,,,,,,,,,,,,,,,,
2013-07-31,PYPL.OQ,,,,,,0,,,,,,,,,,,,,,,,,,,
2013-08-01,PYPL.OQ,,,,,,0,,,,,,,,,,,,,,,,,,,
2013-08-02,PYPL.OQ,,,,,,0,,,,,,,,,,,,,,,,,,,
2013-08-05,PYPL.OQ,,,,,,0,,,,,,,,,,,,,,,,,,,
2013-08-06,PYPL.OQ,,,,,,0,,,,,,,,,,,,,,,,,,,
2013-08-07,PYPL.OQ,,,,,,0,,,,,,,,,,,,,,,,,,,
2013-08-08,PYPL.OQ,,,,,,0,,,,,,,,,,,,,,,,,,,
2013-08-09,PYPL.OQ,,,,,,0,,,,,,,,,,,,,,,,,,,
2013-08-12,PYPL.OQ,,,,,,0,,,,,,,,,,,,,,,,,,,
2013-08-13,PYPL.OQ,,,,,,0,,,,,,,,,,,,,,,,,,,
2013-08-14,PYPL.OQ,,,,,,0,,,,,,,,,,,,,,,,,,,
2013-08-15,PYPL.OQ,,,,,,0,,,,,,,,,,,,,,,,,,,
2013-08-16,PYPL.OQ,,,,,,0,,,,,,,,,,,,,,,,,,,
2013-08-19,PYPL.OQ,,,,,,0,,,,,,,,,,,,,,,,,,,
2013-08-20,PYPL.OQ,,,,,,0,,,,,,,,,,,,,,,,,,,
2013-08-21,PYPL.OQ,,,,,,0,,,,,,,,,,,,,,,,,,,
2013-08-22,PYPL.OQ,,,,,,0,,,,,,,,,,,,,,,,,,,
2013-08-23,PYPL.OQ,,,,,,0,,,,,,,,,,,,,,,,,,,
2013-08-26,PYPL.OQ,,,,,,0,,,,,,,,,,,,,,,,,,,
2013-08-27,PYPL.OQ,,,,,,0,,,,,,,,,,,,,,,,,,,
2013-08-28,PYPL.OQ,,,,,,0,,,,,,,,,,,,,,,,,,,
2013-08-29,PYPL.OQ,,,,,,0,,,,,,,,,,,,,,,,,,,
2013-08-30,PYPL.OQ,,,,,,0,,,,,,,,,,,,,,,,,,,
2013-09-03,PYPL.OQ,,,,,,0,,,,,,,,,,,,,,,,,,,
2013-09-04,PYPL.OQ,,,,,,0,,,,,,,,,,,,,,,,,,,
2013-09-05,PYPL.OQ,,,,,,0,,,,,,,,,,,,,,,,,,,
2013-09-06,PYPL.OQ,,,,,,0,,,,,,,,,,,,,,,,,,,
2013-09-09,PYPL.OQ,,,,,,0,,,,,,,,,,,,,,,,,,,
2013-09-10,PYPL.OQ,,,,,,0,,,,,,,,,,,,,,,,,,,
2013-09-11,PYPL.OQ,,,,,,0,,,,,,,,,,,,,,,,,,,
2013-09-12,PYPL.OQ,,,,,,0,,,,,,,,,,,,,,,,,,,
2013-09-13,PYPL.OQ,,,,,,0,,,,,,,,,,,,,,,,,,,
2013-09-16,PYPL.OQ,,,,,,0,,,,,,,,,,,,,,,,,,,
2013-09-17,PYPL.OQ,,,,,,0,,,,,,,,,,,,,,,,,,,
2013-09-18,PYPL.OQ,,,,,,0,,,,,,,,,,,,,,,,,,,
2013-09-19,PYPL.OQ,,,,,,0,,,,,,,,,,,,,,,,,,,
2013-09-20,PYPL.OQ,,,,,,0,,,,,,,,,,,,,,,,,,,
2013-09-23,PYPL.OQ,,,,,,0,,,,,,,,,,,,,,,,,,,
2013-09-24,PYPL.OQ,,,,,,0,,,,,,,,,,,,,,,,,,,
2013-09-25,PYPL.OQ,,,,,,0,,,,,,,,,,,,,,,,,,,
2013-09-26,PYPL.OQ,,,,,,0,,,,,,,,,,,,,,,,,,,
2013-09-27,PYPL.OQ,,,,,,0,,,,,,,,,,,,,,,,,,,
2013-09-30,PYPL.OQ,,,,,,0,,,,,,,,,,,,,,,,,,,
2013-10-01,PYPL.OQ,,,,,,0,,,,,,,,,,,,,,,,,,,
2013-10-02,PYPL.OQ,,,,,,0,,,,,,,,,,,,,,,,,,,
2013-10-03,PYPL.OQ,,,,,,0,,,,,,,,,,,,,,,,,,,
2013-10-04,PYPL.OQ,,,,,,0,,,,,,,,,,,,,,,,,,,
2013-10-07,PYPL.OQ,,,,,,0,,,,,,,,,,,,,,,,,,,
2013-10-08,PYPL.OQ,,,,,,0,,,,,,,,,,,,,,,,,,,
2013-10-09,PYPL.OQ,,,,,,0,,,,,,,,,,,,,,,,,,,
2013-10-10,PYPL.OQ,,,,,,0,,,,,,,,,,,,,,,,,,,
2013-10-11,PYPL.OQ,,,,,,0,,,,,,,,,,,,,,,,,,,
2013-10-14,PYPL.OQ,,,,,,0,,,,,,,,,,,,,,,,,,,
2013-10-15,PYPL.OQ,,,,,,0,,,,,,,,,,,,,,,,,,,
2013-10-16,PYPL.OQ,,,,,,0,,,,,,,,,,,,,,,,,,,
2013-10-17,PYPL.OQ,,,,,,0,,,,,,,,,,,,,,,,,,,
2013-10-18,PYPL.OQ,,,,,,0,,,,,,,,,,,,,,,,,,,
2013-10-21,PYPL.OQ,,,,,,0,,,,,,,,,,,,,,,,,,,
2013-10-22,PYPL.OQ,,,,,,0,,,,,,,,,,,,,,,,,,,
2013-10-23,PYPL.OQ,,,,,,0,,,,,,,,,,,,,,,,,,,
2013-10-24,PYPL.OQ,,,,,,0,,,,,,,,,,,,,,,,,,,
2013-10-25,PYPL.OQ,,,,,,0,,,,,,,,,,,,,,,,,,,
2013-10-28,PYPL.OQ,,,,,,0,,,,,,,,,,,,,,,,,,,
2013-10-29,PYPL.OQ,,,,,,0,,,,,,,,,,,,,,,,,,,
2013-10-30,PYPL.OQ,,,,,,0,,,,,,,,,,,,,,,,,,,
2013-10-31,PYPL.OQ,,,,,,0,,,,,,,,,,,,,,,,,,,
2013-11-01,PYPL.OQ,,,,,,0,,,,,,,,,,,,,,,,,,,
2013-11-04,PYPL.OQ,,,,,,0,,,,,,,,,,,,,,,,,,,
2013-11-05,PYPL.OQ,,,,,,0,,,,,,,,,,,,,,,,,,,
2013-11-06,PYPL.OQ,,,,,,0,,,,,,,,,,,,,,,,,,,
2013-11-07,PYPL.OQ,,,,,,0,,,,,,,,,,,,,,,,,,,
2013-11-08,PYPL.OQ,,,,,,0,,,,,,,,,,,,,,,,,,,
2013-11-11,PYPL.OQ,,,,,,0,,,,,,,,,,,,,,,,,,,
2013-11-12,PYPL.OQ,,,,,,0,,,,,,,,,,,,,,,,,,,
2013-11-13,PYPL.OQ,,,,,,0,,,,,,,,,,,,,,,,,,,
2013-11-14,PYPL.OQ,,,,,,0,,,,,,,,,,,,,,,,,,,
2013-11-15,PYPL.OQ,,,,,,0,,,,,,,,,,,,,,,,,,,
2013-11-18,PYPL.OQ,,,,,,0,,,,,,,,,,,,,,,,,,,
2013-11-19,PYPL.OQ,,,,,,0,,,,,,,,,,,,,,,,,,,
2013-11-20,PYPL.OQ,,,,,,0,,,,,,,,,,,,,,,,,,,
2013-11-21,PYPL.OQ,,,,,,0,,,,,,,,,,,,,,,,,,,
2013-11-22,PYPL.OQ,,,,,,0,,,,,,,,,,,,,,,,,,,
2013-11-25,PYPL.OQ,,,,,,0,,,,,,,,,,,,,,,,,,,
2013-11-26,PYPL.OQ,,,,,,0,,,,,,,,,,,,,,,,,,,
2013-11-27,PYPL.OQ,,,,,,0,,,,,,,,,,,,,,,,,,,
2013-11-29,PYPL.OQ,,,,,,0,,,,,,,,,,,,,,,,,,,
2013-12-02,PYPL.OQ,,,,,,0,,,,,,,,,,,,,,,,,,,
2013-12-03,PYPL.OQ,,,,,,0,,,,,,,,,,,,,,,,,,,
2013-12-04,PYPL.OQ,,,,,,0,,,,,,,,,,,,,,,,,,,
2013-12-05,PYPL.OQ,,,,,,0,,,,,,,,,,,,,,,,,,,
2013-12-06,PYPL.OQ,,,,,,0,,,,,,,,,,,,,,,,,,,
2013-12-09,PYPL.OQ,,,,,,0,,,,,,,,,,,,,,,,,,,
2013-12-10,PYPL.OQ,,,,,,0,,,,,,,,,,,,,,,,,,,
2013-12-11,PYPL.OQ,,,,,,0,,,,,,,,,,,,,,,,,,,
2013-12-12,PYPL.OQ,,,,,,0,,,,,,,,,,,,,,,,,,,
2013-12-13,PYPL.OQ,,,,,,0,,,,,,,,,,,,,,,,,,,
2013-12-16,PYPL.OQ,,,,,,0,,,,,,,,,,,,,,,,,,,
2013-12-17,PYPL.OQ,,,,,,0,,,,,,,,,,,,,,,,,,,
2013-12-18,PYPL.OQ,,,,,,0,,,,,,,,,,,,,,,,,,,
2013-12-19,PYPL.OQ,,,,,,0,,,,,,,,,,,,,,,,,,,
2013-12-20,PYPL.OQ,,,,,,0,,,,,,,,,,,,,,,,,,,
2013-12-23,PYPL.OQ,,,,,,0,,,,,,,,,,,,,,,,,,,
2013-12-24,PYPL.OQ,,,,,,0,,,,,,,,,,,,,,,,,,,
2013-12-26,PYPL.OQ,,,,,,0,,,,,,,,,,,,,,,,,,,
2013-12-27,PYPL.OQ,,,,,,0,,,,,,,,,,,,,,,,,,,
2013-12-30,PYPL.OQ,,,,,,0,,,,,,,,,,,,,,,,,,,
2013-12-31,PYPL.OQ,,,,,,0,,,,,,,,,,,,,,,,,,,
2014-01-02,PYPL.OQ,,,,,,0,,,,,,,,,,,,,,,,,,,
2014-01-03,PYPL.OQ,,,,,,0,,,,,,,,,,,,,,,,,,,
2014-01-06,PYPL.OQ,,,,,,0,,,,,,,,,,,,,,,,,,,
2014-01-07,PYPL.OQ,,,,,,0,,,,,,,,,,,,,,,,,,,
2014-01-08,PYPL.OQ,,,,,,0,,,,,,,,,,,,,,,,,,,
2014-01-09,PYPL.OQ,,,,,,0,,,,,,,,,,,,,,,,,,,
2014-01-10,PYPL.OQ,,,,,,0,,,,,,,,,,,,,,,,,,,
2014-01-13,PYPL.OQ,,,,,,0,,,,,,,,,,,,,,,,,,,
2014-01-14,PYPL.OQ,,,,,,0,,,,,,,,,,,,,,,,,,,
2014-01-15,PYPL.OQ,,,,,,0,,,,,,,,,,,,,,,,,,,
2014-01-16,PYPL.OQ,,,,,,0,,,,,,,,,,,,,,,,,,,
2014-01-17,PYPL.OQ,,,,,,0,,,,,,,,,,,,,,,,,,,
2014-01-21,PYPL.OQ,,,,,,0,,,,,,,,,,,,,,,,,,,
2014-01-22,PYPL.OQ,,,,,,0,,,,,,,,,,,,,,,,,,,
2014-01-23,PYPL.OQ,,,,,,0,,,,,,,,,,,,,,,,,,,
2014-01-24,PYPL.OQ,,,,,,0,,,,,,,,,,,,,,,,,,,
2014-01-27,PYPL.OQ,,,,,,0,,,,,,,,,,,,,,,,,,,
2014-01-28,PYPL.OQ,,,,,,0,,,,,,,,,,,,,,,,,,,
2014-01-29,PYPL.OQ,,,,,,0,,,,,,,,,,,,,,,,,,,
2014-01-30,PYPL.OQ,,,,,,0,,,,,,,,,,,,,,,,,,,
2014-01-31,PYPL.OQ,,,,,,0,,,,,,,,,,,,,,,,,,,
2014-02-03,PYPL.OQ,,,,,,0,,,,,,,,,,,,,,,,,,,
2014-02-04,PYPL.OQ,,,,,,0,,,,,,,,,,,,,,,,,,,
2014-02-05,PYPL.OQ,,,,,,0,,,,,,,,,,,,,,,,,,,
2014-02-06,PYPL.OQ,,,,,,0,,,,,,,,,,,,,,,,,,,
2014-02-07,PYPL.OQ,,,,,,0,,,,,,,,,,,,,,,,,,,
2014-02-10,PYPL.OQ,,,,,,0,,,,,,,,,,,,,,,,,,,
2014-02-11,PYPL.OQ,,,,,,0,,,,,,,,,,,,,,,,,,,
2014-02-12,PYPL.OQ,,,,,,0,,,,,,,,,,,,,,,,,,,
2014-02-13,PYPL.OQ,,,,,,0,,,,,,,,,,,,,,,,,,,
2014-02-14,PYPL.OQ,,,,,,0,,,,,,,,,,,,,,,,,,,
2014-02-18,PYPL.OQ,,,,,,0,,,,,,,,,,,,,,,,,,,
2014-02-19,PYPL.OQ,,,,,,0,,,,,,,,,,,,,,,,,,,
2014-02-20,PYPL.OQ,,,,,,0,,,,,,,,,,,,,,,,,,,
2014-02-21,PYPL.OQ,,,,,,0,,,,,,,,,,,,,,,,,,,
2014-02-24,PYPL.OQ,,,,,,0,,,,,,,,,,,,,,,,,,,
2014-02-25,PYPL.OQ,,,,,,0,,,,,,,,,,,,,,,,,,,
2014-02-26,PYPL.OQ,,,,,,0,,,,,,,,,,,,,,,,,,,
2014-02-27,PYPL.OQ,,,,,,0,,,,,,,,,,,,,,,,,,,
2014-02-28,PYPL.OQ,,,,,,0,,,,,,,,,,,,,,,,,,,
2014-03-03,PYPL.OQ,,,,,,0,,,,,,,,,,,,,,,,,,,
2014-03-04,PYPL.OQ,,,,,,0,,,,,,,,,,,,,,,,,,,
2014-03-05,PYPL.OQ,,,,,,0,,,,,,,,,,,,,,,,,,,
2014-03-06,PYPL.OQ,,,,,,0,,,,,,,,,,,,,,,,,,,
2014-03-07,PYPL.OQ,,,,,,0,,,,,,,,,,,,,,,,,,,
2014-03-10,PYPL.OQ,,,,,,0,,,,,,,,,,,,,,,,,,,
2014-03-11,PYPL.OQ,,,,,,0,,,,,,,,,,,,,,,,,,,
2014-03-12,PYPL.OQ,,,,,,0,,,,,,,,,,,,,,,,,,,
2014-03-13,PYPL.OQ,,,,,,0,,,,,,,,,,,,,,,,,,,
2014-03-14,PYPL.OQ,,,,,,0,,,,,,,,,,,,,,,,,,,
2014-03-17,PYPL.OQ,,,,,,0,,,,,,,,,,,,,,,,,,,
2014-03-18,PYPL.OQ,,,,,,0,,,,,,,,,,,,,,,,,,,
2014-03-19,PYPL.OQ,,,,,,0,,,,,,,,,,,,,,,,,,,
2014-03-20,PYPL.OQ,,,,,,0,,,,,,,,,,,,,,,,,,,
2014-03-21,PYPL.OQ,,,,,,0,,,,,,,,,,,,,,,,,,,
2014-03-24,PYPL.OQ,,,,,,0,,,,,,,,,,,,,,,,,,,
2014-03-25,PYPL.OQ,,,,,,0,,,,,,,,,,,,,,,,,,,
2014-03-26,PYPL.OQ,,,,,,0,,,,,,,,,,,,,,,,,,,
2014-03-27,PYPL.OQ,,,,,,0,,,,,,,,,,,,,,,,,,,
2014-03-28,PYPL.OQ,,,,,,0,,,,,,,,,,,,,,,,,,,
2014-03-31,PYPL.OQ,,,,,,0,,,,,,,,,,,,,,,,,,,
2014-04-01,PYPL.OQ,,,,,,0,,,,,,,,,,,,,,,,,,,
2014-04-02,PYPL.OQ,,,,,,0,,,,,,,,,,,,,,,,,,,
2014-04-03,PYPL.OQ,,,,,,0,,,,,,,,,,,,,,,,,,,
2014-04-04,PYPL.OQ,,,,,,0,,,,,,,,,,,,,,,,,,,
2014-04-07,PYPL.OQ,,,,,,0,,,,,,,,,,,,,,,,,,,
2014-04-08,PYPL.OQ,,,,,,0,,,,,,,,,,,,,,,,,,,
2014-04-09,PYPL.OQ,,,,,,0,,,,,,,,,,,,,,,,,,,
2014-04-10,PYPL.OQ,,,,,,0,,,,,,,,,,,,,,,,,,,
2014-04-11,PYPL.OQ,,,,,,0,,,,,,,,,,,,,,,,,,,
2014-04-14,PYPL.OQ,,,,,,0,,,,,,,,,,,,,,,,,,,
2014-04-15,PYPL.OQ,,,,,,0,,,,,,,,,,,,,,,,,,,
2014-04-16,PYPL.OQ,,,,,,0,,,,,,,,,,,,,,,,,,,
2014-04-17,PYPL.OQ,,,,,,0,,,,,,,,,,,,,,,,,,,
2014-04-21,PYPL.OQ,,,,,,0,,,,,,,,,,,,,,,,,,,
2014-04-22,PYPL.OQ,,,,,,0,,,,,,,,,,,,,,,,,,,
2014-04-23,PYPL.OQ,,,,,,0,,,,,,,,,,,,,,,,,,,
2014-04-24,PYPL.OQ,,,,,,0,,,,,,,,,,,,,,,,,,,
2014-04-25,PYPL.OQ,,,,,,0,,,,,,,,,,,,,,,,,,,
2014-04-28,PYPL.OQ,,,,,,0,,,,,,,,,,,,,,,,,,,
2014-04-29,PYPL.OQ,,,,,,0,,,,,,,,,,,,,,,,,,,
2014-04-30,PYPL.OQ,,,,,,0,,,,,,,,,,,,,,,,,,,
2014-05-01,PYPL.OQ,,,,,,0,,,,,,,,,,,,,,,,,,,
2014-05-02,PYPL.OQ,,,,,,0,,,,,,,,,,,,,,,,,,,
2014-05-05,PYPL.OQ,,,,,,0,,,,,,,,,,,,,,,,,,,
2014-05-06,PYPL.OQ,,,,,,0,,,,,,,,,,,,,,,,,,,
2014-05-07,PYPL.OQ,,,,,,0,,,,,,,,,,,,,,,,,,,
2014-05-08,PYPL.OQ,,,,,,0,,,,,,,,,,,,,,,,,,,
2014-05-09,PYPL.OQ,,,,,,0,,,,,,,,,,,,,,,,,,,
2014-05-12,PYPL.OQ,,,,,,0,,,,,,,,,,,,,,,,,,,
2014-05-13,PYPL.OQ,,,,,,0,,,,,,,,,,,,,,,,,,,
2014-05-14,PYPL.OQ,,,,,,0,,,,,,,,,,,,,,,,,,,
2014-05-15,PYPL.OQ,,,,,,0,,,,,,,,,,,,,,,,,,,
2014-05-16,PYPL.OQ,,,,,,0,,,,,,,,,,,,,,,,,,,
2014-05-19,PYPL.OQ,,,,,,0,,,,,,,,,,,,,,,,,,,
2014-05-20,PYPL.OQ,,,,,,0,,,,,,,,,,,,,,,,,,,
2014-05-21,PYPL.OQ,,,,,,0,,,,,,,,,,,,,,,,,,,
2014-05-22,PYPL.OQ,,,,,,0,,,,,,,,,,,,,,,,,,,
2014-05-23,PYPL.OQ,,,,,,0,,,,,,,,,,,,,,,,,,,
2014-05-27,PYPL.OQ,,,,,,0,,,,,,,,,,,,,,,,,,,
2014-05-28,PYPL.OQ,,,,,,0,,,,,,,,,,,,,,,,,,,
2014-05-29,PYPL.OQ,,,,,,0,,,,,,,,,,,,,,,,,,,
2014-05-30,PYPL.OQ,,,,,,0,,,,,,,,,,,,,,,,,,,
2014-06-02,PYPL.OQ,,,,,,0,,,,,,,,,,,,,,,,,,,
2014-06-03,PYPL.OQ,,,,,,0,,,,,,,,,,,,,,,,,,,
2014-06-04,PYPL.OQ,,,,,,0,,,,,,,,,,,,,,,,,,,
2014-06-05,PYPL.OQ,,,,,,0,,,,,,,,,,,,,,,,,,,
2014-06-06,PYPL.OQ,,,,,,0,,,,,,,,,,,,,,,,,,,
2014-06-09,PYPL.OQ,,,,,,0,,,,,,,,,,,,,,,,,,,
2014-06-10,PYPL.OQ,,,,,,0,,,,,,,,,,,,,,,,,,,
2014-06-11,PYPL.OQ,,,,,,0,,,,,,,,,,,,,,,,,,,
2014-06-12,PYPL.OQ,,,,,,0,,,,,,,,,,,,,,,,,,,
2014-06-13,PYPL.OQ,,,,,,0,,,,,,,,,,,,,,,,,,,
2014-06-16,PYPL.OQ,,,,,,0,,,,,,,,,,,,,,,,,,,
2014-06-17,PYPL.OQ,,,,,,0,,,,,,,,,,,,,,,,,,,
2014-06-18,PYPL.OQ,,,,,,0,,,,,,,,,,,,,,,,,,,
2014-06-19,PYPL.OQ,,,,,,0,,,,,,,,,,,,,,,,,,,
2014-06-20,PYPL.OQ,,,,,,0,,,,,,,,,,,,,,,,,,,
2014-06-23,PYPL.OQ,,,,,,0,,,,,,,,,,,,,,,,,,,
2014-06-24,PYPL.OQ,,,,,,0,,,,,,,,,,,,,,,,,,,
2014-06-25,PYPL.OQ,,,,,,0,,,,,,,,,,,,,,,,,,,
2014-06-26,PYPL.OQ,,,,,,0,,,,,,,,,,,,,,,,,,,
2014-06-27,PYPL.OQ,,,,,,0,,,,,,,,,,,,,,,,,,,
2014-06-30,PYPL.OQ,,,,,,0,,,,,,,,,,,,,,,,,,,
2014-07-01,PYPL.OQ,,,,,,0,,,,,,,,,,,,,,,,,,,
2014-07-02,PYPL.OQ,,,,,,0,,,,,,,,,,,,,,,,,,,
2014-07-03,PYPL.OQ,,,,,,0,,,,,,,,,,,,,,,,,,,
2014-07-07,PYPL.OQ,,,,,,0,,,,,,,,,,,,,,,,,,,
2014-07-08,PYPL.OQ,,,,,,0,,,,,,,,,,,,,,,,,,,
2014-07-09,PYPL.OQ,,,,,,0,,,,,,,,,,,,,,,,,,,
2014-07-10,PYPL.OQ,,,,,,0,,,,,,,,,,,,,,,,,,,
2014-07-11,PYPL.OQ,,,,,,0,,,,,,,,,,,,,,,,,,,
2014-07-14,PYPL.OQ,,,,,,0,,,,,,,,,,,,,,,,,,,
2014-07-15,PYPL.OQ,,,,,,0,,,,,,,,,,,,,,,,,,,
2014-07-16,PYPL.OQ,,,,,,0,,,,,,,,,,,,,,,,,,,
2014-07-17,PYPL.OQ,,,,,,0,,,,,,,,,,,,,,,,,,,
2014-07-18,PYPL.OQ,,,,,,0,,,,,,,,,,,,,,,,,,,
2014-07-21,PYPL.OQ,,,,,,0,,,,,,,,,,,,,,,,,,,
2014-07-22,PYPL.OQ,,,,,,0,,,,,,,,,,,,,,,,,,,
2014-07-23,PYPL.OQ,,,,,,0,,,,,,,,,,,,,,,,,,,
2014-07-24,PYPL.OQ,,,,,,0,,,,,,,,,,,,,,,,,,,
2014-07-25,PYPL.OQ,,,,,,0,,,,,,,,,,,,,,,,,,,
2014-07-28,PYPL.OQ,,,,,,0,,,,,,,,,,,,,,,,,,,
2014-07-29,PYPL.OQ,,,,,,0,,,,,,,,,,,,,,,,,,,
2014-07-30,PYPL.OQ,,,,,,0,,,,,,,,,,,,,,,,,,,
2014-07-31,PYPL.OQ,,,,,,0,,,,,,,,,,,,,,,,,,,
2014-08-01,PYPL.OQ,,,,,,0,,,,,,,,,,,,,,,,,,,
2014-08-04,PYPL.OQ,,,,,,0,,,,,,,,,,,,,,,,,,,
2014-08-05,PYPL.OQ,,,,,,0,,,,,,,,,,,,,,,,,,,
2014-08-06,PYPL.OQ,,,,,,0,,,,,,,,,,,,,,,,,,,
2014-08-07,PYPL.OQ,,,,,,0,,,,,,,,,,,,,,,,,,,
2014-08-08,PYPL.OQ,,,,,,0,,,,,,,,,,,,,,,,,,,
2014-08-11,PYPL.OQ,,,,,,0,,,,,,,,,,,,,,,,,,,
2014-08-12,PYPL.OQ,,,,,,0,,,,,,,,,,,,,,,,,,,
2014-08-13,PYPL.OQ,,,,,,0,,,,,,,,,,,,,,,,,,,
2014-08-14,PYPL.OQ,,,,,,0,,,,,,,,,,,,,,,,,,,
2014-08-15,PYPL.OQ,,,,,,0,,,,,,,,,,,,,,,,,,,
2014-08-18,PYPL.OQ,,,,,,0,,,,,,,,,,,,,,,,,,,
2014-08-19,PYPL.OQ,,,,,,0,,,,,,,,,,,,,,,,,,,
2014-08-20,PYPL.OQ,,,,,,0,,,,,,,,,,,,,,,,,,,
2014-08-21,PYPL.OQ,,,,,,0,,,,,,,,,,,,,,,,,,,
2014-08-22,PYPL.OQ,,,,,,0,,,,,,,,,,,,,,,,,,,
2014-08-25,PYPL.OQ,,,,,,0,,,,,,,,,,,,,,,,,,,
2014-08-26,PYPL.OQ,,,,,,0,,,,,,,,,,,,,,,,,,,
2014-08-27,PYPL.OQ,,,,,,0,,,,,,,,,,,,,,,,,,,
2014-08-28,PYPL.OQ,,,,,,0,,,,,,,,,,,,,,,,,,,
2014-08-29,PYPL.OQ,,,,,,0,,,,,,,,,,,,,,,,,,,
2014-09-02,PYPL.OQ,,,,,,0,,,,,,,,,,,,,,,,,,,
2014-09-03,PYPL.OQ,,,,,,0,,,,,,,,,,,,,,,,,,,
2014-09-04,PYPL.OQ,,,,,,0,,,,,,,,,,,,,,,,,,,
2014-09-05,PYPL.OQ,,,,,,0,,,,,,,,,,,,,,,,,,,
2014-09-08,PYPL.OQ,,,,,,0,,,,,,,,,,,,,,,,,,,
2014-09-09,PYPL.OQ,,,,,,0,,,,,,,,,,,,,,,,,,,
2014-09-10,PYPL.OQ,,,,,,0,,,,,,,,,,,,,,,,,,,
2014-09-11,PYPL.OQ,,,,,,0,,,,,,,,,,,,,,,,,,,
2014-09-12,PYPL.OQ,,,,,,0,,,,,,,,,,,,,,,,,,,
2014-09-15,PYPL.OQ,,,,,,0,,,,,,,,,,,,,,,,,,,
2014-09-16,PYPL.OQ,,,,,,0,,,,,,,,,,,,,,,,,,,
2014-09-17,PYPL.OQ,,,,,,0,,,,,,,,,,,,,,,,,,,
2014-09-18,PYPL.OQ,,,,,,0,,,,,,,,,,,,,,,,,,,
2014-09-19,PYPL.OQ,,,,,,0,,,,,,,,,,,,,,,,,,,
2014-09-22,PYPL.OQ,,,,,,0,,,,,,,,,,,,,,,,,,,
2014-09-23,PYPL.OQ,,,,,,0,,,,,,,,,,,,,,,,,,,
2014-09-24,PYPL.OQ,,,,,,0,,,,,,,,,,,,,,,,,,,
2014-09-25,PYPL.OQ,,,,,,0,,,,,,,,,,,,,,,,,,,
2014-09-26,PYPL.OQ,,,,,,0,,,,,,,,,,,,,,,,,,,
2014-09-29,PYPL.OQ,,,,,,0,,,,,,,,,,,,,,,,,,,
2014-09-30,PYPL.OQ,,,,,,0,,,,,,,,,,,,,,,,,,,
2014-10-01,PYPL.OQ,,,,,,0,,,,,,,,,,,,,,,,,,,
2014-10-02,PYPL.OQ,,,,,,0,,,,,,,,,,,,,,,,,,,
2014-10-03,PYPL.OQ,,,,,,0,,,,,,,,,,,,,,,,,,,
2014-10-06,PYPL.OQ,,,,,,0,,,,,,,,,,,,,,,,,,,
2014-10-07,PYPL.OQ,,,,,,0,,,,,,,,,,,,,,,,,,,
2014-10-08,PYPL.OQ,,,,,,0,,,,,,,,,,,,,,,,,,,
2014-10-09,PYPL.OQ,,,,,,0,,,,,,,,,,,,,,,,,,,
2014-10-10,PYPL.OQ,,,,,,0,,,,,,,,,,,,,,,,,,,
2014-10-13,PYPL.OQ,,,,,,0,,,,,,,,,,,,,,,,,,,
2014-10-14,PYPL.OQ,,,,,,0,,,,,,,,,,,,,,,,,,,
2014-10-15,PYPL.OQ,,,,,,0,,,,,,,,,,,,,,,,,,,
2014-10-16,PYPL.OQ,,,,,,0,,,,,,,,,,,,,,,,,,,
2014-10-17,PYPL.OQ,,,,,,0,,,,,,,,,,,,,,,,,,,
2014-10-20,PYPL.OQ,,,,,,0,,,,,,,,,,,,,,,,,,,
2014-10-21,PYPL.OQ,,,,,,0,,,,,,,,,,,,,,,,,,,
2014-10-22,PYPL.OQ,,,,,,0,,,,,,,,,,,,,,,,,,,
2014-10-23,PYPL.OQ,,,,,,0,,,,,,,,,,,,,,,,,,,
2014-10-24,PYPL.OQ,,,,,,0,,,,,,,,,,,,,,,,,,,
2014-10-27,PYPL.OQ,,,,,,0,,,,,,,,,,,,,,,,,,,
2014-10-28,PYPL.OQ,,,,,,0,,,,,,,,,,,,,,,,,,,
2014-10-29,PYPL.OQ,,,,,,0,,,,,,,,,,,,,,,,,,,
2014-10-30,PYPL.OQ,,,,,,0,,,,,,,,,,,,,,,,,,,
2014-10-31,PYPL.OQ,,,,,,0,,,,,,,,,,,,,,,,,,,
2014-11-03,PYPL.OQ,,,,,,0,,,,,,,,,,,,,,,,,,,
2014-11-04,PYPL.OQ,,,,,,0,,,,,,,,,,,,,,,,,,,
2014-11-05,PYPL.OQ,,,,,,0,,,,,,,,,,,,,,,,,,,
2014-11-06,PYPL.OQ,,,,,,0,,,,,,,,,,,,,,,,,,,
2014-11-07,PYPL.OQ,,,,,,0,,,,,,,,,,,,,,,,,,,
2014-11-10,PYPL.OQ,,,,,,0,,,,,,,,,,,,,,,,,,,
2014-11-11,PYPL.OQ,,,,,,0,,,,,,,,,,,,,,,,,,,
2014-11-12,PYPL.OQ,,,,,,0,,,,,,,,,,,,,,,,,,,
2014-11-13,PYPL.OQ,,,,,,0,,,,,,,,,,,,,,,,,,,
2014-11-14,PYPL.OQ,,,,,,0,,,,,,,,,,,,,,,,,,,
2014-11-17,PYPL.OQ,,,,,,0,,,,,,,,,,,,,,,,,,,
2014-11-18,PYPL.OQ,,,,,,0,,,,,,,,,,,,,,,,,,,
2014-11-19,PYPL.OQ,,,,,,0,,,,,,,,,,,,,,,,,,,
2014-11-20,PYPL.OQ,,,,,,0,,,,,,,,,,,,,,,,,,,
2014-11-21,PYPL.OQ,,,,,,0,,,,,,,,,,,,,,,,,,,
2014-11-24,PYPL.OQ,,,,,,0,,,,,,,,,,,,,,,,,,,
2014-11-25,PYPL.OQ,,,,,,0,,,,,,,,,,,,,,,,,,,
2014-11-26,PYPL.OQ,,,,,,0,,,,,,,,,,,,,,,,,,,
2014-11-28,PYPL.OQ,,,,,,0,,,,,,,,,,,,,,,,,,,
2014-12-01,PYPL.OQ,,,,,,0,,,,,,,,,,,,,,,,,,,
2014-12-02,PYPL.OQ,,,,,,0,,,,,,,,,,,,,,,,,,,
2014-12-03,PYPL.OQ,,,,,,0,,,,,,,,,,,,,,,,,,,
2014-12-04,PYPL.OQ,,,,,,0,,,,,,,,,,,,,,,,,,,
2014-12-05,PYPL.OQ,,,,,,0,,,,,,,,,,,,,,,,,,,
2014-12-08,PYPL.OQ,,,,,,0,,,,,,,,,,,,,,,,,,,
2014-12-09,PYPL.OQ,,,,,,0,,,,,,,,,,,,,,,,,,,
2014-12-10,PYPL.OQ,,,,,,0,,,,,,,,,,,,,,,,,,,
2014-12-11,PYPL.OQ,,,,,,0,,,,,,,,,,,,,,,,,,,
2014-12-12,PYPL.OQ,,,,,,0,,,,,,,,,,,,,,,,,,,
2014-12-15,PYPL.OQ,,,,,,0,,,,,,,,,,,,,,,,,,,
2014-12-16,PYPL.OQ,,,,,,0,,,,,,,,,,,,,,,,,,,
2014-12-17,PYPL.OQ,,,,,,0,,,,,,,,,,,,,,,,,,,
2014-12-18,PYPL.OQ,,,,,,0,,,,,,,,,,,,,,,,,,,
2014-12-19,PYPL.OQ,,,,,,0,,,,,,,,,,,,,,,,,,,
2014-12-22,PYPL.OQ,,,,,,0,,,,,,,,,,,,,,,,,,,
2014-12-23,PYPL.OQ,,,,,,0,,,,,,,,,,,,,,,,,,,
2014-12-24,PYPL.OQ,,,,,,0,,,,,,,,,,,,,,,,,,,
2014-12-26,PYPL.OQ,,,,,,0,,,,,,,,,,,,,,,,,,,
2014-12-29,PYPL.OQ,,,,,,0,,,,,,,,,,,,,,,,,,,
2014-12-30,PYPL.OQ,,,,,,0,,,,,,,,,,,,,,,,,,,
2014-12-31,PYPL.OQ,,,,,,0,,,,,,,,,,,,,,,,,,,
2015-01-02,PYPL.OQ,,,,,,0,,,,,,,,,,,,,,,,,,,
2015-01-05,PYPL.OQ,,,,,,0,,,,,,,,,,,,,,,,,,,
2015-01-06,PYPL.OQ,,,,,,0,,,,,,,,,,,,,,,,,,,
2015-01-07,PYPL.OQ,,,,,,0,,,,,,,,,,,,,,,,,,,
2015-01-08,PYPL.OQ,,,,,,0,,,,,,,,,,,,,,,,,,,
2015-01-09,PYPL.OQ,,,,,,0,,,,,,,,,,,,,,,,,,,
2015-01-12,PYPL.OQ,,,,,,0,,,,,,,,,,,,,,,,,,,
2015-01-13,PYPL.OQ,,,,,,0,,,,,,,,,,,,,,,,,,,
2015-01-14,PYPL.OQ,,,,,,0,,,,,,,,,,,,,,,,,,,
2015-01-15,PYPL.OQ,,,,,,0,,,,,,,,,,,,,,,,,,,
2015-01-16,PYPL.OQ,,,,,,0,,,,,,,,,,,,,,,,,,,
2015-01-20,PYPL.OQ,,,,,,0,,,,,,,,,,,,,,,,,,,
2015-01-21,PYPL.OQ,,,,,,0,,,,,,,,,,,,,,,,,,,
2015-01-22,PYPL.OQ,,,,,,0,,,,,,,,,,,,,,,,,,,
2015-01-23,PYPL.OQ,,,,,,0,,,,,,,,,,,,,,,,,,,
2015-01-26,PYPL.OQ,,,,,,0,,,,,,,,,,,,,,,,,,,
2015-01-27,PYPL.OQ,,,,,,0,,,,,,,,,,,,,,,,,,,
2015-01-28,PYPL.OQ,,,,,,0,,,,,,,,,,,,,,,,,,,
2015-01-29,PYPL.OQ,,,,,,0,,,,,,,,,,,,,,,,,,,
2015-01-30,PYPL.OQ,,,,,,0,,,,,,,,,,,,,,,,,,,
2015-02-02,PYPL.OQ,,,,,,0,,,,,,,,,,,,,,,,,,,
2015-02-03,PYPL.OQ,,,,,,0,,,,,,,,,,,,,,,,,,,
2015-02-04,PYPL.OQ,,,,,,0,,,,,,,,,,,,,,,,,,,
2015-02-05,PYPL.OQ,,,,,,0,,,,,,,,,,,,,,,,,,,
2015-02-06,PYPL.OQ,,,,,,0,,,,,,,,,,,,,,,,,,,
2015-02-09,PYPL.OQ,,,,,,0,,,,,,,,,,,,,,,,,,,
2015-02-10,PYPL.OQ,,,,,,0,,,,,,,,,,,,,,,,,,,
2015-02-11,PYPL.OQ,,,,,,0,,,,,,,,,,,,,,,,,,,
2015-02-12,PYPL.OQ,,,,,,0,,,,,,,,,,,,,,,,,,,
2015-02-13,PYPL.OQ,,,,,,0,,,,,,,,,,,,,,,,,,,
2015-02-17,PYPL.OQ,,,,,,0,,,,,,,,,,,,,,,,,,,
2015-02-18,PYPL.OQ,,,,,,0,,,,,,,,,,,,,,,,,,,
2015-02-19,PYPL.OQ,,,,,,0,,,,,,,,,,,,,,,,,,,
2015-02-20,PYPL.OQ,,,,,,0,,,,,,,,,,,,,,,,,,,
2015-02-23,PYPL.OQ,,,,,,0,,,,,,,,,,,,,,,,,,,
2015-02-24,PYPL.OQ,,,,,,0,,,,,,,,,,,,,,,,,,,
2015-02-25,PYPL.OQ,,,,,,0,,,,,,,,,,,,,,,,,,,
2015-02-26,PYPL.OQ,,,,,,0,,,,,,,,,,,,,,,,,,,
2015-02-27,PYPL.OQ,,,,,,0,,,,,,,,,,,,,,,,,,,
2015-03-02,PYPL.OQ,,,,,,0,,,,,,,,,,,,,,,,,,,
2015-03-03,PYPL.OQ,,,,,,0,,,,,,,,,,,,,,,,,,,
2015-03-04,PYPL.OQ,,,,,,0,,,,,,,,,,,,,,,,,,,
2015-03-05,PYPL.OQ,,,,,,0,,,,,,,,,,,,,,,,,,,
2015-03-06,PYPL.OQ,,,,,,0,,,,,,,,,,,,,,,,,,,
2015-03-09,PYPL.OQ,,,,,,0,,,,,,,,,,,,,,,,,,,
2015-03-10,PYPL.OQ,,,,,,0,,,,,,,,,,,,,,,,,,,
2015-03-11,PYPL.OQ,,,,,,0,,,,,,,,,,,,,,,,,,,
2015-03-12,PYPL.OQ,,,,,,0,,,,,,,,,,,,,,,,,,,
2015-03-13,PYPL.OQ,,,,,,0,,,,,,,,,,,,,,,,,,,
2015-03-16,PYPL.OQ,,,,,,0,,,,,,,,,,,,,,,,,,,
2015-03-17,PYPL.OQ,,,,,,0,,,,,,,,,,,,,,,,,,,
2015-03-18,PYPL.OQ,,,,,,0,,,,,,,,,,,,,,,,,,,
2015-03-19,PYPL.OQ,,,,,,0,,,,,,,,,,,,,,,,,,,
2015-03-20,PYPL.OQ,,,,,,0,,,,,,,,,,,,,,,,,,,
2015-03-23,PYPL.OQ,,,,,,0,,,,,,,,,,,,,,,,,,,
2015-03-24,PYPL.OQ,,,,,,0,,,,,,,,,,,,,,,,,,,
2015-03-25,PYPL.OQ,,,,,,0,,,,,,,,,,,,,,,,,,,
2015-03-26,PYPL.OQ,,,,,,0,,,,,,,,,,,,,,,,,,,
2015-03-27,PYPL.OQ,,,,,,0,,,,,,,,,,,,,,,,,,,
2015-03-30,PYPL.OQ,,,,,,0,,,,,,,,,,,,,,,,,,,
2015-03-31,PYPL.OQ,,,,,,0,,,,,,,,,,,,,,,,,,,
2015-04-01,PYPL.OQ,,,,,,0,,,,,,,,,,,,,,,,,,,
2015-04-02,PYPL.OQ,,,,,,0,,,,,,,,,,,,,,,,,,,
2015-04-06,PYPL.OQ,,,,,,0,,,,,,,,,,,,,,,,,,,
2015-04-07,PYPL.OQ,,,,,,0,,,,,,,,,,,,,,,,,,,
2015-04-08,PYPL.OQ,,,,,,0,,,,,,,,,,,,,,,,,,,
2015-04-09,PYPL.OQ,,,,,,0,,,,,,,,,,,,,,,,,,,
2015-04-10,PYPL.OQ,,,,,,0,,,,,,,,,,,,,,,,,,,
2015-04-13,PYPL.OQ,,,,,,0,,,,,,,,,,,,,,,,,,,
2015-04-14,PYPL.OQ,,,,,,0,,,,,,,,,,,,,,,,,,,
2015-04-15,PYPL.OQ,,,,,,0,,,,,,,,,,,,,,,,,,,
2015-04-16,PYPL.OQ,,,,,,0,,,,,,,,,,,,,,,,,,,
2015-04-17,PYPL.OQ,,,,,,0,,,,,,,,,,,,,,,,,,,
2015-04-20,PYPL.OQ,,,,,,0,,,,,,,,,,,,,,,,,,,
2015-04-21,PYPL.OQ,,,,,,0,,,,,,,,,,,,,,,,,,,
2015-04-22,PYPL.OQ,,,,,,0,,,,,,,,,,,,,,,,,,,
2015-04-23,PYPL.OQ,,,,,,0,,,,,,,,,,,,,,,,,,,
2015-04-24,PYPL.OQ,,,,,,0,,,,,,,,,,,,,,,,,,,
2015-04-27,PYPL.OQ,,,,,,0,,,,,,,,,,,,,,,,,,,
2015-04-28,PYPL.OQ,,,,,,0,,,,,,,,,,,,,,,,,,,
2015-04-29,PYPL.OQ,,,,,,0,,,,,,,,,,,,,,,,,,,
2015-04-30,PYPL.OQ,,,,,,0,,,,,,,,,,,,,,,,,,,
2015-05-01,PYPL.OQ,,,,,,0,,,,,,,,,,,,,,,,,,,
2015-05-04,PYPL.OQ,,,,,,0,,,,,,,,,,,,,,,,,,,
2015-05-05,PYPL.OQ,,,,,,0,,,,,,,,,,,,,,,,,,,
2015-05-06,PYPL.OQ,,,,,,0,,,,,,,,,,,,,,,,,,,
2015-05-07,PYPL.OQ,,,,,,0,,,,,,,,,,,,,,,,,,,
2015-05-08,PYPL.OQ,,,,,,0,,,,,,,,,,,,,,,,,,,
2015-05-11,PYPL.OQ,,,,,,0,,,,,,,,,,,,,,,,,,,
2015-05-12,PYPL.OQ,,,,,,0,,,,,,,,,,,,,,,,,,,
2015-05-13,PYPL.OQ,,,,,,0,,,,,,,,,,,,,,,,,,,
2015-05-14,PYPL.OQ,,,,,,0,,,,,,,,,,,,,,,,,,,
2015-05-15,PYPL.OQ,,,,,,0,,,,,,,,,,,,,,,,,,,
2015-05-18,PYPL.OQ,,,,,,0,,,,,,,,,,,,,,,,,,,
2015-05-19,PYPL.OQ,,,,,,0,,,,,,,,,,,,,,,,,,,
2015-05-20,PYPL.OQ,,,,,,0,,,,,,,,,,,,,,,,,,,
2015-05-21,PYPL.OQ,,,,,,0,,,,,,,,,,,,,,,,,,,
2015-05-22,PYPL.OQ,,,,,,0,,,,,,,,,,,,,,,,,,,
2015-05-26,PYPL.OQ,,,,,,0,,,,,,,,,,,,,,,,,,,
2015-05-27,PYPL.OQ,,,,,,0,,,,,,,,,,,,,,,,,,,
2015-05-28,PYPL.OQ,,,,,,0,,,,,,,,,,,,,,,,,,,
2015-05-29,PYPL.OQ,,,,,,0,,,,,,,,,,,,,,,,,,,
2015-06-01,PYPL.OQ,,,,,,0,,,,,,,,,,,,,,,,,,,
2015-06-02,PYPL.OQ,,,,,,0,,,,,,,,,,,,,,,,,,,
2015-06-03,PYPL.OQ,,,,,,0,,,,,,,,,,,,,,,,,,,
2015-06-04,PYPL.OQ,,,,,,0,,,,,,,,,,,,,,,,,,,
2015-06-05,PYPL.OQ,,,,,,0,,,,,,,,,,,,,,,,,,,
2015-06-08,PYPL.OQ,,,,,,0,,,,,,,,,,,,,,,,,,,
2015-06-09,PYPL.OQ,,,,,,0,,,,,,,,,,,,,,,,,,,
2015-06-10,PYPL.OQ,,,,,,0,,,,,,,,,,,,,,,,,,,
2015-06-11,PYPL.OQ,,,,,,0,,,,,,,,,,,,,,,,,,,
2015-06-12,PYPL.OQ,,,,,,0,,,,,,,,,,,,,,,,,,,
2015-06-15,PYPL.OQ,,,,,,0,,,,,,,,,,,,,,,,,,,
2015-06-16,PYPL.OQ,,,,,,0,,,,,,,,,,,,,,,,,,,
2015-06-17,PYPL.OQ,,,,,,0,,,,,,,,,,,,,,,,,,,
2015-06-18,PYPL.OQ,,,,,,0,,,,,,,,,,,,,,,,,,,
2015-06-19,PYPL.OQ,,,,,,0,,,,,,,,,,,,,,,,,,,
2015-06-22,PYPL.OQ,,,,,,0,,,,,,,,,,,,,,,,,,,
2015-06-23,PYPL.OQ,,,,,,0,,,,,,,,,,,,,,,,,,,
2015-06-24,PYPL.OQ,,,,,,0,,,,,,,,,,,,,,,,,,,
2015-06-25,PYPL.OQ,,,,,,0,,,,,,,,,,,,,,,,,,,
2015-06-26,PYPL.OQ,,,,,,0,,1220000000.0,7.08196721311475,1220000000.0,0.20738,0.20902,255000000.0,2015-03-31,2087000000.0,1220000000.0,8257000000.0,1056000000.0,2015-06-26,,,,,0.8655737704918033,
2015-06-29,PYPL.OQ,,,,,,0,,1220000000.0,7.08196721311475,1220000000.0,0.20738,0.20902,255000000.0,2015-03-31,2087000000.0,1220000000.0,8257000000.0,1056000000.0,2015-06-26,,,,,0.8655737704918033,
2015-06-30,PYPL.OQ,,,,,,0,,1220000000.0,7.08196721311475,1220000000.0,0.20738,0.20902,255000000.0,2015-03-31,2087000000.0,1220000000.0,8257000000.0,1056000000.0,2015-06-26,,,,,0.8655737704918033,
2015-07-01,PYPL.OQ,,,,,,0,,1220000000.0,7.08196721311475,1220000000.0,0.20738,0.20902,255000000.0,2015-03-31,2087000000.0,1220000000.0,8257000000.0,1056000000.0,2015-06-26,,,,,0.8655737704918033,
2015-07-02,PYPL.OQ,,,,,,0,,1220000000.0,7.08196721311475,1220000000.0,0.20738,0.20902,255000000.0,2015-03-31,2087000000.0,1220000000.0,8257000000.0,1056000000.0,2015-06-26,,,,,0.8655737704918033,
2015-07-06,PYPL.OQ,38.0,39.75,36.0,36.71,36.71,1652970,,1220000000.0,7.08196721311475,1220000000.0,0.20738,0.20902,255000000.0,2015-03-31,2087000000.0,1220000000.0,8257000000.0,1056000000.0,2015-06-26,44786200000.0,5.424028097371927,5.1835879629629655,0.1929165680499796,0.8655737704918033,42.411174242424245
2015-07-07,PYPL.OQ,37.72,37.81,36.0,36.62,36.62,1196656,,1220000000.0,7.08196721311475,1220000000.0,0.20738,0.20902,255000000.0,2015-03-31,2087000000.0,1220000000.0,8257000000.0,1056000000.0,2015-06-26,44676400000.0,5.410730289451375,5.170879629629632,0.19339069396817998,0.8655737704918033,42.30719696969697
2015-07-08,PYPL.OQ,36.34,36.36,34.53,34.7,34.7,1079027,,1220000000.0,7.08196721311475,1220000000.0,0.20738,0.20902,255000000.0,2015-03-31,2087000000.0,1220000000.0,8257000000.0,1056000000.0,2015-06-26,42334000000.0,5.127043720479593,4.899768518518521,0.20409127415316283,0.8655737704918033,40.089015151515156
2015-07-09,PYPL.OQ,35.1,35.51,33.99,34.5,34.5,695019,,1220000000.0,7.08196721311475,1220000000.0,0.20738,0.20902,255000000.0,2015-03-31,2087000000.0,1220000000.0,8257000000.0,1056000000.0,2015-06-26,42090000000.0,5.0974930362116995,4.87152777777778,0.2052744119743406,0.8655737704918033,39.85795454545455
2015-07-10,PYPL.OQ,34.66,35.17,33.99,34.69,34.69,624601,,1220000000.0,7.08196721311475,1220000000.0,0.20738,0.20902,255000000.0,2015-03-31,2087000000.0,1220000000.0,8257000000.0,1056000000.0,2015-06-26,42321800000.0,5.125566186266198,4.898356481481484,0.2041501070370352,0.8655737704918033,40.07746212121212
2015-07-13,PYPL.OQ,35.59,37.5,35.545,36.78,36.78,1326251,,1220000000.0,7.08196721311475,1220000000.0,0.20738,0.20902,255000000.0,2015-03-31,2087000000.0,1220000000.0,8257000000.0,1056000000.0,2015-06-26,44871600000.0,5.43437083686569,5.193472222222225,0.19254940764314166,0.8655737704918033,42.492045454545455
2015-07-14,PYPL.OQ,36.99,37.7,36.6,36.93,36.93,686269,,1220000000.0,7.08196721311475,1220000000.0,0.20738,0.20902,255000000.0,2015-03-31,2087000000.0,1220000000.0,8257000000.0,1056000000.0,2015-06-26,45054600000.0,5.45653385006661,5.21465277777778,0.19176732231559032,0.8655737704918033,42.66534090909091
2015-07-15,PYPL.OQ,37.98,38.2,37.03,37.51,37.51,2485460,,1220000000.0,7.08196721311475,1220000000.0,0.20738,0.20902,255000000.0,2015-03-31,2087000000.0,1220000000.0,8257000000.0,1056000000.0,2015-06-26,45762200000.0,5.542230834443503,5.296550925925929,0.1888021117865836,0.8655737704918033,43.33541666666667
2015-07-16,PYPL.OQ,38.97,39.96,38.09,38.63,38.63,4302449,,1224000000.0,10.6166666666667,1200000000.0,0.20033,0.25,305000000.0,2015-06-30,2235000000.0,1218000000.0,8486000000.0,1080000000.0,2015-07-16,46356000000.0,5.462644355408909,3.638618524332799,0.27482957977392436,0.8866995073891626,43.56605555555556
2015-07-17,PYPL.OQ,39.42,40.2,38.19,38.39,38.39,18621530,,1224000000.0,10.6166666666667,1200000000.0,0.20033,0.25,305000000.0,2015-06-30,2235000000.0,1218000000.0,8486000000.0,1080000000.0,2015-07-16,46068000000.0,5.428706104171576,3.6160125588696905,0.2765477120777989,0.8866995073891626,43.29538888888889
2015-07-20,PYPL.OQ,41.63,42.5,39.8,40.47,40.47,12584602,49163833875.24,1224000000.0,10.6166666666667,1200000000.0,0.20033,0.25,305000000.0,2015-06-30,2235000000.0,1218000000.0,8486000000.0,1080000000.0,2015-07-16,48564000000.0,5.722837614895122,3.8119309262166285,0.262334239354255,0.8866995073891626,45.64116666666666
2015-07-21,PYPL.OQ,41.1,41.1,39.125,39.35,39.35,8740759,47803233580.2,1224000000.0,10.6166666666667,1200000000.0,0.20033,0.25,305000000.0,2015-06-30,2235000000.0,1218000000.0,8486000000.0,1080000000.0,2015-07-16,47220000000.0,5.564459109120905,3.706436420722124,0.2698009318085565,0.8866995073891626,44.378055555555555
2015-07-22,PYPL.OQ,39.4,39.7,38.105,38.39,38.39,4595046,46637004755.88,1224000000.0,10.6166666666667,1200000000.0,0.20033,0.25,305000000.0,2015-06-30,2235000000.0,1218000000.0,8486000000.0,1080000000.0,2015-07-16,46068000000.0,5.428706104171576,3.6160125588696905,0.2765477120777989,0.8866995073891626,43.29538888888889
2015-07-23,PYPL.OQ,38.74,38.75,36.93,37.01,37.01,4263451,45105404741.0499,1224000000.0,10.6166666666667,1200000000.0,0.20033,0.25,305000000.0,2015-06-30,2235000000.0,1218000000.0,8486000000.0,1080000000.0,2015-07-16,44412000000.0,5.233561159556917,3.486028257456818,0.2868594073673791,0.8866995073891626,41.73905555555555
2015-07-24,PYPL.OQ,37.72,38.0,36.91,37.0,37.0,4047004,45093217385.0,1224000000.0,10.6166666666667,1200000000.0,0.20033,0.25,305000000.0,2015-06-30,2235000000.0,1218000000.0,8486000000.0,1080000000.0,2015-07-16,44400000000.0,5.2321470657553615,3.485086342229189,0.2869369369369378,0.8866995073891626,41.727777777777774
2015-07-27,PYPL.OQ,36.78,37.38,36.22,36.39,36.39,3534409,44349788665.95,1224000000.0,10.6166666666667,1200000000.0,0.20033,0.25,305000000.0,2015-06-30,2235000000.0,1218000000.0,8486000000.0,1080000000.0,2015-07-16,43668000000.0,5.145887343860476,3.427629513343789,0.29174681689108817,0.8866995073891626,41.039833333333334
2015-07-28,PYPL.OQ,37.0,37.995,36.83,37.6,37.6,3577578,45824458748.0,1224000000.0,10.6166666666667,1200000000.0,0.20033,0.25,305000000.0,2015-06-30,2235000000.0,1218000000.0,8486000000.0,1080000000.0,2015-07-16,45120000000.0,5.316992693848692,3.5416012558869596,0.2823581560283696,0.8866995073891626,42.404444444444444
2015-07-29,PYPL.OQ,38.06,38.09,37.62,37.95,37.95,2533404,46251016209.75,1224000000.0,,,0.24959,0.22958,281000000.0,2014-06-30,2006000000.0,1218000000.0,,,2015-07-29,,,,,,
2015-07-30,PYPL.OQ,38.23,39.01,37.72,38.45,38.45,2862936,46860384012.25,1224000000.0,,,0.24959,0.22958,281000000.0,2014-06-30,2006000000.0,1218000000.0,,,2015-07-29,,,,,,
2015-07-31,PYPL.OQ,39.14,39.19,38.22,38.7,38.7,2562189,47165067913.5,1224000000.0,,,0.24959,0.22958,281000000.0,2014-06-30,2006000000.0,1218000000.0,,,2015-07-29,,,,,,
2015-08-03,PYPL.OQ,39.27,39.88,38.91,39.39,39.39,2929926,48005995480.95,1224000000.0,,,0.24959,0.22958,281000000.0,2014-06-30,2006000000.0,1218000000.0,,,2015-07-29,,,,,,
2015-08-04,PYPL.OQ,39.91,39.91,38.44,38.95,38.95,2290324,47469751814.75,1224000000.0,,,0.24959,0.22958,281000000.0,2014-06-30,2006000000.0,1218000000.0,,,2015-07-29,,,,,,
2015-08-05,PYPL.OQ,39.73,39.88,39.18,39.27,39.27,2388600,47859747208.35,1224000000.0,,,0.24959,0.22958,281000000.0,2014-06-30,2006000000.0,1218000000.0,,,2015-07-29,,,,,,
2015-08-06,PYPL.OQ,39.64,39.73,38.55,38.85,38.85,1241672,47347878254.25,1224000000.0,,,0.24959,0.22958,281000000.0,2014-06-30,2006000000.0,1218000000.0,,,2015-07-29,,,,,,
2015-08-07,PYPL.OQ,38.9,39.22,38.6,39.13,39.13,1696750,47689124223.65,1224000000.0,,,0.24959,0.22958,281000000.0,2014-06-30,2006000000.0,1218000000.0,,,2015-07-29,,,,,,
2015-08-10,PYPL.OQ,39.5,39.67,38.78,39.05,39.05,1785613,47591625375.25,1224000000.0,,,0.24959,0.22958,281000000.0,2014-06-30,2006000000.0,1218000000.0,,,2015-07-29,,,,,,
2015-08-11,PYPL.OQ,38.93,39.28,38.73,38.85,38.85,2021103,47347878254.25,1224000000.0,,,0.24959,0.22958,281000000.0,2014-06-30,2006000000.0,1218000000.0,,,2015-07-29,,,,,,
2015-08-12,PYPL.OQ,38.55,38.55,37.01,38.19,38.19,2403851,46543512754.95,1224000000.0,,,0.24959,0.22958,281000000.0,2014-06-30,2006000000.0,1218000000.0,,,2015-07-29,,,,,,
2015-08-13,PYPL.OQ,38.4,38.49,37.45,37.62,37.62,1345987,45848833460.1,1224000000.0,,,0.24959,0.22958,281000000.0,2014-06-30,2006000000.0,1218000000.0,,,2015-07-29,,,,,,
2015-08-14,PYPL.OQ,37.48,38.18,37.38,38.14,38.14,1451339,46482575974.7,1224000000.0,,,0.24959,0.22958,281000000.0,2014-06-30,2006000000.0,1218000000.0,,,2015-07-29,,,,,,
2015-08-17,PYPL.OQ,38.3,38.74,37.7,38.73,38.73,1078387,47201629981.6499,1224000000.0,,,0.24959,0.22958,281000000.0,2014-06-30,2006000000.0,1218000000.0,,,2015-07-29,,,,,,
2015-08-18,PYPL.OQ,39.0,39.0,37.87,37.99,37.99,1028551,46299765633.95,1224000000.0,,,0.24959,0.22958,281000000.0,2014-06-30,2006000000.0,1218000000.0,,,2015-07-29,,,,,,
2015-08-19,PYPL.OQ,37.87,38.1,37.04,37.19,37.19,1458543,45324777149.95,1224000000.0,,,0.24959,0.22958,281000000.0,2014-06-30,2006000000.0,1218000000.0,,,2015-07-29,,,,,,
2015-08-20,PYPL.OQ,36.79,37.34,35.89,35.98,35.98,2428206,43850107067.8999,1224000000.0,,,0.24959,0.22958,281000000.0,2014-06-30,2006000000.0,1218000000.0,,,2015-07-29,,,,,,
2015-08-21,PYPL.OQ,35.57,36.08,33.83,34.25,34.25,4393507,41741694471.25,1224000000.0,,,0.24959,0.22958,281000000.0,2014-06-30,2006000000.0,1218000000.0,,,2015-07-29,,,,,,
2015-08-24,PYPL.OQ,31.17,34.84,30.0,33.75,33.75,4634202,41132326668.75,1224000000.0,,,0.24959,0.22958,281000000.0,2014-06-30,2006000000.0,1218000000.0,,,2015-07-29,,,,,,
2015-08-25,PYPL.OQ,35.44,35.46,32.7,32.7,32.7,3561789,39852654283.5,1224000000.0,,,0.24959,0.22958,281000000.0,2014-06-30,2006000000.0,1218000000.0,,,2015-07-29,,,,,,
2015-08-26,PYPL.OQ,33.74,33.84,31.71,33.17,33.17,4695610,40425460017.85,1224000000.0,,,0.24959,0.22958,281000000.0,2014-06-30,2006000000.0,1218000000.0,,,2015-07-29,,,,,,
2015-08-27,PYPL.OQ,34.0,34.76,33.16,34.62,34.62,3757625,42192626645.1,1224000000.0,,,0.24959,0.22958,281000000.0,2014-06-30,2006000000.0,1218000000.0,,,2015-07-29,,,,,,
2015-08-28,PYPL.OQ,34.51,35.26,34.37,35.04,35.04,2450413,42704495599.2,1224000000.0,,,0.24959,0.22958,281000000.0,2014-06-30,2006000000.0,1218000000.0,,,2015-07-29,,,,,,
2015-08-31,PYPL.OQ,35.49,35.51,34.775,35.0,35.0,2708710,42655746175.0,1224000000.0,,,0.24959,0.22958,281000000.0,2014-06-30,2006000000.0,1218000000.0,,,2015-07-29,,,,,,
2015-09-01,PYPL.OQ,34.24,34.66,33.425,33.77,33.77,3035277,41156701380.85,1224000000.0,,,0.24959,0.22958,281000000.0,2014-06-30,2006000000.0,1218000000.0,,,2015-07-29,,,,,,
2015-09-02,PYPL.OQ,34.6,35.08,33.84,35.07,35.07,2443357,42741057667.35,1224000000.0,,,0.24959,0.22958,281000000.0,2014-06-30,2006000000.0,1218000000.0,,,2015-07-29,,,,,,
2015-09-03,PYPL.OQ,34.99,35.46,34.81,35.31,35.31,2240544,43033554212.55,1224000000.0,,,0.24959,0.22958,281000000.0,2014-06-30,2006000000.0,1218000000.0,,,2015-07-29,,,,,,
2015-09-04,PYPL.OQ,34.71,34.72,33.78,34.29,34.29,2286279,41790443895.45,1224000000.0,,,0.24959,0.22958,281000000.0,2014-06-30,2006000000.0,1218000000.0,,,2015-07-29,,,,,,
2015-09-08,PYPL.OQ,34.81,34.89,34.26,34.7,34.7,2806651,42290125493.5,1224000000.0,,,0.24959,0.22958,281000000.0,2014-06-30,2006000000.0,1218000000.0,,,2015-07-29,,,,,,
2015-09-09,PYPL.OQ,34.92,34.94,33.88,34.37,34.37,3003268,41887942743.85,1224000000.0,,,0.24959,0.22958,281000000.0,2014-06-30,2006000000.0,1218000000.0,,,2015-07-29,,,,,,
2015-09-10,PYPL.OQ,34.23,34.29,32.95,33.46,33.46,2961583,40778893343.3,1224000000.0,,,0.24959,0.22958,281000000.0,2014-06-30,2006000000.0,1218000000.0,,,2015-07-29,,,,,,
2015-09-11,PYPL.OQ,33.27,33.58,32.61,33.55,33.55,2308455,40888579547.75,1224000000.0,,,0.24959,0.22958,281000000.0,2014-06-30,2006000000.0,1218000000.0,,,2015-07-29,,,,,,
2015-09-14,PYPL.OQ,33.7,33.94,33.2,33.77,33.77,2291002,41156701380.85,1224000000.0,,,0.24959,0.22958,281000000.0,2014-06-30,2006000000.0,1218000000.0,,,2015-07-29,,,,,,
2015-09-15,PYPL.OQ,33.72,33.95,32.67,33.8,33.8,2936855,41193263449.0,1224000000.0,,,0.24959,0.22958,281000000.0,2014-06-30,2006000000.0,1218000000.0,,,2015-07-29,,,,,,
2015-09-16,PYPL.OQ,33.68,34.06,33.38,33.77,33.77,1458939,41156701380.85,1224000000.0,,,0.24959,0.22958,281000000.0,2014-06-30,2006000000.0,1218000000.0,,,2015-07-29,,,,,,
2015-09-17,PYPL.OQ,33.72,33.98,33.08,33.32,33.32,1913886,40608270358.6,1224000000.0,,,0.24959,0.22958,281000000.0,2014-06-30,2006000000.0,1218000000.0,,,2015-07-29,,,,,,
2015-09-18,PYPL.OQ,32.9,33.78,32.56,32.92,32.92,7933429,40120776116.6,1224000000.0,,,0.24959,0.22958,281000000.0,2014-06-30,2006000000.0,1218000000.0,,,2015-07-29,,,,,,
2015-09-21,PYPL.OQ,33.66,34.61,33.45,34.25,34.25,3522594,41741694471.25,1224000000.0,,,0.24959,0.22958,281000000.0,2014-06-30,2006000000.0,1218000000.0,,,2015-07-29,,,,,,
2015-09-22,PYPL.OQ,33.94,34.1,33.19,33.35,33.35,2006787,40644832426.75,1224000000.0,,,0.24959,0.22958,281000000.0,2014-06-30,2006000000.0,1218000000.0,,,2015-07-29,,,,,,
2015-09-23,PYPL.OQ,33.49,34.34,33.27,34.16,34.16,1636338,41632008266.7999,1224000000.0,,,0.24959,0.22958,281000000.0,2014-06-30,2006000000.0,1218000000.0,,,2015-07-29,,,,,,
2015-09-24,PYPL.OQ,34.0,34.07,33.39,33.91,33.91,1433619,41327324365.5499,1224000000.0,,,0.24959,0.22958,281000000.0,2014-06-30,2006000000.0,1218000000.0,,,2015-07-29,,,,,,
2015-09-25,PYPL.OQ,34.6,34.69,33.5,33.77,33.77,1890362,41156701380.85,1224000000.0,,,0.24959,0.22958,281000000.0,2014-06-30,2006000000.0,1218000000.0,,,2015-07-29,,,,,,
2015-09-28,PYPL.OQ,33.68,33.68,32.16,32.25,32.25,2291742,39304223261.25,1224000000.0,,,0.24959,0.22958,281000000.0,2014-06-30,2006000000.0,1218000000.0,,,2015-07-29,,,,,,
2015-09-29,PYPL.OQ,32.27,32.34,30.31,30.63,30.63,3149104,37329871581.15,1224000000.0,,,0.24959,0.22958,281000000.0,2014-06-30,2006000000.0,1218000000.0,,,2015-07-29,,,,,,
2015-09-30,PYPL.OQ,31.2,31.26,30.64,31.04,31.04,3351459,37829553179.2,1224000000.0,,,0.24959,0.22958,281000000.0,2014-06-30,2006000000.0,1218000000.0,,,2015-07-29,,,,,,
2015-10-01,PYPL.OQ,30.82,31.58,30.8,31.48,31.48,2401348,38365796845.4,1224000000.0,,,0.24959,0.22958,281000000.0,2014-06-30,2006000000.0,1218000000.0,,,2015-07-29,,,,,,
2015-10-02,PYPL.OQ,30.8,32.85,30.75,32.83,32.83,2170252,40011089912.15,1224000000.0,,,0.24959,0.22958,281000000.0,2014-06-30,2006000000.0,1218000000.0,,,2015-07-29,,,,,,
2015-10-05,PYPL.OQ,32.95,33.005,32.385,32.67,32.67,1804694,39816092215.35,1224000000.0,,,0.24959,0.22958,281000000.0,2014-06-30,2006000000.0,1218000000.0,,,2015-07-29,,,,,,
2015-10-06,PYPL.OQ,32.89,32.89,31.78,31.86,31.86,2048282,38828916375.3,1224000000.0,,,0.24959,0.22958,281000000.0,2014-06-30,2006000000.0,1218000000.0,,,2015-07-29,,,,,,
2015-10-07,PYPL.OQ,32.31,32.47,31.52,32.38,32.38,2094715,39462658889.9,1224000000.0,,,0.24959,0.22958,281000000.0,2014-06-30,2006000000.0,1218000000.0,,,2015-07-29,,,,,,
2015-10-08,PYPL.OQ,32.44,32.45,31.09,31.67,31.67,2149565,38597356610.35,1224000000.0,,,0.24959,0.22958,281000000.0,2014-06-30,2006000000.0,1218000000.0,,,2015-07-29,,,,,,
2015-10-09,PYPL.OQ,31.56,32.44,31.41,32.06,32.06,1331472,39072663496.3,1224000000.0,,,0.24959,0.22958,281000000.0,2014-06-30,2006000000.0,1218000000.0,,,2015-07-29,,,,,,
2015-10-12,PYPL.OQ,32.19,32.67,32.11,32.63,32.63,1247322,39767342791.15,1224000000.0,,,0.24959,0.22958,281000000.0,2014-06-30,2006000000.0,1218000000.0,,,2015-07-29,,,,,,
2015-10-13,PYPL.OQ,32.6,33.48,32.35,33.22,33.22,2242077,40486396798.1,1224000000.0,,,0.24959,0.22958,281000000.0,2014-06-30,2006000000.0,1218000000.0,,,2015-07-29,,,,,,
2015-10-14,PYPL.OQ,33.9,34.45,33.5,34.05,34.05,2404786,41497947350.25,1224000000.0,,,0.24959,0.22958,281000000.0,2014-06-30,2006000000.0,1218000000.0,,,2015-07-29,,,,,,
2015-10-15,PYPL.OQ,34.45,34.72,34.18,34.62,34.62,2993144,42192626645.1,1224000000.0,,,0.24959,0.22958,281000000.0,2014-06-30,2006000000.0,1218000000.0,,,2015-07-29,,,,,,
2015-10-16,PYPL.OQ,34.88,35.0,33.96,34.29,34.29,1840880,41790443895.45,1224000000.0,,,0.24959,0.22958,281000000.0,2014-06-30,2006000000.0,1218000000.0,,,2015-07-29,,,,,,
2015-10-19,PYPL.OQ,34.43,34.9,33.79,34.84,34.84,1448914,42460748478.2,1224000000.0,,,0.24959,0.22958,281000000.0,2014-06-30,2006000000.0,1218000000.0,,,2015-07-29,,,,,,
2015-10-20,PYPL.OQ,34.8,34.98,34.59,34.87,34.87,1710578,42497310546.35,1224000000.0,,,0.24959,0.22958,281000000.0,2014-06-30,2006000000.0,1218000000.0,,,2015-07-29,,,,,,
2015-10-21,PYPL.OQ,34.75,34.79,32.89,33.83,33.83,2074050,41229825517.15,1224000000.0,,,0.24959,0.22958,281000000.0,2014-06-30,2006000000.0,1218000000.0,,,2015-07-29,,,,,,
2015-10-22,PYPL.OQ,34.43,35.25,34.36,34.79,34.79,2153985,42399811697.95,1224000000.0,,,0.24959,0.22958,281000000.0,2014-06-30,2006000000.0,1218000000.0,,,2015-07-29,,,,,,
2015-10-23,PYPL.OQ,35.41,35.75,34.81,34.99,34.99,2312772,42746935199.4,1224000000.0,,,0.24959,0.22958,281000000.0,2014-06-30,2006000000.0,1218000000.0,,,2015-07-29,,,,,,
2015-10-26,PYPL.OQ,36.05,36.59,35.525,36.44,36.44,2796380,44518385786.3999,1224000000.0,,,0.24959,0.22958,281000000.0,2014-06-30,2006000000.0,1218000000.0,,,2015-07-29,,,,,,
2015-10-27,PYPL.OQ,36.39,36.39,35.32,35.94,35.94,2242107,43907540756.3999,1224000000.0,,,0.24959,0.22958,281000000.0,2014-06-30,2006000000.0,1218000000.0,,,2015-07-29,,,,,,
2015-10-28,PYPL.OQ,36.0,36.645,35.81,36.52,36.52,2824781,44616120991.2,1227000000.0,10.8222768222768,1221000000.0,0.2154,0.24531,301000000.0,2015-09-30,2220000000.0,1221000000.0,8715000000.0,1147000000.0,2015-10-28,44590920000.00001,5.116571428571429,3.3745209626154153,0.29633835767461114,0.9393939393939394,38.87612903225806
2015-10-29,PYPL.OQ,34.78,36.49,34.5,35.91,35.91,3927378,43870890054.6,1227000000.0,10.8222768222768,1221000000.0,0.2154,0.24531,301000000.0,2015-09-30,2220000000.0,1221000000.0,8715000000.0,1147000000.0,2015-10-28,43846109999.99999,5.031108433734939,3.3181557439079827,0.301372231196792,0.9393939393939394,38.22677419354838
2015-10-30,PYPL.OQ,35.64,36.49,35.24,36.01,36.01,2879596,43993059060.6,1227000000.0,10.8222768222768,1221000000.0,0.2154,0.24531,301000000.0,2015-09-30,2220000000.0,1221000000.0,8715000000.0,1147000000.0,2015-10-28,43968210000.0,5.045118760757315,3.3273959436960867,0.30053531858585947,0.9393939393939394,38.33322580645161
2015-11-02,PYPL.OQ,36.0,37.4,35.47,36.99,36.99,2259746,45190315319.4,1227000000.0,10.8222768222768,1221000000.0,0.2154,0.24531,301000000.0,2015-09-30,2220000000.0,1221000000.0,8715000000.0,1147000000.0,2015-10-28,45164790000.0,5.182419965576592,3.417949901619502,0.29257304196476885,0.9393939393939394,39.376451612903224
2015-11-03,PYPL.OQ,37.05,38.44,37.01,37.9,37.9,2657082,46302053274.0,1227000000.0,10.8222768222768,1221000000.0,0.2154,0.24531,301000000.0,2015-09-30,2220000000.0,1221000000.0,8715000000.0,1147000000.0,2015-10-28,46275900000.0,5.309913941480207,3.5020357196912437,0.28554820111548285,0.9393939393939394,40.34516129032258
2015-11-04,PYPL.OQ,38.45,38.51,37.33,37.6,37.6,2456283,45935546256.0,1227000000.0,10.8222768222768,1221000000.0,0.2154,0.24531,301000000.0,2015-09-30,2220000000.0,1221000000.0,8715000000.0,1147000000.0,2015-10-28,45909600000.0,5.267882960413081,3.474315120326933,0.28782651123076597,0.9393939393939394,40.0258064516129
2015-11-05,PYPL.OQ,37.82,37.96,36.665,36.71,36.71,3016057,44848242102.6,1227000000.0,10.8222768222768,1221000000.0,0.2154,0.24531,301000000.0,2015-09-30,2220000000.0,1221000000.0,8715000000.0,1147000000.0,2015-10-28,44822910000.0,5.143191049913941,3.392077342212812,0.29480459880895665,0.9393939393939394,39.07838709677419
2015-11-06,PYPL.OQ,36.59,36.7,35.8,36.24,36.24,2485069,44274047774.4,1227000000.0,10.8222768222768,1221000000.0,0.2154,0.24531,301000000.0,2015-09-30,2220000000.0,1221000000.0,8715000000.0,1147000000.0,2015-10-28,44249040000.0,5.077342512908778,3.348648403208725,0.2986279476345695,0.9393939393939394,38.57806451612903
2015-11-09,PYPL.OQ,36.1,36.74,35.67,36.6,36.6,3427074,44713856196.0,1227000000.0,10.8222768222768,1221000000.0,0.2154,0.24531,301000000.0,2015-09-30,2220000000.0,1221000000.0,8715000000.0,1147000000.0,2015-10-28,44688600000.0,5.127779690189329,3.381913122445898,0.2956906235594754,0.9393939393939394,38.961290322580645
2015-11-10,PYPL.OQ,36.58,37.11,36.5,37.0,37.0,15656818,45202532220.0,1227000000.0,10.8222768222768,1221000000.0,0.2154,0.24531,301000000.0,2015-09-30,2220000000.0,1221000000.0,8715000000.0,1147000000.0,2015-10-28,45177000000.0,5.183820998278829,3.418873921598312,0.29249396816964324,0.9393939393939394,39.387096774193544
2015-11-11,PYPL.OQ,37.19,37.32,35.76,36.33,36.33,3059087,44383999879.7999,1227000000.0,10.8222768222768,1221000000.0,0.2154,0.24531,301000000.0,2015-09-30,2220000000.0,1221000000.0,8715000000.0,1147000000.0,2015-10-28,44358930000.0,5.089951807228916,3.356964583018018,0.29788815915983485,0.9393939393939394,38.673870967741934
2015-11-12,PYPL.OQ,36.0,36.05,34.83,35.57,35.57,2872579,43455515434.2,1227000000.0,10.8222768222768,1221000000.0,0.2154,0.24531,301000000.0,2015-09-30,2220000000.0,1221000000.0,8715000000.0,1147000000.0,2015-10-28,43430970000.0,4.983473321858864,3.2867390646284314,0.3042529328725555,0.9393939393939394,37.864838709677414
2015-11-13,PYPL.OQ,35.18,35.48,34.5,34.53,34.53,2056276,42184957771.8,1227000000.0,10.8222768222768,1221000000.0,0.2154,0.24531,301000000.0,2015-09-30,2220000000.0,1221000000.0,8715000000.0,1147000000.0,2015-10-28,42161130000.0,4.837765920826162,3.1906409868321544,0.31341664703958294,0.9393939393939394,36.75774193548387
2015-11-16,PYPL.OQ,34.61,35.66,34.53,35.61,35.61,1757654,43504383036.6,1227000000.0,10.8222768222768,1221000000.0,0.2154,0.24531,301000000.0,2015-09-30,2220000000.0,1221000000.0,8715000000.0,1147000000.0,2015-10-28,43479810000.0,4.989077452667814,3.2904351445436726,0.3039111716449537,0.9393939393939394,37.90741935483871
2015-11-17,PYPL.OQ,35.89,36.44,35.71,36.21,36.21,1923463,44237397072.6,1227000000.0,10.8222768222768,1221000000.0,0.2154,0.24531,301000000.0,2015-09-30,2220000000.0,1221000000.0,8715000000.0,1147000000.0,2015-10-28,44212410000.0,5.073139414802065,3.3458763432722938,0.29887536101289147,0.9393939393939394,38.546129032258065
2015-11-18,PYPL.OQ,36.32,36.94,35.79,36.22,36.22,2484095,44249613973.2,1227000000.0,10.8222768222768,1221000000.0,0.2154,0.24531,301000000.0,2015-09-30,2220000000.0,1221000000.0,8715000000.0,1147000000.0,2015-10-28,44224620000.0,5.074540447504303,3.3468003632511043,0.29879284434778575,0.9393939393939394,38.556774193548385
2015-11-19,PYPL.OQ,36.48,36.5,35.92,36.19,36.19,1500991,44212963271.3999,1227000000.0,10.8222768222768,1221000000.0,0.2154,0.24531,301000000.0,2015-09-30,2220000000.0,1221000000.0,8715000000.0,1147000000.0,2015-10-28,44187990000.0,5.07033734939759,3.344028303314673,0.29904053114884777,0.9393939393939394,38.52483870967742
2015-11-20,PYPL.OQ,36.45,36.45,35.94,36.36,36.36,1421652,44420650581.6,1227000000.0,10.8222768222768,1221000000.0,0.2154,0.24531,301000000.0,2015-09-30,2220000000.0,1221000000.0,8715000000.0,1147000000.0,2015-10-28,44395560000.0,5.094154905335628,3.359736642954449,0.29764237685029704,0.9393939393939394,38.7058064516129
2015-11-23,PYPL.OQ,36.5,36.65,35.42,35.56,35.56,1675948,43443298533.6,1227000000.0,10.8222768222768,1221000000.0,0.2154,0.24531,301000000.0,2015-09-30,2220000000.0,1221000000.0,8715000000.0,1147000000.0,2015-10-28,43418760000.0,4.982072289156626,3.285815044649621,0.3043384933148706,0.9393939393939394,37.854193548387094
2015-11-24,PYPL.OQ,35.25,35.29,34.88,35.12,35.12,1895431,42905754907.2,1227000000.0,10.8222768222768,1221000000.0,0.2154,0.24531,301000000.0,2015-09-30,2220000000.0,1221000000.0,8715000000.0,1147000000.0,2015-10-28,42881520000.0,4.920426850258176,3.245158165581965,0.30815139015594534,0.9393939393939394,37.3858064516129
2015-11-25,PYPL.OQ,35.2,35.82,35.15,35.36,35.36,1021802,43198960521.6,1227000000.0,10.8222768222768,1221000000.0,0.2154,0.24531,301000000.0,2015-09-30,2220000000.0,1221000000.0,8715000000.0,1147000000.0,2015-10-28,43174560000.0,4.954051635111876,3.2673346450734138,0.30605986488339365,0.9393939393939394,37.641290322580645
2015-11-27,PYPL.OQ,35.52,35.63,35.07,35.18,35.18,678458,42979056310.8,1227000000.0,10.8222768222768,1221000000.0,0.2154,0.24531,301000000.0,2015-09-30,2220000000.0,1221000000.0,8715000000.0,1147000000.0,2015-10-28,42954780000.0,4.928833046471601,3.2507022854548273,0.30762583349280276,0.9393939393939394,37.449677419354835
2015-11-30,PYPL.OQ,35.36,35.43,34.7,35.26,35.26,3595281,43076791515.6,1227000000.0,10.8222768222768,1221000000.0,0.2154,0.24531,301000000.0,2015-09-30,2220000000.0,1221000000.0,8715000000.0,1147000000.0,2015-10-28,43052460000.0,4.9400413080895005,3.25809444528531,0.3069278735756325,0.9393939393939394,37.534838709677416
2015-12-01,PYPL.OQ,35.39,35.41,33.85,35.17,35.17,5170068,42966839410.2,1227000000.0,10.8222768222768,1221000000.0,0.2154,0.24531,301000000.0,2015-09-30,2220000000.0,1221000000.0,8715000000.0,1147000000.0,2015-10-28,42942570000.0,4.927432013769363,3.2497782654760172,0.3077133017423031,0.9393939393939394,37.439032258064515
2015-12-02,PYPL.OQ,35.23,36.17,34.94,35.15,35.15,1978107,42942405609.0,1227000000.0,10.8222768222768,1221000000.0,0.2154,0.24531,301000000.0,2015-09-30,2220000000.0,1221000000.0,8715000000.0,1147000000.0,2015-10-28,42918150000.0,4.924629948364888,3.247930225518396,0.3078883875469929,0.9393939393939394,37.41774193548387
2015-12-03,PYPL.OQ,35.2,35.2,33.86,34.23,34.23,2864280,41818450753.7999,1227000000.0,10.8222768222768,1221000000.0,0.2154,0.24531,301000000.0,2015-09-30,2220000000.0,1221000000.0,8715000000.0,1147000000.0,2015-10-28,41794829999.99999,4.795734939759035,3.1629203874678433,0.3161635063475548,0.9393939393939394,36.438387096774186
2015-12-04,PYPL.OQ,34.38,35.81,34.22,35.62,35.62,3504033,43516599937.2,1227000000.0,10.8222768222768,1221000000.0,0.2154,0.24531,301000000.0,2015-09-30,2220000000.0,1221000000.0,8715000000.0,1147000000.0,2015-10-28,43492020000.0,4.990478485370051,3.2913591645224827,0.3038258512711061,0.9393939393939394,37.91806451612903
2015-12-07,PYPL.OQ,35.71,35.71,34.86,35.16,35.16,1528125,42954622509.6,1227000000.0,10.8222768222768,1221000000.0,0.2154,0.24531,301000000.0,2015-09-30,2220000000.0,1221000000.0,8715000000.0,1147000000.0,2015-10-28,42930359999.99999,4.926030981067124,3.2488542454972063,0.30780081974621165,0.9393939393939394,37.42838709677419
2015-12-08,PYPL.OQ,34.77,35.7,34.52,35.6,35.6,2012663,43492166136.0,1227000000.0,10.8222768222768,1221000000.0,0.2154,0.24531,301000000.0,2015-09-30,2220000000.0,1221000000.0,8715000000.0,1147000000.0,2015-10-28,43467600000.0,4.9876764199655765,3.2895111245648625,0.3039965399515955,0.9393939393939394,37.89677419354839
2015-12-09,PYPL.OQ,35.39,35.6,34.84,35.07,35.07,2126451,42844670404.2,1227000000.0,10.8222768222768,1221000000.0,0.2154,0.24531,301000000.0,2015-09-30,2220000000.0,1221000000.0,8715000000.0,1147000000.0,2015-10-28,42820470000.0,4.913421686746988,3.2405380656879132,0.30859072775240376,0.9393939393939394,37.332580645161286
2015-12-10,PYPL.OQ,35.21,35.9,35.17,35.49,35.49,2019080,43357780229.4,1227000000.0,10.8222768222768,1221000000.0,0.2154,0.24531,301000000.0,2015-09-30,2220000000.0,1221000000.0,8715000000.0,1147000000.0,2015-10-28,43333290000.0,4.9722650602409635,3.2793469047979484,0.3049387664772274,0.9393939393939394,37.77967741935484
2015-12-11,PYPL.OQ,35.12,35.24,34.43,34.69,34.69,2949626,42380428181.3999,1227000000.0,10.8222768222768,1221000000.0,0.2154,0.24531,301000000.0,2015-09-30,2220000000.0,1221000000.0,8715000000.0,1147000000.0,2015-10-28,42356490000.0,4.860182444061962,3.2054253064931197,0.3119710816453387,0.9393939393939394,36.92806451612903
2015-12-14,PYPL.OQ,34.61,35.22,34.33,35.01,35.01,2055610,42771369000.6,1227000000.0,10.8222768222768,1221000000.0,0.2154,0.24531,301000000.0,2015-09-30,2220000000.0,1221000000.0,8715000000.0,1147000000.0,2015-10-28,42747210000.0,4.905015490533563,3.234993945815051,0.30911958932524425,0.9393939393939394,37.26870967741935
2015-12-15,PYPL.OQ,35.2,36.5,35.19,36.32,36.32,2811794,44371782979.2,1227000000.0,10.8222768222768,1221000000.0,0.2154,0.24531,301000000.0,2015-09-30,2220000000.0,1221000000.0,8715000000.0,1147000000.0,2015-10-28,44346720000.0,5.088550774526678,3.356040563039208,0.29797017682480176,0.9393939393939394,38.663225806451614
2015-12-16,PYPL.OQ,36.12,36.25,35.19,35.98,35.98,2079187,43956408358.7999,1227000000.0,10.8222768222768,1221000000.0,0.2154,0.24531,301000000.0,2015-09-30,2220000000.0,1221000000.0,8715000000.0,1147000000.0,2015-10-28,43931579999.99999,5.040915662650601,3.3246238837596556,0.30078590389874377,0.9393939393939394,38.30129032258064
2015-12-17,PYPL.OQ,36.0,36.57,35.515,35.54,35.54,1790561,43418864732.4,1227000000.0,10.8222768222768,1221000000.0,0.2154,0.24531,301000000.0,2015-09-30,2220000000.0,1221000000.0,8715000000.0,1147000000.0,2015-10-28,43394340000.0,4.979270223752152,3.283967004692,0.3045097586459426,0.9393939393939394,37.83290322580645
2015-12-18,PYPL.OQ,35.35,35.76,34.73,34.98,34.98,5010162,42734718298.7999,1227000000.0,10.8222768222768,1221000000.0,0.2154,0.24531,301000000.0,2015-09-30,2220000000.0,1221000000.0,8715000000.0,1147000000.0,2015-10-28,42710579999.99999,4.900812392426849,3.23222188587862,0.30938470046531735,0.9393939393939394,37.236774193548385
2015-12-21,PYPL.OQ,35.21,36.15,35.13,36.08,36.08,1674711,44078577364.7999,1227000000.0,10.8222768222768,1221000000.0,0.2154,0.24531,301000000.0,2015-09-30,2220000000.0,1221000000.0,8715000000.0,1147000000.0,2015-10-28,44053680000.0,5.054925989672977,3.333864083547759,0.29995224008527716,0.9393939393939394,38.40774193548387
2015-12-22,PYPL.OQ,36.12,36.88,35.81,36.805,36.805,1579447,44964302658.3,1227000000.0,10.8222768222768,1221000000.0,0.2154,0.24531,301000000.0,2015-09-30,2220000000.0,1221000000.0,8715000000.0,1147000000.0,2015-10-28,44938905000.0,5.156500860585198,3.40085553201151,0.294043657717071,0.9393939393939394,39.17951612903226
2015-12-23,PYPL.OQ,36.79,37.67,36.77,37.11,37.11,1976923,45336918126.6,1227000000.0,10.8222768222768,1221000000.0,0.2154,0.24531,301000000.0,2015-09-30,2220000000.0,1221000000.0,8715000000.0,1147000000.0,2015-10-28,45311310000.0,5.199232358003442,3.4290381413652256,0.291626969072401,0.9393939393939394,39.50419354838709
2015-12-24,PYPL.OQ,36.98,37.23,36.82,37.07,37.07,836524,45288050524.2,1227000000.0,10.8222768222768,1221000000.0,0.2154,0.24531,301000000.0,2015-09-30,2220000000.0,1221000000.0,8715000000.0,1147000000.0,2015-10-28,45262470000.0,5.193628227194492,3.4253420614499843,0.2919416461364122,0.9393939393939394,39.461612903225806
2015-12-28,PYPL.OQ,36.88,37.0,36.26,36.61,36.61,1852705,44726073096.6,1227000000.0,10.8222768222768,1221000000.0,0.2154,0.24531,301000000.0,2015-09-30,2220000000.0,1221000000.0,8715000000.0,1147000000.0,2015-10-28,44700810000.0,5.129180722891566,3.382837142424708,0.2956098558393008,0.9393939393939394,38.971935483870965
2015-12-29,PYPL.OQ,36.95,37.45,36.76,37.08,37.08,1005487,45300267424.7999,1227000000.0,10.8222768222768,1221000000.0,0.2154,0.24531,301000000.0,2015-09-30,2220000000.0,1221000000.0,8715000000.0,1147000000.0,2015-10-28,45274680000.0,5.19502925989673,3.4262660814287944,0.2918629132221359,0.9393939393939394,39.472258064516126
2015-12-30,PYPL.OQ,37.07,37.25,36.46,36.48,36.48,941029,44567253388.7999,1227000000.0,10.8222768222768,1221000000.0,0.2154,0.24531,301000000.0,2015-09-30,2220000000.0,1221000000.0,8715000000.0,1147000000.0,2015-10-28,44542079999.99999,5.110967297762477,3.370824882700173,0.2966632900843421,0.9393939393939394,38.83354838709677
2015-12-31,PYPL.OQ,36.3,36.5,36.06,36.2,36.2,1563003,44225180172.0,1227000000.0,10.8222768222768,1221000000.0,0.2154,0.24531,301000000.0,2015-09-30,2220000000.0,1221000000.0,8715000000.0,1147000000.0,2015-10-28,44200200000.0,5.071738382099828,3.3449523232934837,0.2989579232673149,0.9393939393939394,38.535483870967745
2016-01-04,PYPL.OQ,35.19,35.5,34.29,34.75,34.75,3720991,42453729585.0,1227000000.0,10.8222768222768,1221000000.0,0.2154,0.24531,301000000.0,2015-09-30,2220000000.0,1221000000.0,8715000000.0,1147000000.0,2015-10-28,42429750000.0,4.868588640275387,3.210969426365982,0.3114324265403396,0.9393939393939394,36.99193548387097
2016-01-05,PYPL.OQ,34.72,34.75,33.86,34.31,34.31,2588551,41916185958.6,1227000000.0,10.8222768222768,1221000000.0,0.2154,0.24531,301000000.0,2015-09-30,2220000000.0,1221000000.0,8715000000.0,1147000000.0,2015-10-28,41892510000.0,4.806943201376936,3.1703125472983267,0.3154263136775517,0.9393939393939394,36.523548387096774
2016-01-06,PYPL.OQ,33.68,34.01,33.22,33.98,33.98,2796714,41513028238.7999,1227000000.0,10.8222768222768,1221000000.0,0.2154,0.24531,301000000.0,2015-09-30,2220000000.0,1221000000.0,8715000000.0,1147000000.0,2015-10-28,41489579999.99999,4.760709122203097,3.1398198879975845,0.31848960630596823,0.9393939393939394,36.17225806451612
2016-01-07,PYPL.OQ,33.15,34.16,33.02,33.13,33.13,3129975,40474591687.8,1227000000.0,10.8222768222768,1221000000.0,0.2154,0.24531,301000000.0,2015-09-30,2220000000.0,1221000000.0,8715000000.0,1147000000.0,2015-10-28,40451730000.0,4.6416213425129085,3.061278189798705,0.3266609363802233,0.9393939393939394,35.26741935483871
2016-01-08,PYPL.OQ,33.5,33.88,32.63,32.69,32.69,2636207,39937048061.3999,1227000000.0,10.8222768222768,1221000000.0,0.2154,0.24531,301000000.0,2015-09-30,2220000000.0,1221000000.0,8715000000.0,1147000000.0,2015-10-28,39914490000.0,4.579975903614458,3.0206213107310487,0.3310577186380178,0.9393939393939394,34.799032258064514
2016-01-11,PYPL.OQ,32.99,33.43,32.48,33.04,33.04,2573920,40364639582.4,1227000000.0,10.8222768222768,1221000000.0,0.2154,0.24531,301000000.0,2015-09-30,2220000000.0,1221000000.0,8715000000.0,1147000000.0,2015-10-28,40341840000.0,4.629012048192771,3.0529620099894115,0.3275507512795642,0.9393939393939394,35.17161290322581
2016-01-12,PYPL.OQ,33.35,33.57,32.66,33.08,33.08,2273468,40413507184.7999,1227000000.0,10.8222768222768,1221000000.0,0.2154,0.24531,301000000.0,2015-09-30,2220000000.0,1221000000.0,8715000000.0,1147000000.0,2015-10-28,40390680000.0,4.634616179001721,3.0566580899046527,0.32715468023811367,0.9393939393939394,35.214193548387094
2016-01-13,PYPL.OQ,33.28,33.55,31.975,32.12,32.12,2444172,39240684727.2,1227000000.0,10.8222768222768,1221000000.0,0.2154,0.24531,301000000.0,2015-09-30,2220000000.0,1221000000.0,8715000000.0,1147000000.0,2015-10-28,39218520000.0,4.500117039586919,2.9679521719388586,0.33693265324647576,0.9393939393939394,34.192258064516125
2016-01-14,PYPL.OQ,32.14,33.04,31.71,32.87,32.87,2628502,40156952272.2,1227000000.0,10.8222768222768,1221000000.0,0.2154,0.24531,301000000.0,2015-09-30,2220000000.0,1221000000.0,8715000000.0,1147000000.0,2015-10-28,40134270000.0,4.605194492254733,3.037253670349635,0.32924480749244905,0.9393939393939394,34.99064516129032
2016-01-15,PYPL.OQ,31.62,32.535,31.62,32.31,32.31,4149988,39472805838.6,1227000000.0,10.8222768222768,1221000000.0,0.2154,0.24531,301000000.0,2015-09-30,2220000000.0,1221000000.0,8715000000.0,1147000000.0,2015-10-28,39450510000.0,4.526736660929432,2.9855085515362556,0.3349513098816713,0.9393939393939394,34.39451612903226
2016-01-19,PYPL.OQ,32.76,33.18,31.93,32.2,32.2,2166656,39338419932.0,1227000000.0,10.8222768222768,1221000000.0,0.2154,0.24531,301000000.0,2015-09-30,2220000000.0,1221000000.0,8715000000.0,1147000000.0,2015-10-28,39316200000.0,4.51132530120482,2.975344331769342,0.3360955534868571,0.9393939393939394,34.27741935483871
2016-01-20,PYPL.OQ,31.57,31.7,30.52,31.2,31.2,3395789,38116729872.0,1227000000.0,10.8222768222768,1221000000.0,0.2154,0.24531,301000000.0,2015-09-30,2220000000.0,1221000000.0,8715000000.0,1147000000.0,2015-10-28,38095200000.0,4.371222030981067,2.8829423338883062,0.34686784686784616,0.9393939393939394,33.21290322580645
2016-01-21,PYPL.OQ,31.62,31.74,30.905,31.2,31.2,3563853,38116729872.0,1227000000.0,10.8222768222768,1221000000.0,0.2154,0.24531,301000000.0,2015-09-30,2220000000.0,1221000000.0,8715000000.0,1147000000.0,2015-10-28,38095200000.0,4.371222030981067,2.8829423338883062,0.34686784686784616,0.9393939393939394,33.21290322580645
2016-01-22,PYPL.OQ,31.69,31.97,31.54,31.69,31.69,2993970,38715358001.4,1227000000.0,10.8222768222768,1221000000.0,0.2154,0.24531,301000000.0,2015-09-30,2220000000.0,1221000000.0,8715000000.0,1147000000.0,2015-10-28,38693490000.0,4.4398726333907055,2.928219312850014,0.3415044753006248,0.9393939393939394,33.73451612903226
2016-01-25,PYPL.OQ,31.98,31.98,31.35,31.47,31.47,2187037,38446586188.2,1227000000.0,10.8222768222768,1221000000.0,0.2154,0.24531,301000000.0,2015-09-30,2220000000.0,1221000000.0,8715000000.0,1147000000.0,2015-10-28,38424870000.0,4.40904991394148,2.9078908733161857,0.3438918596211249,0.9393939393939394,33.50032258064516
2016-01-26,PYPL.OQ,31.49,31.98,31.39,31.97,31.97,2016627,39057431218.2,1227000000.0,10.8222768222768,1221000000.0,0.2154,0.24531,301000000.0,2015-09-30,2220000000.0,1221000000.0,8715000000.0,1147000000.0,2015-10-28,39035370000.0,4.479101549053357,2.9540918722567033,0.33851350710906475,0.9393939393939394,34.03258064516129
2016-01-27,PYPL.OQ,31.96,32.62,31.38,31.59,31.59,3004971,38593188995.4,1235000000.0,11.2410130718954,1224000000.0,0.27265,0.29717,367000000.0,2015-12-31,2524000000.0,1225000000.0,9066000000.0,1228000000.0,2016-01-27,38666160000.0,4.264963600264726,2.810244930590892,0.3558408696389807,1.0024489795918368,31.51282573289902
2016-01-28,PYPL.OQ,33.63,34.75,33.35,34.24,34.24,4552783,41830667654.4,1235000000.0,11.2410130718954,1224000000.0,0.27265,0.29717,367000000.0,2015-12-31,2524000000.0,1225000000.0,9066000000.0,1228000000.0,2016-01-27,41909760000.0,4.622739907346128,3.0459888073261205,0.3283006154175058,1.0024489795918368,34.156351791530945
2016-01-29,PYPL.OQ,34.49,36.26,34.38,36.14,36.14,5567916,44151878768.4,1235000000.0,11.2410130718954,1224000000.0,0.27265,0.29717,367000000.0,2015-12-31,2524000000.0,1225000000.0,9066000000.0,1228000000.0,2016-01-27,44235360000.0,4.8792587690271345,3.2150127189476048,0.31104076015205867,1.0024489795918368,36.05171009771987
2016-02-01,PYPL.OQ,35.82,37.32,35.61,37.08,37.08,5377214,45300267424.7999,1235000000.0,11.2410130718954,1224000000.0,0.27265,0.29717,367000000.0,2015-12-31,2524000000.0,1225000000.0,9066000000.0,1228000000.0,2016-01-27,45385920000.0,5.006168100595632,3.298635075223497,0.30315569233806366,1.0024489795918368,36.98941368078176
2016-02-02,PYPL.OQ,36.8,37.77,36.44,36.83,36.83,4349149,44994844909.7999,1235000000.0,11.2410130718954,1224000000.0,0.27265,0.29717,367000000.0,2015-12-31,2524000000.0,1225000000.0,9066000000.0,1228000000.0,2016-01-27,45079920000.0,4.9724156187955,3.2763950868522493,0.3052134963859734,1.0024489795918368,36.74002442996743
2016-02-03,PYPL.OQ,36.87,37.55,36.08,37.01,37.01,3990256,45214749120.6,1235000000.0,11.2410130718954,1224000000.0,0.27265,0.29717,367000000.0,2015-12-31,2524000000.0,1225000000.0,9066000000.0,1228000000.0,2016-01-27,45300240000.0,4.996717405691595,3.2924078784795476,0.303729075166047,1.0024489795918368,36.91958469055374
2016-02-04,PYPL.OQ,36.84,37.285,36.57,37.17,37.17,3314045,45410219530.2,1235000000.0,11.2410130718954,1224000000.0,0.27265,0.29717,367000000.0,2015-12-31,2524000000.0,1225000000.0,9066000000.0,1228000000.0,2016-01-27,45496080000.0,5.01831899404368,3.3066414710371466,0.3024216591847027,1.0024489795918368,37.079193811074916
2016-02-05,PYPL.OQ,36.84,37.04,34.82,35.07,35.07,4243303,42879243883.14,1235000000.0,11.2410130718954,1224000000.0,0.27265,0.29717,367000000.0,2015-12-31,2524000000.0,1225000000.0,9066000000.0,1228000000.0,2016-01-27,42925680000.0,4.734798146922568,3.119825568718664,0.3205307405730083,1.0024489795918368,34.984324104234524
2016-02-08,PYPL.OQ,34.13,34.16,31.99,33.61,33.61,5126529,41094137066.22,1235000000.0,11.2410130718954,1224000000.0,0.27265,0.29717,367000000.0,2015-12-31,2524000000.0,1225000000.0,9066000000.0,1228000000.0,2016-01-27,41138640000.0,4.537683653209795,2.9899440366305754,0.33445442046698604,1.0024489795918368,33.527890879478825
2016-02-09,PYPL.OQ,32.78,33.85,31.64,32.7,32.7,4501248,39981501995.4,1235000000.0,11.2410130718954,1224000000.0,0.27265,0.29717,367000000.0,2015-12-31,2524000000.0,1225000000.0,9066000000.0,1228000000.0,2016-01-27,40024800000.0,4.414824619457313,2.9089904789592334,0.3437618676420611,1.0024489795918368,32.62011400651466
2016-02-10,PYPL.OQ,33.62,33.94,32.83,32.9,32.9,2783073,40226037175.7999,1235000000.0,11.2410130718954,1224000000.0,0.27265,0.29717,367000000.0,2015-12-31,2524000000.0,1225000000.0,9066000000.0,1228000000.0,2016-01-27,40269600000.0,4.441826604897419,2.9267824696562315,0.34167212984484496,1.0024489795918368,32.81962540716612
2016-02-11,PYPL.OQ,32.12,33.635,32.02,33.52,33.52,3421558,40984096235.04,1235000000.0,11.2410130718954,1224000000.0,0.27265,0.29717,367000000.0,2015-12-31,2524000000.0,1225000000.0,9066000000.0,1228000000.0,2016-01-27,41028480000.00001,4.525532759761748,2.9819376408169265,0.33535241861263126,1.0024489795918368,33.43811074918567
2016-02-12,PYPL.OQ,33.97,34.43,33.82,34.3,34.3,3474234,41937783438.6,1235000000.0,11.2410130718954,1224000000.0,0.27265,0.29717,367000000.0,2015-12-31,2524000000.0,1225000000.0,9066000000.0,1228000000.0,2016-01-27,41983200000.0,4.6308405029781605,3.0513264045352195,0.3277263286266881,1.0024489795918368,34.21620521172638
2016-02-16,PYPL.OQ,34.94,35.52,34.64,35.46,35.46,2920040,43356087484.92,1235000000.0,11.2410130718954,1224000000.0,0.27265,0.29717,367000000.0,2015-12-31,2524000000.0,1225000000.0,9066000000.0,1228000000.0,2016-01-27,43403040000.0,4.787452018530774,3.1545199505778108,0.3170054447799041,1.0024489795918368,35.373371335504885
2016-02-17,PYPL.OQ,35.98,36.91,35.81,36.36,36.36,3657871,44456495796.72,1235000000.0,11.2410130718954,1224000000.0,0.27265,0.29717,367000000.0,2015-12-31,2524000000.0,1225000000.0,9066000000.0,1228000000.0,2016-01-27,44504640000.0,4.908960953011251,3.234583908714303,0.30915877535465897,1.0024489795918368,36.27117263843648
2016-02-18,PYPL.OQ,36.41,36.52,35.67,36.31,36.31,2450179,44395362001.62,1235000000.0,11.2410130718954,1224000000.0,0.27265,0.29717,367000000.0,2015-12-31,2524000000.0,1225000000.0,9066000000.0,1228000000.0,2016-01-27,44443440000.0,4.902210456651225,3.230135911040054,0.3095844966096227,1.0024489795918368,36.22129478827362
2016-02-19,PYPL.OQ,36.0,36.14,35.61,35.76,35.76,3717289,43722890255.52,1235000000.0,11.2410130718954,1224000000.0,0.27265,0.29717,367000000.0,2015-12-31,2524000000.0,1225000000.0,9066000000.0,1228000000.0,2016-01-27,43770240000.0,4.827954996690933,3.181207936623308,0.314346003129066,1.0024489795918368,35.67263843648208
2016-02-22,PYPL.OQ,36.17,36.5,35.82,36.0,36.0,2156611,44016332472.0,1235000000.0,11.2410130718954,1224000000.0,0.27265,0.29717,367000000.0,2015-12-31,2524000000.0,1225000000.0,9066000000.0,1228000000.0,2016-01-27,44064000000.0,4.86035737921906,3.202558325459706,0.3122503631082056,1.0024489795918368,35.91205211726384
2016-02-23,PYPL.OQ,35.72,35.93,35.03,35.48,35.48,2423800,43380541002.96,1235000000.0,11.2410130718954,1224000000.0,0.27265,0.29717,367000000.0,2015-12-31,2524000000.0,1225000000.0,9066000000.0,1228000000.0,2016-01-27,43427519999.99999,4.790152217074784,3.15629914964751,0.31682674948972384,1.0024489795918368,35.39332247557003
2016-02-24,PYPL.OQ,35.22,36.75,34.87,36.47,36.47,2403085,44590990145.9399,1235000000.0,11.2410130718954,1224000000.0,0.27265,0.29717,367000000.0,2015-12-31,2524000000.0,1225000000.0,9066000000.0,1228000000.0,2016-01-27,44639280000.0,4.923812045003309,3.2443695035976523,0.30822629755676995,1.0024489795918368,36.380903908794785
2016-02-25,PYPL.OQ,36.67,36.83,36.18,36.74,36.74,1640634,44921112639.48,1235000000.0,11.2410130718954,1224000000.0,0.27265,0.29717,367000000.0,2015-12-31,2524000000.0,1225000000.0,9066000000.0,1228000000.0,2016-01-27,44969760000.0,4.960264725347452,3.2683886910386,0.30596116145605334,1.0024489795918368,36.65024429967427
2016-02-26,PYPL.OQ,36.73,37.53,36.37,37.49,37.49,2198532,45838119565.98,1235000000.0,11.2410130718954,1224000000.0,0.27265,0.29717,367000000.0,2015-12-31,2524000000.0,1225000000.0,9066000000.0,1228000000.0,2016-01-27,45887760000.0,5.061522170747849,3.335108656152344,0.29984030599881034,1.0024489795918368,37.398412052117266
2016-02-29,PYPL.OQ,37.47,38.92,37.45,38.14,38.14,5610331,46632858902.28,1235000000.0,11.2410130718954,1224000000.0,0.27265,0.29717,367000000.0,2015-12-31,2524000000.0,1225000000.0,9066000000.0,1228000000.0,2016-01-27,46683360000.0,5.149278623428193,3.3929326259175885,0.2947302850523178,1.0024489795918368,38.046824104234524
2016-03-01,PYPL.OQ,38.52,39.54,38.02,39.25,39.25,3845752,47990029153.5,1235000000.0,11.2410130718954,1224000000.0,0.27265,0.29717,367000000.0,2015-12-31,2524000000.0,1225000000.0,9066000000.0,1228000000.0,2016-01-27,48042000000.0,5.299139642620781,3.4916781742859295,0.28639523750051976,1.0024489795918368,39.15411237785016
2016-03-02,PYPL.OQ,39.18,39.93,38.7,39.16,39.16,3286984,47879988322.3199,1235000000.0,11.2410130718954,1224000000.0,0.27265,0.29717,367000000.0,2015-12-31,2524000000.0,1225000000.0,9066000000.0,1228000000.0,2016-01-27,47931839999.99999,5.286988749172733,3.48367177847228,0.2870534492312411,1.0024489795918368,39.064332247557
2016-03-03,PYPL.OQ,38.96,39.24,38.63,39.02,39.02,2677107,47708813696.04,1235000000.0,11.2410130718954,1224000000.0,0.27265,0.29717,367000000.0,2015-12-31,2524000000.0,1225000000.0,9066000000.0,1228000000.0,2016-01-27,47760480000.00001,5.26808735936466,3.4712173849843815,0.2880833693463711,1.0024489795918368,38.92467426710098
2016-03-04,PYPL.OQ,38.77,39.7,38.76,39.04,39.04,2178715,47733267214.08,1235000000.0,11.2410130718954,1224000000.0,0.27265,0.29717,367000000.0,2015-12-31,2524000000.0,1225000000.0,9066000000.0,1228000000.0,2016-01-27,47784960000.0,5.27078755790867,3.4729965840540813,0.2879357856530584,1.0024489795918368,38.94462540716612
2016-03-07,PYPL.OQ,38.78,39.4,38.74,38.98,38.98,1900979,47659906659.96,1235000000.0,11.2410130718954,1224000000.0,0.27265,0.29717,367000000.0,2015-12-31,2524000000.0,1225000000.0,9066000000.0,1228000000.0,2016-01-27,47711519999.99999,5.2626869622766375,3.4676589868449814,0.2883789910696614,1.0024489795918368,38.88477198697068
2016-03-08,PYPL.OQ,38.69,38.88,38.11,38.16,38.16,2071142,46657312420.3199,1235000000.0,11.2410130718954,1224000000.0,0.27265,0.29717,367000000.0,2015-12-31,2524000000.0,1225000000.0,9066000000.0,1228000000.0,2016-01-27,46707839999.99999,5.151978821972203,3.3947118249872883,0.29457581425302415,1.0024489795918368,38.06677524429967
2016-03-09,PYPL.OQ,38.48,38.62,37.82,38.57,38.57,1793844,47158609540.14,1235000000.0,11.2410130718954,1224000000.0,0.27265,0.29717,367000000.0,2015-12-31,2524000000.0,1225000000.0,9066000000.0,1228000000.0,2016-01-27,47209680000.0,5.207332892124421,3.431185405916135,0.2914444664738242,1.0024489795918368,38.47577361563518
2016-03-10,PYPL.OQ,38.66,38.9,37.48,38.49,38.49,2190601,47060795467.98,1235000000.0,11.2410130718954,1224000000.0,0.27265,0.29717,367000000.0,2015-12-31,2524000000.0,1225000000.0,9066000000.0,1228000000.0,2016-01-27,47111760000.0,5.196532097948379,3.424068609637336,0.2920502227044791,1.0024489795918368,38.39596905537459
2016-03-11,PYPL.OQ,39.0,39.53,38.98,39.49,39.49,2753227,48283471369.98,1235000000.0,11.2410130718954,1224000000.0,0.27265,0.29717,367000000.0,2015-12-31,2524000000.0,1225000000.0,9066000000.0,1228000000.0,2016-01-27,48335760000.0,5.331542025148908,3.5130285631223277,0.2846546738894758,1.0024489795918368,39.39352605863192
2016-03-14,PYPL.OQ,39.4,39.79,39.04,39.38,39.38,1811796,48148977020.76,1235000000.0,11.2410130718954,1224000000.0,0.27265,0.29717,367000000.0,2015-12-31,2524000000.0,1225000000.0,9066000000.0,1228000000.0,2016-01-27,48201120000.0,5.31669093315685,3.5032429682389785,0.2854497986768766,1.0024489795918368,39.28379478827362
2016-03-15,PYPL.OQ,39.06,39.64,39.05,39.27,39.27,1632813,48014482671.54,1235000000.0,11.2410130718954,1224000000.0,0.27265,0.29717,367000000.0,2015-12-31,2524000000.0,1225000000.0,9066000000.0,1228000000.0,2016-01-27,48066480000.00001,5.301839841164792,3.49345737335563,0.28624937794487904,1.0024489795918368,39.174063517915314
2016-03-16,PYPL.OQ,39.09,39.89,38.6,39.84,39.84,1966350,48711407935.68,1235000000.0,11.2410130718954,1224000000.0,0.27265,0.29717,367000000.0,2015-12-31,2524000000.0,1225000000.0,9066000000.0,1228000000.0,2016-01-27,48764160000.00001,5.378795499669094,3.544164546842075,0.2821539425676556,1.0024489795918368,39.74267100977199
2016-03-17,PYPL.OQ,39.85,40.11,39.18,39.93,39.93,2592736,48821448766.86,1235000000.0,11.2410130718954,1224000000.0,0.27265,0.29717,367000000.0,2015-12-31,2524000000.0,1225000000.0,9066000000.0,1228000000.0,2016-01-27,48874320000.0,5.390946393117141,3.552170942655724,0.2815179832681042,1.0024489795918368,39.832451140065146
2016-03-18,PYPL.OQ,39.86,39.86,38.69,39.41,39.41,5227695,48185657297.8199,1235000000.0,11.2410130718954,1224000000.0,0.27265,0.29717,367000000.0,2015-12-31,2524000000.0,1225000000.0,9066000000.0,1228000000.0,2016-01-27,48237839999.99999,5.320741230972865,3.505911766843528,0.2852325062647907,1.0024489795918368,39.31372149837133
2016-03-21,PYPL.OQ,39.41,41.17,39.21,41.14,41.14,3385606,50300886608.28,1235000000.0,11.2410130718954,1224000000.0,0.27265,0.29717,367000000.0,2015-12-31,2524000000.0,1225000000.0,9066000000.0,1228000000.0,2016-01-27,50355360000.0,5.554308405029782,3.659812486372564,0.2732380425837482,1.0024489795918368,41.03949511400651
2016-03-22,PYPL.OQ,40.65,41.75,40.63,41.32,41.32,2222333,50520968270.64,1235000000.0,11.2410130718954,1224000000.0,0.27265,0.29717,367000000.0,2015-12-31,2524000000.0,1225000000.0,9066000000.0,1228000000.0,2016-01-27,50575680000.0,5.578610191925877,3.675825277999863,0.2720477510139255,1.0024489795918368,41.219055374592834
2016-03-23,PYPL.OQ,41.06,41.3,40.04,40.52,40.52,2801784,49542827549.04,1235000000.0,11.2410130718954,1224000000.0,0.27265,0.29717,367000000.0,2015-12-31,2524000000.0,1225000000.0,9066000000.0,1228000000.0,2016-01-27,49596480000.00001,5.470602250165454,3.6046573152118695,0.27741888133996545,1.0024489795918368,40.421009771986974
2016-03-24,PYPL.OQ,39.4,39.47,37.0,38.92,38.92,4619544,47586546105.84,1235000000.0,11.2410130718954,1224000000.0,0.27265,0.29717,367000000.0,2015-12-31,2524000000.0,1225000000.0,9066000000.0,1228000000.0,2016-01-27,47638080000.0,5.254586366644606,3.4623213896358824,0.28882356299834017,1.0024489795918368,38.824918566775246
2016-03-28,PYPL.OQ,38.81,39.16,38.62,38.74,38.74,2037599,47366464443.48,1235000000.0,11.2410130718954,1224000000.0,0.27265,0.29717,367000000.0,2015-12-31,2524000000.0,1225000000.0,9066000000.0,1228000000.0,2016-01-27,47417760000.0,5.230284579748511,3.4463085980085837,0.2901655413499071,1.0024489795918368,38.645358306188925
2016-03-29,PYPL.OQ,38.74,39.71,38.325,39.53,39.53,1672412,48332378406.06,1235000000.0,11.2410130718954,1224000000.0,0.27265,0.29717,367000000.0,2015-12-31,2524000000.0,1225000000.0,9066000000.0,1228000000.0,2016-01-27,48384720000.0,5.3369424222369295,3.5165869612617273,0.28436663475576524,1.0024489795918368,39.43342833876221
2016-03-30,PYPL.OQ,39.94,40.0,38.995,39.04,39.04,1576371,47733267214.08,1235000000.0,11.2410130718954,1224000000.0,0.27265,0.29717,367000000.0,2015-12-31,2524000000.0,1225000000.0,9066000000.0,1228000000.0,2016-01-27,47784960000.0,5.27078755790867,3.4729965840540813,0.2879357856530584,1.0024489795918368,38.94462540716612
2016-03-31,PYPL.OQ,38.9,38.99,38.43,38.6,38.6,2443566,47195289817.2,1235000000.0,11.2410130718954,1224000000.0,0.27265,0.29717,367000000.0,2015-12-31,2524000000.0,1225000000.0,9066000000.0,1228000000.0,2016-01-27,47246400000.0,5.211383189940436,3.433854204520685,0.2912179552304508,1.0024489795918368,38.505700325732896
2016-04-01,PYPL.OQ,38.51,39.46,38.4,39.4,39.4,2561439,48173430538.7999,1235000000.0,11.2410130718954,1224000000.0,0.27265,0.29717,367000000.0,2015-12-31,2524000000.0,1225000000.0,9066000000.0,1228000000.0,2016-01-27,48225600000.0,5.31939113170086,3.5050221673086783,0.2853049003019137,1.0024489795918368,39.303745928338756
2016-04-04,PYPL.OQ,39.36,39.37,38.41,38.79,38.79,1769916,47010803645.1599,1235000000.0,11.2410130718954,1224000000.0,0.27265,0.29717,367000000.0,2015-12-31,2524000000.0,1225000000.0,9066000000.0,1228000000.0,2016-01-27,47478960000.0,5.237035076108538,3.450756595682833,0.28979152028603766,1.0024489795918368,38.69523615635179
2016-04-05,PYPL.OQ,38.35,38.81,37.7,38.55,38.55,1679180,46719940204.2,1235000000.0,11.2410130718954,1224000000.0,0.27265,0.29717,367000000.0,2015-12-31,2524000000.0,1225000000.0,9066000000.0,1228000000.0,2016-01-27,47185200000.0,5.20463269358041,3.429406206846435,0.2915956698286745,1.0024489795918368,38.45582247557003
2016-04-06,PYPL.OQ,38.55,39.185,38.27,39.16,39.16,1450171,47459218116.64,1235000000.0,11.2410130718954,1224000000.0,0.27265,0.29717,367000000.0,2015-12-31,2524000000.0,1225000000.0,9066000000.0,1228000000.0,2016-01-27,47931839999.99999,5.286988749172733,3.48367177847228,0.2870534492312411,1.0024489795918368,39.064332247557
2016-04-07,PYPL.OQ,38.85,38.93,38.125,38.28,38.28,1952335,46392718833.12,1235000000.0,11.2410130718954,1224000000.0,0.27265,0.29717,367000000.0,2015-12-31,2524000000.0,1225000000.0,9066000000.0,1228000000.0,2016-01-27,46854720000.0,5.168180013236268,3.4053870194054876,0.2936523790986259,1.0024489795918368,38.18648208469055
2016-04-08,PYPL.OQ,38.61,38.66,38.11,38.41,38.41,2574726,46550269863.64,1235000000.0,11.2410130718954,1224000000.0,0.27265,0.29717,367000000.0,2015-12-31,2524000000.0,1225000000.0,9066000000.0,1228000000.0,2016-01-27,47013839999.99999,5.185731303772335,3.416951813358536,0.29265850226231194,1.0024489795918368,38.316164495114
2016-04-11,PYPL.OQ,38.61,38.81,38.045,38.06,38.06,1457502,46126094012.24,1235000000.0,11.2410130718954,1224000000.0,0.27265,0.29717,367000000.0,2015-12-31,2524000000.0,1225000000.0,9066000000.0,1228000000.0,2016-01-27,46585440000.0,5.1384778292521505,3.3858158296387892,0.29534979169457176,1.0024489795918368,37.96701954397394
2016-04-12,PYPL.OQ,38.32,38.32,37.34,37.8,37.8,2053354,45810991951.2,1235000000.0,11.2410130718954,1224000000.0,0.27265,0.29717,367000000.0,2015-12-31,2524000000.0,1225000000.0,9066000000.0,1228000000.0,2016-01-27,46267200000.0,5.103375248180013,3.3626862417326913,0.297381298198291,1.0024489795918368,37.707654723127035
2016-04-13,PYPL.OQ,38.25,39.12,38.22,38.79,38.79,2452795,47010803645.1599,1235000000.0,11.2410130718954,1224000000.0,0.27265,0.29717,367000000.0,2015-12-31,2524000000.0,1225000000.0,9066000000.0,1228000000.0,2016-01-27,47478960000.0,5.237035076108538,3.450756595682833,0.28979152028603766,1.0024489795918368,38.69523615635179
2016-04-14,PYPL.OQ,38.94,39.02,38.415,38.64,38.64,1459816,46829013994.56,1235000000.0,11.2410130718954,1224000000.0,0.27265,0.29717,367000000.0,2015-12-31,2524000000.0,1225000000.0,9066000000.0,1228000000.0,2016-01-27,47295360000.0,5.216783587028458,3.4374126026600846,0.2909164873678934,1.0024489795918368,38.545602605863195
2016-04-15,PYPL.OQ,38.69,38.95,38.36,38.58,38.58,2084385,46756298134.32,1235000000.0,11.2410130718954,1224000000.0,0.27265,0.29717,367000000.0,2015-12-31,2524000000.0,1225000000.0,9066000000.0,1228000000.0,2016-01-27,47221920000.0,5.208682991396426,3.4320750054509848,0.2913689235846397,1.0024489795918368,38.48574918566775
2016-04-18,PYPL.OQ,38.56,39.68,38.43,39.64,39.64,2175717,48040944998.56,1235000000.0,11.2410130718954,1224000000.0,0.27265,0.29717,367000000.0,2015-12-31,2524000000.0,1225000000.0,9066000000.0,1228000000.0,2016-01-27,48519360000.0,5.351793514228987,3.5263725561450765,0.2835775245180474,1.0024489795918368,39.54315960912052
2016-04-19,PYPL.OQ,39.75,40.07,38.98,39.24,39.24,1955944,47556172596.96,1235000000.0,11.2410130718954,1224000000.0,0.27265,0.29717,367000000.0,2015-12-31,2524000000.0,1225000000.0,9066000000.0,1228000000.0,2016-01-27,48029760000.0,5.297789543348776,3.49078857475108,0.286468223035051,1.0024489795918368,39.14413680781759
2016-04-20,PYPL.OQ,39.24,40.24,39.2,40.08,40.08,2439391,48574194640.32,1235000000.0,11.2410130718954,1224000000.0,0.27265,0.29717,367000000.0,2015-12-31,2524000000.0,1225000000.0,9066000000.0,1228000000.0,2016-01-27,49057920000.0,5.411197882197221,3.5655149356784728,0.28046439800138223,1.0024489795918368,39.98208469055374
2016-04-21,PYPL.OQ,40.2,40.54,40.02,40.1,40.1,1751678,48598433260.4,1235000000.0,11.2410130718954,1224000000.0,0.27265,0.29717,367000000.0,2015-12-31,2524000000.0,1225000000.0,9066000000.0,1228000000.0,2016-01-27,49082400000.0,5.413898080741231,3.5672941347481726,0.2803245155086135,1.0024489795918368,40.002035830618894
2016-04-22,PYPL.OQ,39.72,40.63,39.7,40.31,40.31,2099252,48856794785.53,1235000000.0,11.2410130718954,1224000000.0,0.27265,0.29717,367000000.0,2015-12-31,2524000000.0,1225000000.0,9066000000.0,1228000000.0,2016-01-27,49339440000.0,5.442250165453342,3.5859757249800213,0.2788641297915008,1.0024489795918368,40.211522801302934
2016-04-25,PYPL.OQ,40.27,40.84,39.54,39.82,39.82,1877100,48262901720.66,1235000000.0,11.2410130718954,1224000000.0,0.27265,0.29717,367000000.0,2015-12-31,2524000000.0,1225000000.0,9066000000.0,1228000000.0,2016-01-27,48739680000.0,5.3760953011250825,3.542385347772375,0.28229565725503264,1.0024489795918368,39.722719869706836
2016-04-26,PYPL.OQ,39.87,40.13,39.33,39.73,39.73,1436531,48153819320.99,1235000000.0,11.2410130718954,1224000000.0,0.27265,0.29717,367000000.0,2015-12-31,2524000000.0,1225000000.0,9066000000.0,1228000000.0,2016-01-27,48629519999.99999,5.363944407677034,3.5343789519587254,0.2829351389855374,1.0024489795918368,39.63293973941368
2016-04-27,PYPL.OQ,39.68,40.18,39.2,40.01,40.01,2987675,48493186786.63,1225000000.0,11.2566225165563,1208000000.0,0.30016,0.29796,365000000.0,2016-03-31,2544000000.0,1216000000.0,9523000000.0,1338000000.0,2016-04-27,48332080000.0,5.075299800483041,3.5543521106044977,0.2813452266072557,1.100328947368421,36.36185351270553
2016-04-28,PYPL.OQ,41.0,41.48,39.915,40.07,40.07,3758761,48565908386.41,1225000000.0,11.2566225165563,1208000000.0,0.30016,0.29796,365000000.0,2016-03-31,2544000000.0,1216000000.0,9523000000.0,1338000000.0,2016-04-27,48404560000.0,5.082910847422031,3.5596823062215006,0.2809239460083928,1.100328947368421,36.416382660687596
2016-04-29,PYPL.OQ,39.71,39.71,38.59,39.18,39.18,3009382,47487204656.34,1225000000.0,11.2566225165563,1208000000.0,0.30016,0.29796,365000000.0,2016-03-31,2544000000.0,1216000000.0,9523000000.0,1338000000.0,2016-04-27,47329440000.0,4.9700136511603485,3.48061773790263,0.28730532201521947,1.100328947368421,35.607533632286994
2016-05-02,PYPL.OQ,39.07,39.27,38.74,39.02,39.02,1635430,47293280390.26,1225000000.0,11.2566225165563,1208000000.0,0.30016,0.29796,365000000.0,2016-03-31,2544000000.0,1216000000.0,9523000000.0,1338000000.0,2016-04-27,47136160000.0,4.949717525989709,3.466403882923957,0.2884834063699718,1.100328947368421,35.4621225710015
2016-05-03,PYPL.OQ,38.63,38.95,38.15,38.36,38.36,2256395,46493342792.68,1225000000.0,11.2566225165563,1208000000.0,0.30016,0.29796,365000000.0,2016-03-31,2544000000.0,1216000000.0,9523000000.0,1338000000.0,2016-04-27,46338880000.0,4.8659960096608215,3.407771731136929,0.29344688520741136,1.100328947368421,34.8623019431988
2016-05-04,PYPL.OQ,38.07,38.46,37.88,38.31,38.31,1809766,46432741459.53,1225000000.0,11.2566225165563,1208000000.0,0.30016,0.29796,365000000.0,2016-03-31,2544000000.0,1216000000.0,9523000000.0,1338000000.0,2016-04-27,46278480000.0,4.8596534705449965,3.403329901456094,0.2938298751385095,1.100328947368421,34.81686098654709
2016-05-05,PYPL.OQ,38.38,39.11,38.32,38.95,38.95,1520178,47208438523.85,1225000000.0,11.2566225165563,1208000000.0,0.30016,0.29796,365000000.0,2016-03-31,2544000000.0,1216000000.0,9523000000.0,1338000000.0,2016-04-27,47051600000.0,4.9408379712275545,3.4601853213707874,0.2890018617857843,1.100328947368421,35.39850523168909
2016-05-06,PYPL.OQ,38.71,39.7,38.62,39.48,39.48,1731188,47850812655.24,1225000000.0,11.2566225165563,1208000000.0,0.30016,0.29796,365000000.0,2016-03-31,2544000000.0,1216000000.0,9523000000.0,1338000000.0,2016-04-27,47691840000.0,5.008068885855297,3.5072687159876423,0.28512215087528625,1.100328947368421,35.88017937219731
2016-05-09,PYPL.OQ,39.42,40.18,39.38,39.62,39.62,1820004,48020496388.06,1225000000.0,11.2566225165563,1208000000.0,0.30016,0.29796,365000000.0,2016-03-31,2544000000.0,1216000000.0,9523000000.0,1338000000.0,2016-04-27,47860960000.0,5.025827995379608,3.5197058390939815,0.2841146521089425,1.100328947368421,36.00741405082212
2016-05-10,PYPL.OQ,39.62,40.14,39.245,40.11,40.11,2151339,48614389452.93,1225000000.0,11.2566225165563,1208000000.0,0.30016,0.29796,365000000.0,2016-03-31,2544000000.0,1216000000.0,9523000000.0,1338000000.0,2016-04-27,48452880000.0,5.087984878714691,3.5632357699661688,0.28064379248457494,1.100328947368421,36.45273542600897
2016-05-11,PYPL.OQ,39.95,40.31,39.65,39.71,39.71,2055343,48129578787.73,1225000000.0,11.2566225165563,1208000000.0,0.30016,0.29796,365000000.0,2016-03-31,2544000000.0,1216000000.0,9523000000.0,1338000000.0,2016-04-27,47969680000.0,5.037244565788092,3.5277011325194856,0.2834707256750516,1.100328947368421,36.08920777279522
2016-05-12,PYPL.OQ,39.85,40.0,39.17,39.51,39.51,1529253,47887173455.13,1225000000.0,11.2566225165563,1208000000.0,0.30016,0.29796,365000000.0,2016-03-31,2544000000.0,1216000000.0,9523000000.0,1338000000.0,2016-04-27,47728080000.0,5.0118744093247924,3.5099338137961436,0.28490565721478867,1.100328947368421,35.90744394618834
2016-05-13,PYPL.OQ,39.54,39.79,39.31,39.48,39.48,1566660,47850812655.24,1225000000.0,11.2566225165563,1208000000.0,0.30016,0.29796,365000000.0,2016-03-31,2544000000.0,1216000000.0,9523000000.0,1338000000.0,2016-04-27,47691840000.0,5.008068885855297,3.5072687159876423,0.28512215087528625,1.100328947368421,35.88017937219731
2016-05-16,PYPL.OQ,39.36,39.53,39.13,39.3,39.3,2435292,47632647855.8999,1225000000.0,11.2566225165563,1208000000.0,0.30016,0.29796,365000000.0,2016-03-31,2544000000.0,1216000000.0,9523000000.0,1338000000.0,2016-04-27,47474400000.0,4.985235745038328,3.4912781291366346,0.2864280538563944,1.100328947368421,35.71659192825112
2016-05-17,PYPL.OQ,39.1,39.66,38.75,39.065,39.065,2743471,47347821590.0949,1225000000.0,11.2566225165563,1208000000.0,0.30016,0.29796,365000000.0,2016-03-31,2544000000.0,1216000000.0,9523000000.0,1338000000.0,2016-04-27,47190520000.0,4.955425811193951,3.4704015296367086,0.28815109475377704,1.100328947368421,35.503019431988044
2016-05-18,PYPL.OQ,39.18,39.36,38.51,38.98,38.98,2676644,47244799323.74,1225000000.0,11.2566225165563,1208000000.0,0.30016,0.29796,365000000.0,2016-03-31,2544000000.0,1216000000.0,9523000000.0,1338000000.0,2016-04-27,47087840000.0,4.94464349469705,3.462850419179288,0.28877943859816063,1.100328947368421,35.42576980568012
2016-05-19,PYPL.OQ,38.81,38.82,37.315,37.65,37.65,4081337,45632803861.95,1225000000.0,11.2566225165563,1208000000.0,0.30016,0.29796,365000000.0,2016-03-31,2544000000.0,1216000000.0,9523000000.0,1338000000.0,2016-04-27,45481200000.0,4.775931954216109,3.3446977496690664,0.298980677730579,1.100328947368421,34.21704035874439
2016-05-20,PYPL.OQ,37.79,37.95,37.49,37.53,37.53,3145032,45487360662.39,1225000000.0,11.2566225165563,1208000000.0,0.30016,0.29796,365000000.0,2016-03-31,2544000000.0,1216000000.0,9523000000.0,1338000000.0,2016-04-27,45336240000.0,4.760709860338129,3.3340373584350615,0.29993665112060486,1.100328947368421,34.10798206278027
2016-05-23,PYPL.OQ,37.68,38.22,37.4,38.07,38.07,1760798,46141855060.41,1225000000.0,11.2566225165563,1208000000.0,0.30016,0.29796,365000000.0,2016-03-31,2544000000.0,1216000000.0,9523000000.0,1338000000.0,2016-04-27,45988560000.0,4.829209282789037,3.382009118988084,0.29568223053733383,1.100328947368421,34.598744394618834
2016-05-24,PYPL.OQ,38.28,39.0,38.28,38.92,38.92,1662921,47172077723.96,1225000000.0,11.2566225165563,1208000000.0,0.30016,0.29796,365000000.0,2016-03-31,2544000000.0,1216000000.0,9523000000.0,1338000000.0,2016-04-27,47015360000.0,4.937032447758059,3.457520223562286,0.2892246278662975,1.100328947368421,35.37124065769806
2016-05-25,PYPL.OQ,38.87,39.06,38.51,38.76,38.76,1469214,46978153457.88,1225000000.0,11.2566225165563,1208000000.0,0.30016,0.29796,365000000.0,2016-03-31,2544000000.0,1216000000.0,9523000000.0,1338000000.0,2016-04-27,46822080000.0,4.91673632258742,3.4433063685836123,0.29041853757885194,1.100328947368421,35.22582959641255
2016-05-26,PYPL.OQ,38.71,38.74,38.01,38.07,38.07,1428832,46141855060.41,1225000000.0,11.2566225165563,1208000000.0,0.30016,0.29796,365000000.0,2016-03-31,2544000000.0,1216000000.0,9523000000.0,1338000000.0,2016-04-27,45988560000.0,4.829209282789037,3.382009118988084,0.29568223053733383,1.100328947368421,34.598744394618834
2016-05-27,PYPL.OQ,38.0,38.345,37.92,38.09,38.09,1833105,46166095593.67,1225000000.0,11.2566225165563,1208000000.0,0.30016,0.29796,365000000.0,2016-03-31,2544000000.0,1216000000.0,9523000000.0,1338000000.0,2016-04-27,46012720000.00001,4.831746298435368,3.383785850860418,0.29552697601880545,1.100328947368421,34.616920777279525
2016-05-31,PYPL.OQ,37.96,38.02,37.51,37.79,37.79,4133455,45802487594.77,1225000000.0,11.2566225165563,1208000000.0,0.30016,0.29796,365000000.0,2016-03-31,2544000000.0,1216000000.0,9523000000.0,1338000000.0,2016-04-27,45650320000.0,4.793691063740418,3.3571348727754056,0.29787304886362265,1.100328947368421,34.34427503736921
2016-06-01,PYPL.OQ,37.81,38.475,37.715,38.31,38.31,1339809,46432741459.53,1225000000.0,11.2566225165563,1208000000.0,0.30016,0.29796,365000000.0,2016-03-31,2544000000.0,1216000000.0,9523000000.0,1338000000.0,2016-04-27,46278480000.0,4.8596534705449965,3.403329901456094,0.2938298751385095,1.100328947368421,34.81686098654709
2016-06-02,PYPL.OQ,38.42,38.68,38.32,38.56,38.56,1215790,46735748125.28,1225000000.0,11.2566225165563,1208000000.0,0.30016,0.29796,365000000.0,2016-03-31,2544000000.0,1216000000.0,9523000000.0,1338000000.0,2016-04-27,46580480000.0,4.89136616612412,3.425539049860271,0.29192485779450983,1.100328947368421,35.044065769805684
2016-06-03,PYPL.OQ,38.44,38.59,37.82,38.33,38.33,1181333,46456981992.79,1225000000.0,11.2566225165563,1208000000.0,0.30016,0.29796,365000000.0,2016-03-31,2544000000.0,1216000000.0,9523000000.0,1338000000.0,2016-04-27,46302640000.0,4.862190486191326,3.405106633328428,0.2936765592631438,1.100328947368421,34.835037369207775
2016-06-06,PYPL.OQ,38.47,38.47,37.99,38.1,38.1,1573582,46178215860.3,1225000000.0,11.2566225165563,1208000000.0,0.30016,0.29796,365000000.0,2016-03-31,2544000000.0,1216000000.0,9523000000.0,1338000000.0,2016-04-27,46024800000.0,4.833014806258532,3.384674216796585,0.2954494098833675,1.100328947368421,34.62600896860987
2016-06-07,PYPL.OQ,38.07,38.48,37.52,37.57,37.57,1611781,45535841728.91,1225000000.0,11.2566225165563,1208000000.0,0.30016,0.29796,365000000.0,2016-03-31,2544000000.0,1216000000.0,9523000000.0,1338000000.0,2016-04-27,45384560000.0,4.765783891630789,3.3375908221797297,0.29961731478723186,1.100328947368421,34.14433482810165
2016-06-08,PYPL.OQ,37.53,37.7,37.06,37.55,37.55,2108518,45511601195.6499,1225000000.0,11.2566225165563,1208000000.0,0.30016,0.29796,365000000.0,2016-03-31,2544000000.0,1216000000.0,9523000000.0,1338000000.0,2016-04-27,45360400000.0,4.763246875984459,3.3358140903073954,0.2997768979109534,1.100328947368421,34.12615844544096
2016-06-09,PYPL.OQ,37.48,37.51,37.12,37.13,37.13,1465083,45002549997.19,1225000000.0,11.2566225165563,1208000000.0,0.30016,0.29796,365000000.0,2016-03-31,2544000000.0,1216000000.0,9523000000.0,1338000000.0,2016-04-27,44853040000.0,4.70996954741153,3.2985027209883784,0.3031678566268866,1.100328947368421,33.74445440956652
2016-06-10,PYPL.OQ,36.83,37.05,36.64,36.77,36.77,2790411,44566220398.51,1225000000.0,11.2566225165563,1208000000.0,0.30016,0.29796,365000000.0,2016-03-31,2544000000.0,1216000000.0,9523000000.0,1338000000.0,2016-04-27,44418160000.0,4.664303265777591,3.2665215472863633,0.30613604885929563,1.100328947368421,33.417279521674146
2016-06-13,PYPL.OQ,36.5,37.11,36.5,36.54,36.54,2631776,44287454266.02,1225000000.0,11.2566225165563,1208000000.0,0.30016,0.29796,365000000.0,2016-03-31,2544000000.0,1216000000.0,9523000000.0,1338000000.0,2016-04-27,44140320000.0,4.6351275858447964,3.24608913075452,0.3080630135893897,1.100328947368421,33.20825112107623
2016-06-14,PYPL.OQ,36.37,37.27,36.3,37.16,37.16,2063249,45038910797.0799,1225000000.0,11.2566225165563,1208000000.0,0.30016,0.29796,365000000.0,2016-03-31,2544000000.0,1216000000.0,9523000000.0,1338000000.0,2016-04-27,44889279999.99999,4.713775070881024,3.301167818796879,0.3029231032442492,1.100328947368421,33.77171898355755
2016-06-15,PYPL.OQ,37.16,37.19,36.79,36.84,36.84,1852750,44651062264.92,1225000000.0,11.2566225165563,1208000000.0,0.30016,0.29796,365000000.0,2016-03-31,2544000000.0,1216000000.0,9523000000.0,1338000000.0,2016-04-27,44502720000.00001,4.673182820539747,3.272740108839533,0.30555435712693535,1.100328947368421,33.480896860986554
2016-06-16,PYPL.OQ,36.62,37.04,36.35,36.97,36.97,1535461,44808625731.11,1225000000.0,11.2566225165563,1208000000.0,0.30016,0.29796,365000000.0,2016-03-31,2544000000.0,1216000000.0,9523000000.0,1338000000.0,2016-04-27,44659760000.0,4.68967342224089,3.2842888660097045,0.304479916596059,1.100328947368421,33.599043348281015
2016-06-17,PYPL.OQ,37.03,37.18,36.64,36.97,36.97,3011679,44808625731.11,1225000000.0,11.2566225165563,1208000000.0,0.30016,0.29796,365000000.0,2016-03-31,2544000000.0,1216000000.0,9523000000.0,1338000000.0,2016-04-27,44659760000.0,4.68967342224089,3.2842888660097045,0.304479916596059,1.100328947368421,33.599043348281015
2016-06-20,PYPL.OQ,37.28,37.76,36.82,36.86,36.86,1910282,44675302798.18,1225000000.0,11.2566225165563,1208000000.0,0.30016,0.29796,365000000.0,2016-03-31,2544000000.0,1216000000.0,9523000000.0,1338000000.0,2016-04-27,44526880000.0,4.675719836186076,3.274516840711867,0.305388565289102,1.100328947368421,33.49907324364724
2016-06-21,PYPL.OQ,36.78,36.78,35.95,36.16,36.16,2593223,43826884134.0799,1225000000.0,11.2566225165563,1208000000.0,0.30016,0.29796,365000000.0,2016-03-31,2544000000.0,1216000000.0,9523000000.0,1338000000.0,2016-04-27,43681279999.99999,4.586924288564528,3.212331225180171,0.3113004014534375,1.100328947368421,32.86289985052316
2016-06-22,PYPL.OQ,36.08,36.49,35.79,36.0,36.0,2674887,43632959868.0,1225000000.0,11.2566225165563,1208000000.0,0.30016,0.29796,365000000.0,2016-03-31,2544000000.0,1216000000.0,9523000000.0,1338000000.0,2016-04-27,43488000000.0,4.566628163393888,3.1981173702014978,0.3126839587932306,1.100328947368421,32.71748878923767
2016-06-23,PYPL.OQ,36.27,36.66,36.05,36.66,36.66,1473269,44432897465.5799,1225000000.0,11.2566225165563,1208000000.0,0.30016,0.29796,365000000.0,2016-03-31,2544000000.0,1216000000.0,9523000000.0,1338000000.0,2016-04-27,44285279999.99999,4.650349679722775,3.256749521988525,0.30705462401953904,1.100328947368421,33.317309417040356
2016-06-24,PYPL.OQ,35.0,35.72,34.62,35.08,35.08,6176179,42517895338.04,1225000000.0,11.2566225165563,1208000000.0,0.30016,0.29796,365000000.0,2016-03-31,2544000000.0,1216000000.0,9523000000.0,1338000000.0,2016-04-27,42376640000.0,4.449925443662711,3.116387704074126,0.32088433627583524,1.100328947368421,31.88137518684604
2016-06-27,PYPL.OQ,34.74,34.76,34.0,34.2,34.2,3158002,41451311874.6,1225000000.0,11.2566225165563,1208000000.0,0.30016,0.29796,365000000.0,2016-03-31,2544000000.0,1216000000.0,9523000000.0,1338000000.0,2016-04-27,41313600000.0,4.338296755224194,3.038211501691423,0.3291410092560321,1.100328947368421,31.081614349775787
2016-06-28,PYPL.OQ,34.46,35.25,34.23,35.24,35.24,2959213,42711819604.12,1225000000.0,11.2566225165563,1208000000.0,0.30016,0.29796,365000000.0,2016-03-31,2544000000.0,1216000000.0,9523000000.0,1338000000.0,2016-04-27,42569920000.0,4.470221568833351,3.1306015590527996,0.31942742669001983,1.100328947368421,32.02678624813154
2016-06-29,PYPL.OQ,35.69,35.9,35.3,35.77,35.77,2484831,43354193735.51,1225000000.0,11.2566225165563,1208000000.0,0.30016,0.29796,365000000.0,2016-03-31,2544000000.0,1216000000.0,9523000000.0,1338000000.0,2016-04-27,43210160000.0,4.537452483461094,3.177684953669655,0.31469450703260554,1.100328947368421,32.50846038863976
2016-06-30,PYPL.OQ,35.81,36.53,35.59,36.51,36.51,2940579,44251093466.13,1225000000.0,11.2566225165563,1208000000.0,0.30016,0.29796,365000000.0,2016-03-31,2544000000.0,1216000000.0,9523000000.0,1338000000.0,2016-04-27,44104080000.0,4.631322062375302,3.243424032946019,0.3083161467147713,1.100328947368421,33.180986547085205
2016-07-01,PYPL.OQ,36.6,36.665,36.25,36.35,36.35,1544501,44057169200.05,1225000000.0,11.2566225165563,1208000000.0,0.30016,0.29796,365000000.0,2016-03-31,2544000000.0,1216000000.0,9523000000.0,1338000000.0,2016-04-27,43910800000.0,4.611025937204662,3.229210177967346,0.30967324667280055,1.100328947368421,33.035575485799704
2016-07-05,PYPL.OQ,36.3,36.35,35.87,36.12,36.12,1575458,43778403067.56,1225000000.0,11.2566225165563,1208000000.0,0.30016,0.29796,365000000.0,2016-03-31,2544000000.0,1216000000.0,9523000000.0,1338000000.0,2016-04-27,43632960000.0,4.581850257271868,3.2087777614355026,0.3116451416543826,1.100328947368421,32.826547085201796
2016-07-06,PYPL.OQ,35.94,36.17,35.72,35.93,35.93,2016928,43548118001.59,1225000000.0,11.2566225165563,1208000000.0,0.30016,0.29796,365000000.0,2016-03-31,2544000000.0,1216000000.0,9523000000.0,1338000000.0,2016-04-27,43403440000.0,4.557748608631734,3.191898808648328,0.3132931398985889,1.100328947368421,32.65387144992526
2016-07-07,PYPL.OQ,35.92,36.385,35.84,36.32,36.32,1671623,44020808400.16,1225000000.0,11.2566225165563,1208000000.0,0.30016,0.29796,365000000.0,2016-03-31,2544000000.0,1216000000.0,9523000000.0,1338000000.0,2016-04-27,43874560000.0,4.607220413735168,3.2265450801588442,0.30992903404615363,1.100328947368421,33.00831091180867
2016-07-08,PYPL.OQ,36.78,37.45,36.67,37.36,37.36,2337983,45281316129.68,1225000000.0,11.2566225165563,1208000000.0,0.30016,0.29796,365000000.0,2016-03-31,2544000000.0,1216000000.0,9523000000.0,1338000000.0,2016-04-27,45130880000.0,4.739145227344324,3.3189351375202207,0.30130145922259904,1.100328947368421,33.953482810164424
2016-07-11,PYPL.OQ,37.45,38.33,37.4,38.15,38.15,2868269,46238817193.45,1225000000.0,11.2566225165563,1208000000.0,0.30016,0.29796,365000000.0,2016-03-31,2544000000.0,1216000000.0,9523000000.0,1338000000.0,2016-04-27,46085200000.0,4.839357345374357,3.3891160464774206,0.2950621891626815,1.100328947368421,34.671449925261584
2016-07-12,PYPL.OQ,38.41,38.91,38.24,38.79,38.79,3190904,47014514257.77,1225000000.0,11.2566225165563,1208000000.0,0.30016,0.29796,365000000.0,2016-03-31,2544000000.0,1216000000.0,9523000000.0,1338000000.0,2016-04-27,46858320000.0,4.920541846056915,3.445971466392114,0.2901939292744599,1.100328947368421,35.253094170403585
2016-07-13,PYPL.OQ,38.84,39.985,38.84,39.28,39.28,3397372,47608407322.64,1225000000.0,11.2566225165563,1208000000.0,0.30016,0.29796,365000000.0,2016-03-31,2544000000.0,1216000000.0,9523000000.0,1338000000.0,2016-04-27,47450240000.0,4.982698729391998,3.489501397264301,0.2865738929876858,1.100328947368421,35.698415545590436
2016-07-14,PYPL.OQ,39.49,40.065,39.49,39.96,39.96,1924000,48432585453.48,1225000000.0,11.2566225165563,1208000000.0,0.30016,0.29796,365000000.0,2016-03-31,2544000000.0,1216000000.0,9523000000.0,1338000000.0,2016-04-27,48271680000.0,5.068957261367216,3.5499102809236627,0.2816972601740816,1.100328947368421,36.31641255605381
2016-07-15,PYPL.OQ,40.02,40.05,38.99,39.09,39.09,2399029,47378122256.67,1225000000.0,11.2566225165563,1208000000.0,0.30016,0.29796,365000000.0,2016-03-31,2544000000.0,1216000000.0,9523000000.0,1338000000.0,2016-04-27,47220720000.00001,4.958597080751865,3.4726224444771265,0.2879668077911563,1.100328947368421,35.5257399103139
2016-07-18,PYPL.OQ,39.13,39.2,38.735,38.92,38.92,1546653,47172077723.96,1225000000.0,11.2566225165563,1208000000.0,0.30016,0.29796,365000000.0,2016-03-31,2544000000.0,1216000000.0,9523000000.0,1338000000.0,2016-04-27,47015360000.0,4.937032447758059,3.457520223562286,0.2892246278662975,1.100328947368421,35.37124065769806
2016-07-19,PYPL.OQ,38.97,39.465,38.83,39.37,39.37,1899368,47717489722.31,1225000000.0,11.2566225165563,1208000000.0,0.30016,0.29796,365000000.0,2016-03-31,2544000000.0,1216000000.0,9523000000.0,1338000000.0,2016-04-27,47558960000.0,4.994115299800483,3.4974966906898044,0.28591878375809754,1.100328947368421,35.78020926756353
2016-07-20,PYPL.OQ,39.44,40.45,39.13,40.05,40.05,2462269,48337066660.95,1225000000.0,11.2566225165563,1208000000.0,0.30016,0.29796,365000000.0,2016-03-31,2544000000.0,1216000000.0,9523000000.0,1338000000.0,2016-04-27,48380400000.0,5.080373831775701,3.557905574349166,0.28106423262312863,1.100328947368421,36.398206278026905
2016-07-21,PYPL.OQ,40.2,40.27,39.65,40.13,40.13,2886367,48433620102.47,1215000000.0,11.4473902236951,1207000000.0,0.26694,0.26584,323000000.0,2016-06-30,2650000000.0,1210000000.0,9938000000.0,1356000000.0,2016-07-21,48436910000.0,4.87390923727108,3.5056025186364663,0.2852576681708223,1.1206611570247933,35.80921828908555
2016-07-22,PYPL.OQ,37.3,37.585,36.43,37.42,37.42,6912542,45162872270.98,1215000000.0,11.4473902236951,1207000000.0,0.26694,0.26584,323000000.0,2016-06-30,2650000000.0,1210000000.0,9938000000.0,1356000000.0,2016-07-21,45165940000.0,4.544771583819682,3.2688673373380652,0.3059163608683886,1.1206611570247933,33.39100294985251
2016-07-25,PYPL.OQ,37.7,38.17,37.62,37.78,37.78,4024243,45597362757.82,1215000000.0,11.4473902236951,1207000000.0,0.26694,0.26584,323000000.0,2016-06-30,2650000000.0,1210000000.0,9938000000.0,1356000000.0,2016-07-21,45600460000.0,4.588494666934997,3.3003155533039044,0.30300132937255425,1.1206611570247933,33.712241887905606
2016-07-26,PYPL.OQ,37.78,38.27,37.6,37.69,37.69,2357481,45488740136.11,1215000000.0,11.4473902236951,1207000000.0,0.26694,0.26584,323000000.0,2016-06-30,2650000000.0,1210000000.0,9938000000.0,1356000000.0,2016-07-21,45491830000.0,4.577563896156168,3.2924534993124444,0.3037248666408889,1.1206611570247933,33.631932153392334
2016-07-27,PYPL.OQ,37.64,37.68,37.045,37.22,37.22,2436355,44921488667.18,1215000000.0,11.4473902236951,1207000000.0,0.26694,0.26584,323000000.0,2016-06-30,2650000000.0,1210000000.0,9938000000.0,1356000000.0,2016-07-21,44924540000.0,4.5204809820889515,3.2513961062459322,0.3075601887075524,1.1206611570247933,33.212536873156346
2016-07-28,PYPL.OQ,37.4,37.68,37.11,37.22,37.22,1378284,44921488667.18,1215000000.0,11.4473902236951,1207000000.0,0.26694,0.26584,323000000.0,2016-06-30,2650000000.0,1210000000.0,9938000000.0,1356000000.0,2016-07-21,44924540000.0,4.5204809820889515,3.2513961062459322,0.3075601887075524,1.1206611570247933,33.212536873156346
2016-07-29,PYPL.OQ,37.41,37.47,36.87,37.24,37.24,2042530,44945627027.56,1215000000.0,11.4473902236951,1207000000.0,0.26694,0.26584,323000000.0,2016-06-30,2650000000.0,1210000000.0,9938000000.0,1356000000.0,2016-07-21,44948680000.0,4.5229100422620245,3.2531432293551457,0.3073950113774194,1.1206611570247933,33.230383480825964
2016-08-01,PYPL.OQ,37.43,37.44,36.91,37.06,37.06,1433383,44728381784.14,1215000000.0,11.4473902236951,1207000000.0,0.26694,0.26584,323000000.0,2016-06-30,2650000000.0,1210000000.0,9938000000.0,1356000000.0,2016-07-21,44731420000.0,4.501048500704367,3.237419121372226,0.30888802546398003,1.1206611570247933,33.069764011799414
2016-08-02,PYPL.OQ,37.06,37.08,36.365,36.54,36.54,1674197,44100784414.26,1215000000.0,11.4473902236951,1207000000.0,0.26694,0.26584,323000000.0,2016-06-30,2650000000.0,1210000000.0,9938000000.0,1356000000.0,2016-07-21,44103780000.0,4.4378929362044675,3.1919939205326804,0.31328380469882594,1.1206611570247933,32.60575221238938
2016-08-03,PYPL.OQ,36.59,36.68,36.3,36.58,36.58,2039122,44149061135.02,1215000000.0,11.4473902236951,1207000000.0,0.26694,0.26584,323000000.0,2016-06-30,2650000000.0,1210000000.0,9938000000.0,1356000000.0,2016-07-21,44152060000.0,4.442751056550613,3.195488166751107,0.31294123082818753,1.1206611570247933,32.64144542772861
2016-08-04,PYPL.OQ,36.82,37.38,36.74,37.3,37.3,1776507,45018042108.7,1215000000.0,11.4473902236951,1207000000.0,0.26694,0.26584,323000000.0,2016-06-30,2650000000.0,1210000000.0,9938000000.0,1356000000.0,2016-07-21,45021100000.0,4.5301972227812435,3.258384598682785,0.3069005421902172,1.1206611570247933,33.28392330383481
2016-08-05,PYPL.OQ,37.55,38.14,37.55,38.1,38.1,1946385,45983576523.9,1215000000.0,11.4473902236951,1207000000.0,0.26694,0.26584,323000000.0,2016-06-30,2650000000.0,1210000000.0,9938000000.0,1356000000.0,2016-07-21,45986700000.0,4.6273596297041655,3.328269523051317,0.30045643631745667,1.1206611570247933,33.997787610619476
2016-08-08,PYPL.OQ,38.19,38.29,37.66,37.91,37.91,1683740,45754262100.2899,1215000000.0,11.4473902236951,1207000000.0,0.26694,0.26584,323000000.0,2016-06-30,2650000000.0,1210000000.0,9938000000.0,1356000000.0,2016-07-21,45757369999.99999,4.604283558059971,3.3116718535137903,0.3019622849827249,1.1206611570247933,33.82824483775811
2016-08-09,PYPL.OQ,38.03,38.14,37.88,38.1,38.1,1316066,45983576523.9,1215000000.0,11.4473902236951,1207000000.0,0.26694,0.26584,323000000.0,2016-06-30,2650000000.0,1210000000.0,9938000000.0,1356000000.0,2016-07-21,45986700000.0,4.6273596297041655,3.328269523051317,0.30045643631745667,1.1206611570247933,33.997787610619476
2016-08-10,PYPL.OQ,38.02,38.245,37.92,38.07,38.07,1279906,45947368983.33,1215000000.0,11.4473902236951,1207000000.0,0.26694,0.26584,323000000.0,2016-06-30,2650000000.0,1210000000.0,9938000000.0,1356000000.0,2016-07-21,45950490000.0,4.623716039444556,3.325648838387497,0.3006932026187313,1.1206611570247933,33.971017699115045
2016-08-11,PYPL.OQ,38.19,38.485,38.11,38.46,38.46,1578050,46418067010.74,1215000000.0,11.4473902236951,1207000000.0,0.26694,0.26584,323000000.0,2016-06-30,2650000000.0,1210000000.0,9938000000.0,1356000000.0,2016-07-21,46421220000.0,4.671082712819481,3.359717739017156,0.2976440515781357,1.1206611570247933,34.31902654867257
2016-08-12,PYPL.OQ,38.3,38.63,38.13,38.51,38.51,1623502,46478412911.6899,1215000000.0,11.4473902236951,1207000000.0,0.26694,0.26584,323000000.0,2016-06-30,2650000000.0,1210000000.0,9938000000.0,1356000000.0,2016-07-21,46481570000.0,4.677155363252163,3.3640855467901893,0.2972576012385121,1.1206611570247933,34.36364306784661
2016-08-15,PYPL.OQ,38.51,38.6,38.36,38.46,38.46,1208218,46418067010.74,1215000000.0,11.4473902236951,1207000000.0,0.26694,0.26584,323000000.0,2016-06-30,2650000000.0,1210000000.0,9938000000.0,1356000000.0,2016-07-21,46421220000.0,4.671082712819481,3.359717739017156,0.2976440515781357,1.1206611570247933,34.31902654867257
2016-08-16,PYPL.OQ,38.28,38.52,38.15,38.38,38.38,1406119,46321513569.22,1215000000.0,11.4473902236951,1207000000.0,0.26694,0.26584,323000000.0,2016-06-30,2650000000.0,1210000000.0,9938000000.0,1356000000.0,2016-07-21,46324660000.0,4.661366472127188,3.3527292465803034,0.2982644664850208,1.1206611570247933,34.2476401179941
2016-08-17,PYPL.OQ,38.28,38.35,37.89,38.14,38.14,1447700,46031853244.66,1215000000.0,11.4473902236951,1207000000.0,0.26694,0.26584,323000000.0,2016-06-30,2650000000.0,1210000000.0,9938000000.0,1356000000.0,2016-07-21,46034980000.0,4.632217750050312,3.3317637692697435,0.30014132731240434,1.1206611570247933,34.033480825958705
2016-08-18,PYPL.OQ,38.07,38.375,37.95,38.22,38.22,793698,46128406686.18,1215000000.0,11.4473902236951,1207000000.0,0.26694,0.26584,323000000.0,2016-06-30,2650000000.0,1210000000.0,9938000000.0,1356000000.0,2016-07-21,46131540000.0,4.641933990742604,3.338752261706597,0.29951308800876764,1.1206611570247933,34.10486725663717
2016-08-19,PYPL.OQ,38.02,38.18,37.9,38.09,38.09,1688898,45971507343.71,1215000000.0,11.4473902236951,1207000000.0,0.26694,0.26584,323000000.0,2016-06-30,2650000000.0,1210000000.0,9938000000.0,1356000000.0,2016-07-21,45974630000.00001,4.62614509961763,3.327395961496711,0.30053531697808084,1.1206611570247933,33.98886430678467
2016-08-22,PYPL.OQ,37.93,38.2,37.66,38.11,38.11,1279197,45995645704.09,1215000000.0,11.4473902236951,1207000000.0,0.26694,0.26584,323000000.0,2016-06-30,2650000000.0,1210000000.0,9938000000.0,1356000000.0,2016-07-21,45998770000.0,4.628574159790702,3.329143084605924,0.30037759705313827,1.1206611570247933,34.00671091445428
2016-08-23,PYPL.OQ,38.29,38.41,37.8,37.86,37.86,1326571,45693916199.34,1215000000.0,11.4473902236951,1207000000.0,0.26694,0.26584,323000000.0,2016-06-30,2650000000.0,1210000000.0,9938000000.0,1356000000.0,2016-07-21,45697020000.0,4.598210907627289,3.3073040457407576,0.3023610729977575,1.1206611570247933,33.78362831858407
2016-08-24,PYPL.OQ,37.81,37.94,37.41,37.52,37.52,1405459,45283564072.88,1215000000.0,11.4473902236951,1207000000.0,0.26694,0.26584,323000000.0,2016-06-30,2650000000.0,1210000000.0,9938000000.0,1356000000.0,2016-07-21,45286640000.0,4.556916884685047,3.277602952884132,0.30510101875519985,1.1206611570247933,33.4802359882006
2016-08-25,PYPL.OQ,37.5,37.57,37.25,37.51,37.51,1099488,45271494892.6899,1215000000.0,11.4473902236951,1207000000.0,0.26694,0.26584,323000000.0,2016-06-30,2650000000.0,1210000000.0,9938000000.0,1356000000.0,2016-07-21,45274570000.0,4.555702354598511,3.276729391329525,0.3051823573365796,1.1206611570247933,33.471312684365785
2016-08-26,PYPL.OQ,37.59,37.84,37.38,37.65,37.65,1114393,45440463415.35,1215000000.0,11.4473902236951,1207000000.0,0.26694,0.26584,323000000.0,2016-06-30,2650000000.0,1210000000.0,9938000000.0,1356000000.0,2016-07-21,45443550000.0,4.5727057758100225,3.288959253094018,0.3040475491021275,1.1206611570247933,33.5962389380531
2016-08-29,PYPL.OQ,37.61,37.64,37.27,37.29,37.29,1062524,45005972928.51,1215000000.0,11.4473902236951,1207000000.0,0.26694,0.26584,323000000.0,2016-06-30,2650000000.0,1210000000.0,9938000000.0,1356000000.0,2016-07-21,45009030000.0,4.528982692694707,3.257511037128179,0.3069828432205712,1.1206611570247933,33.275
2016-08-30,PYPL.OQ,37.4,37.52,36.99,37.0,37.0,1885803,44655966703.0,1215000000.0,11.4473902236951,1207000000.0,0.26694,0.26584,323000000.0,2016-06-30,2650000000.0,1210000000.0,9938000000.0,1356000000.0,2016-07-21,44659000000.0,4.493761320185148,3.2321777520445862,0.3093889249647324,1.1206611570247933,33.01622418879057
2016-08-31,PYPL.OQ,37.0,37.24,36.84,37.15,37.15,1602727,44837004405.85,1215000000.0,11.4473902236951,1207000000.0,0.26694,0.26584,323000000.0,2016-06-30,2650000000.0,1210000000.0,9938000000.0,1356000000.0,2016-07-21,44840050000.0,4.511979271483196,3.2452811753636857,0.308139709924498,1.1206611570247933,33.150073746312685
2016-09-01,PYPL.OQ,37.27,37.32,36.585,36.83,36.83,1885465,44450790639.77,1215000000.0,11.4473902236951,1207000000.0,0.26694,0.26584,323000000.0,2016-06-30,2650000000.0,1210000000.0,9938000000.0,1356000000.0,2016-07-21,44453810000.0,4.473114308714027,3.217327205616273,0.3108170030870242,1.1206611570247933,32.86452802359882
2016-09-02,PYPL.OQ,37.01,37.12,36.7,37.07,37.07,1658145,44740450964.33,1215000000.0,11.4473902236951,1207000000.0,0.26694,0.26584,323000000.0,2016-06-30,2650000000.0,1210000000.0,9938000000.0,1356000000.0,2016-07-21,44743490000.0,4.502263030790903,3.238292682926833,0.30880469985689507,1.1206611570247933,33.07868731563422
2016-09-06,PYPL.OQ,37.05,37.64,37.05,37.18,37.18,1914330,44873211946.42,1215000000.0,11.4473902236951,1207000000.0,0.26694,0.26584,323000000.0,2016-06-30,2650000000.0,1210000000.0,9938000000.0,1356000000.0,2016-07-21,44876260000.0,4.515622861742806,3.247901860027506,0.3078910764845374,1.1206611570247933,33.17684365781711
2016-09-07,PYPL.OQ,37.27,38.58,37.26,38.56,38.56,2473005,46538758812.64,1215000000.0,11.4473902236951,1207000000.0,0.26694,0.26584,323000000.0,2016-06-30,2650000000.0,1210000000.0,9938000000.0,1356000000.0,2016-07-21,46541920000.0,4.683228013684846,3.368453354563223,0.296872153104126,1.1206611570247933,34.40825958702065
2016-09-08,PYPL.OQ,38.58,39.33,38.53,39.27,39.27,3010335,47395670606.13,1215000000.0,11.4473902236951,1207000000.0,0.26694,0.26584,323000000.0,2016-06-30,2650000000.0,1210000000.0,9938000000.0,1356000000.0,2016-07-21,47398890000.0,4.769459649828939,3.430476224940295,0.2915047166716348,1.1206611570247933,35.04181415929204
2016-09-09,PYPL.OQ,38.75,39.01,37.92,38.01,38.01,2725126,45874953902.1899,1215000000.0,11.4473902236951,1207000000.0,0.26694,0.26584,323000000.0,2016-06-30,2650000000.0,1210000000.0,9938000000.0,1356000000.0,2016-07-21,45878070000.0,4.616428858925337,3.320407469059857,0.30116785645080507,1.1206611570247933,33.9174778761062
2016-09-12,PYPL.OQ,37.65,38.84,37.55,38.77,38.77,2218056,46792211596.63,1215000000.0,11.4473902236951,1207000000.0,0.26694,0.26584,323000000.0,2016-06-30,2650000000.0,1210000000.0,9938000000.0,1356000000.0,2016-07-21,46795390000.0,4.708733145502113,3.3867981472099626,0.29526412751341496,1.1206611570247933,34.595648967551625
2016-09-13,PYPL.OQ,38.67,40.33,38.415,39.86,39.86,4646948,48107752237.34,1215000000.0,11.4473902236951,1207000000.0,0.26694,0.26584,323000000.0,2016-06-30,2650000000.0,1210000000.0,9938000000.0,1356000000.0,2016-07-21,48111020000.0,4.841116924934594,3.4820163566620863,0.2871899203134747,1.1206611570247933,35.56828908554572
2016-09-14,PYPL.OQ,39.99,40.28,39.54,39.96,39.96,2905697,48228444039.24,1215000000.0,11.4473902236951,1207000000.0,0.26694,0.26584,323000000.0,2016-06-30,2650000000.0,1210000000.0,9938000000.0,1356000000.0,2016-07-21,48231720000.0,4.85326222579996,3.490751972208153,0.2864712268191967,1.1206611570247933,35.657522123893806
2016-09-15,PYPL.OQ,40.15,41.14,39.88,40.83,40.83,3352599,49278462715.77,1215000000.0,11.4473902236951,1207000000.0,0.26694,0.26584,323000000.0,2016-06-30,2650000000.0,1210000000.0,9938000000.0,1356000000.0,2016-07-21,49281810000.0,4.9589263433286375,3.5667518274589307,0.280367137489471,1.1206611570247933,36.43384955752212
2016-09-16,PYPL.OQ,40.71,40.88,40.33,40.7,40.7,5404714,49121563373.3,1215000000.0,11.4473902236951,1207000000.0,0.26694,0.26584,323000000.0,2016-06-30,2650000000.0,1210000000.0,9938000000.0,1356000000.0,2016-07-21,49124900000.0,4.943137452203663,3.5553955272490447,0.2812626590588477,1.1206611570247933,36.31784660766962
2016-09-19,PYPL.OQ,40.24,40.46,39.76,40.01,40.01,2544627,48288789940.1899,1215000000.0,11.4473902236951,1207000000.0,0.26694,0.26584,323000000.0,2016-06-30,2650000000.0,1210000000.0,9938000000.0,1356000000.0,2016-07-21,48292070000.0,4.8593348762326425,3.495119779981186,0.2861132272855561,1.1206611570247933,35.70213864306785
2016-09-20,PYPL.OQ,40.06,40.28,39.67,39.69,39.69,1705281,47902576174.11,1215000000.0,11.4473902236951,1207000000.0,0.26694,0.26584,323000000.0,2016-06-30,2650000000.0,1210000000.0,9938000000.0,1356000000.0,2016-07-21,47905830000.0,4.820469913463474,3.4671658102337735,0.2884200106751096,1.1206611570247933,35.416592920353985
2016-09-21,PYPL.OQ,39.86,40.38,39.7,40.29,40.29,1554404,48626726985.51,1215000000.0,11.4473902236951,1207000000.0,0.26694,0.26584,323000000.0,2016-06-30,2650000000.0,1210000000.0,9938000000.0,1356000000.0,2016-07-21,48630030000.0,4.893341718655665,3.519579503510172,0.2841248504267833,1.1206611570247933,35.95199115044248
2016-09-22,PYPL.OQ,40.45,40.655,40.14,40.49,40.49,1377450,48868110589.31,1215000000.0,11.4473902236951,1207000000.0,0.26694,0.26584,323000000.0,2016-06-30,2650000000.0,1210000000.0,9938000000.0,1356000000.0,2016-07-21,48871430000.0,4.917632320386396,3.5370507346023055,0.2827214182191924,1.1206611570247933,36.13045722713865
2016-09-23,PYPL.OQ,40.14,40.49,39.85,40.07,40.07,1686855,48361205021.33,1215000000.0,11.4473902236951,1207000000.0,0.26694,0.26584,323000000.0,2016-06-30,2650000000.0,1210000000.0,9938000000.0,1356000000.0,2016-07-21,48364490000.0,4.866622056751861,3.500361149308826,0.2856848071798128,1.1206611570247933,35.7556784660767
2016-09-26,PYPL.OQ,39.98,40.51,39.78,40.34,40.34,2086391,48687072886.46,1215000000.0,11.4473902236951,1207000000.0,0.26694,0.26584,323000000.0,2016-06-30,2650000000.0,1210000000.0,9938000000.0,1356000000.0,2016-07-21,48690380000.00001,4.8994143690883485,3.5239473112832056,0.28377268774653197,1.1206611570247933,35.99660766961652
2016-09-27,PYPL.OQ,40.32,41.225,40.2,41.06,41.06,2414820,49556053860.14,1215000000.0,11.4473902236951,1207000000.0,0.26694,0.26584,323000000.0,2016-06-30,2650000000.0,1210000000.0,9938000000.0,1356000000.0,2016-07-21,49559420000.0,4.986860535318978,3.586843743214884,0.2787966445127886,1.1206611570247933,36.63908554572272
2016-09-28,PYPL.OQ,41.15,41.19,40.22,40.97,40.97,1917188,49447431238.43,1215000000.0,11.4473902236951,1207000000.0,0.26694,0.26584,323000000.0,2016-06-30,2650000000.0,1210000000.0,9938000000.0,1356000000.0,2016-07-21,49450790000.0,4.975929764540149,3.578981689223424,0.27940908527447156,1.1206611570247933,36.55877581120944
2016-09-29,PYPL.OQ,40.91,41.3,40.36,40.39,40.39,1838303,48747418787.41,1215000000.0,11.4473902236951,1207000000.0,0.26694,0.26584,323000000.0,2016-06-30,2650000000.0,1210000000.0,9938000000.0,1356000000.0,2016-07-21,48750730000.0,4.90548701952103,3.5283151190562387,0.28342139697190144,1.1206611570247933,36.041224188790565
2016-09-30,PYPL.OQ,40.29,41.05,40.29,40.97,40.97,3727292,49447431238.43,1215000000.0,11.4473902236951,1207000000.0,0.26694,0.26584,323000000.0,2016-06-30,2650000000.0,1210000000.0,9938000000.0,1356000000.0,2016-07-21,49450790000.0,4.975929764540149,3.578981689223424,0.27940908527447156,1.1206611570247933,36.55877581120944
2016-10-03,PYPL.OQ,40.87,41.2,40.16,40.59,40.59,1809795,48988802391.21,1215000000.0,11.4473902236951,1207000000.0,0.26694,0.26584,323000000.0,2016-06-30,2650000000.0,1210000000.0,9938000000.0,1356000000.0,2016-07-21,48992130000.00001,4.929777621251762,3.5457863501483717,0.2820248884871914,1.1206611570247933,36.21969026548673
2016-10-04,PYPL.OQ,40.8,41.045,40.46,40.78,40.78,1494847,49218116814.82,1215000000.0,11.4473902236951,1207000000.0,0.26694,0.26584,323000000.0,2016-06-30,2650000000.0,1210000000.0,9938000000.0,1356000000.0,2016-07-21,49221460000.0,4.952853692895955,3.562384019685898,0.2807108931754561,1.1206611570247933,36.38923303834809
2016-10-05,PYPL.OQ,40.9,40.94,40.4,40.44,40.44,1464354,48807764688.36,1215000000.0,11.4473902236951,1207000000.0,0.26694,0.26584,323000000.0,2016-06-30,2650000000.0,1210000000.0,9938000000.0,1356000000.0,2016-07-21,48811080000.0,4.911559669953713,3.532682926829272,0.2830709748688205,1.1206611570247933,36.0858407079646
2016-10-06,PYPL.OQ,40.36,40.39,39.86,40.18,40.18,1485221,48493966003.42,1215000000.0,11.4473902236951,1207000000.0,0.26694,0.26584,323000000.0,2016-06-30,2650000000.0,1210000000.0,9938000000.0,1356000000.0,2016-07-21,48497260000.0,4.879981887703764,3.509970326409499,0.2849026934717546,1.1206611570247933,35.85383480825959
2016-10-07,PYPL.OQ,40.36,40.42,39.63,39.88,39.88,1736188,48131890597.72,1215000000.0,11.4473902236951,1207000000.0,0.26694,0.26584,323000000.0,2016-06-30,2650000000.0,1210000000.0,9938000000.0,1356000000.0,2016-07-21,48135160000.0,4.843545985107667,3.4837634797713,0.28704589327219404,1.1206611570247933,35.58613569321535
2016-10-10,PYPL.OQ,39.88,39.99,39.6,39.86,39.86,1514015,48107752237.34,1215000000.0,11.4473902236951,1207000000.0,0.26694,0.26584,323000000.0,2016-06-30,2650000000.0,1210000000.0,9938000000.0,1356000000.0,2016-07-21,48111020000.0,4.841116924934594,3.4820163566620863,0.2871899203134747,1.1206611570247933,35.56828908554572
2016-10-11,PYPL.OQ,39.93,40.06,38.96,39.19,39.19,2156804,47299117164.61,1215000000.0,11.4473902236951,1207000000.0,0.26694,0.26584,323000000.0,2016-06-30,2650000000.0,1210000000.0,9938000000.0,1356000000.0,2016-07-21,47302330000.0,4.7597434091366475,3.423487732503441,0.2920997760575427,1.1206611570247933,34.97042772861357
2016-10-12,PYPL.OQ,39.34,39.79,39.3,39.53,39.53,1755065,47709469291.07,1215000000.0,11.4473902236951,1207000000.0,0.26694,0.26584,323000000.0,2016-06-30,2650000000.0,1210000000.0,9938000000.0,1356000000.0,2016-07-21,47712710000.0,4.801037432078889,3.4531888253600673,0.28958740763205415,1.1206611570247933,35.27382005899705
2016-10-13,PYPL.OQ,39.32,39.4,38.75,39.2,39.2,1578163,47311186344.8,1215000000.0,11.4473902236951,1207000000.0,0.26694,0.26584,323000000.0,2016-06-30,2650000000.0,1210000000.0,9938000000.0,1356000000.0,2016-07-21,47314400000.0,4.760957939223184,3.4243612940580483,0.29202526080854846,1.1206611570247933,34.979351032448385
2016-10-14,PYPL.OQ,39.46,39.88,39.23,39.24,39.24,1943441,47359463065.56,1215000000.0,11.4473902236951,1207000000.0,0.26694,0.26584,323000000.0,2016-06-30,2650000000.0,1210000000.0,9938000000.0,1356000000.0,2016-07-21,47362680000.0,4.76581605956933,3.4278555402764748,0.29172757960487,1.1206611570247933,35.015044247787614
2016-10-17,PYPL.OQ,39.25,39.62,39.16,39.48,39.48,1497202,47649123390.1199,1215000000.0,11.4473902236951,1207000000.0,0.26694,0.26584,323000000.0,2016-06-30,2650000000.0,1210000000.0,9938000000.0,1356000000.0,2016-07-21,47652360000.0,4.794964781646207,3.4488210175870337,0.2899541596680623,1.1206611570247933,35.22920353982301
2016-10-18,PYPL.OQ,40.0,40.18,39.785,39.83,39.83,1552568,48071544696.77,1215000000.0,11.4473902236951,1207000000.0,0.26694,0.26584,323000000.0,2016-06-30,2650000000.0,1210000000.0,9938000000.0,1356000000.0,2016-07-21,48074810000.0,4.837473334674985,3.4793956719982666,0.287406232078712,1.1206611570247933,35.5415191740413
2016-10-19,PYPL.OQ,39.97,40.47,39.89,40.24,40.24,1512369,48555431659.84,1215000000.0,11.4473902236951,1207000000.0,0.26694,0.26584,323000000.0,2016-06-30,2650000000.0,1210000000.0,9938000000.0,1356000000.0,2016-07-21,48569680000.0,4.887269068222983,3.5152116957371393,0.2844778882628007,1.1206611570247933,35.90737463126844
2016-10-20,PYPL.OQ,40.24,40.29,39.82,40.09,40.09,2747002,48374434772.44,1214000000.0,11.7678275290216,1206000000.0,0.24441,0.26606,323000000.0,2016-09-30,2639000000.0,1207000000.0,10357000000.0,1378000000.0,2016-10-20,48348540000.00001,4.668199285507387,3.4067460541149828,0.2935352339491544,1.1416735708367853,35.1151161103048
2016-10-21,PYPL.OQ,41.85,44.23,41.85,44.15,44.15,8442395,53273417191.4,1214000000.0,11.7678275290216,1206000000.0,0.24441,0.26606,323000000.0,2016-09-30,2639000000.0,1207000000.0,10357000000.0,1378000000.0,2016-10-20,53244900000.0,5.14095780631457,3.75175450958285,0.266541959887239,1.1416735708367853,38.671298984034834
2016-10-24,PYPL.OQ,43.98,44.52,43.14,43.87,43.87,4754141,52935556334.92,1214000000.0,11.7678275290216,1206000000.0,0.24441,0.26606,323000000.0,2016-09-30,2639000000.0,1207000000.0,10357000000.0,1378000000.0,2016-10-20,52907220000.0,5.108353770396833,3.7279608229988592,0.2682431622753955,1.1416735708367853,38.42604499274311
2016-10-25,PYPL.OQ,43.67,44.065,43.0,43.31,43.31,2232107,52259834621.96,1214000000.0,11.7678275290216,1206000000.0,0.24441,0.26606,323000000.0,2016-09-30,2639000000.0,1207000000.0,10357000000.0,1378000000.0,2016-10-20,52231860000.0,5.04314569856136,3.6803734498308778,0.27171155689267146,1.1416735708367853,37.935537010159656
2016-10-26,PYPL.OQ,43.0,43.21,42.32,42.33,42.33,2386432,51077321624.28,1214000000.0,11.7678275290216,1206000000.0,0.24441,0.26606,323000000.0,2016-09-30,2639000000.0,1207000000.0,10357000000.0,1378000000.0,2016-10-20,51049980000.0,4.929031572849281,3.5970955467869095,0.2780020677775006,1.1416735708367853,37.077148040638605
2016-10-27,PYPL.OQ,42.55,42.55,41.63,41.69,41.69,2217264,50305068238.04,1214000000.0,11.7678275290216,1206000000.0,0.24441,0.26606,323000000.0,2016-09-30,2639000000.0,1207000000.0,10357000000.0,1378000000.0,2016-10-20,50278140000.0,4.854508062180168,3.542709977452073,0.2822697896143344,1.1416735708367853,36.51656748911466
2016-10-28,PYPL.OQ,41.86,41.98,41.07,41.76,41.76,3244293,50389533452.1599,1214000000.0,11.7678275290216,1206000000.0,0.24441,0.26606,323000000.0,2016-09-30,2639000000.0,1207000000.0,10357000000.0,1378000000.0,2016-10-20,50362560000.0,4.8626590711596025,3.5486583990980707,0.2817966362313602,1.1416735708367853,36.57788098693759
2016-10-31,PYPL.OQ,41.78,41.99,41.36,41.66,41.66,1889954,50268868860.56,1214000000.0,11.7678275290216,1206000000.0,0.24441,0.26606,323000000.0,2016-09-30,2639000000.0,1207000000.0,10357000000.0,1378000000.0,2016-10-20,50241959999.99999,4.851014772617552,3.5401606538895023,0.28247305638554016,1.1416735708367853,36.49029027576197
2016-11-01,PYPL.OQ,41.7,42.29,41.29,41.54,41.54,1903853,50124071350.64,1214000000.0,11.7678275290216,1206000000.0,0.24441,0.26606,323000000.0,2016-09-30,2639000000.0,1207000000.0,10357000000.0,1378000000.0,2016-10-20,50097240000.0,4.837041614367095,3.529963359639221,0.2832890594372075,1.1416735708367853,36.38518142235124
2016-11-02,PYPL.OQ,41.43,41.565,41.09,41.35,41.35,1748849,49894808626.6,1214000000.0,11.7678275290216,1206000000.0,0.24441,0.26606,323000000.0,2016-09-30,2639000000.0,1207000000.0,10357000000.0,1378000000.0,2016-10-20,49868100000.0,4.814917447137202,3.5138176437429416,0.284590750399555,1.1416735708367853,36.21875907111757
2016-11-03,PYPL.OQ,41.32,41.5,40.93,41.19,41.19,1619141,49701745280.04,1214000000.0,11.7678275290216,1206000000.0,0.24441,0.26606,323000000.0,2016-09-30,2639000000.0,1207000000.0,10357000000.0,1378000000.0,2016-10-20,49675140000.0,4.796286569469924,3.500221251409232,0.28569622551642637,1.1416735708367853,36.078613933236575
2016-11-04,PYPL.OQ,40.72,41.485,40.59,40.9,40.9,1832982,49351817964.4,1214000000.0,11.7678275290216,1206000000.0,0.24441,0.26606,323000000.0,2016-09-30,2639000000.0,1207000000.0,10357000000.0,1378000000.0,2016-10-20,49325400000.0,4.762518103697982,3.4755777903043845,0.2877219444748558,1.1416735708367853,35.82460087082729
2016-11-07,PYPL.OQ,41.52,41.58,41.06,41.28,41.28,1673895,49810343412.48,1214000000.0,11.7678275290216,1206000000.0,0.24441,0.26606,323000000.0,2016-09-30,2639000000.0,1207000000.0,10357000000.0,1378000000.0,2016-10-20,49783680000.0,4.8067664381577675,3.507869222096944,0.28507334130381784,1.1416735708367853,36.15744557329463
2016-11-08,PYPL.OQ,41.41,42.15,41.28,41.58,41.58,1712901,50172337187.28,1214000000.0,11.7678275290216,1206000000.0,0.24441,0.26606,323000000.0,2016-09-30,2639000000.0,1207000000.0,10357000000.0,1378000000.0,2016-10-20,50145480000.0,4.8416993337839145,3.533362457722648,0.2830165350895046,1.1416735708367853,36.42021770682148
2016-11-09,PYPL.OQ,40.6,41.46,40.58,41.26,41.26,2514572,49786210494.1599,1214000000.0,11.7678275290216,1206000000.0,0.24441,0.26606,323000000.0,2016-09-30,2639000000.0,1207000000.0,10357000000.0,1378000000.0,2016-10-20,49759560000.0,4.804437578449358,3.50616967305523,0.28521152518229764,1.1416735708367853,36.139927431059505
2016-11-10,PYPL.OQ,41.4,41.7,39.58,40.45,40.45,3069524,48808827302.2,1214000000.0,11.7678275290216,1206000000.0,0.24441,0.26606,323000000.0,2016-09-30,2639000000.0,1207000000.0,10357000000.0,1378000000.0,2016-10-20,48782700000.0,4.710118760258762,3.437337936865828,0.2909228066507194,1.1416735708367853,35.43044267053701
2016-11-11,PYPL.OQ,40.16,40.64,39.81,40.08,40.08,2452807,48362368313.28,1214000000.0,11.7678275290216,1206000000.0,0.24441,0.26606,323000000.0,2016-09-30,2639000000.0,1207000000.0,10357000000.0,1378000000.0,2016-10-20,48336480000.0,4.667034855653181,3.4058962795941254,0.29360847128297407,1.1416735708367853,35.10635703918723
2016-11-14,PYPL.OQ,40.04,40.07,38.46,38.81,38.81,3466082,46829927999.96,1214000000.0,11.7678275290216,1206000000.0,0.24441,0.26606,323000000.0,2016-09-30,2639000000.0,1207000000.0,10357000000.0,1378000000.0,2016-10-20,46804860000.0,4.519152264169161,3.2979749154453097,0.30321637539349655,1.1416735708367853,33.9939550072569
2016-11-15,PYPL.OQ,39.04,39.48,38.9,38.94,38.94,3118398,46986791969.04,1214000000.0,11.7678275290216,1206000000.0,0.24441,0.26606,323000000.0,2016-09-30,2639000000.0,1207000000.0,10357000000.0,1378000000.0,2016-10-20,46961640000.0,4.534289852273824,3.3090219842164483,0.30220409679048793,1.1416735708367853,34.10782293178519
2016-11-16,PYPL.OQ,39.05,39.2,38.71,39.07,39.07,2764419,47143655938.12,1214000000.0,11.7678275290216,1206000000.0,0.24441,0.26606,323000000.0,2016-09-30,2639000000.0,1207000000.0,10357000000.0,1378000000.0,2016-10-20,47118420000.0,4.549427440378488,3.320069052987587,0.30119855462046585,1.1416735708367853,34.2216908563135
2016-11-17,PYPL.OQ,39.12,40.05,38.97,39.88,39.88,2484233,48121039130.08,1214000000.0,11.7678275290216,1206000000.0,0.24441,0.26606,323000000.0,2016-09-30,2639000000.0,1207000000.0,10357000000.0,1378000000.0,2016-10-20,48095280000.0,4.643746258569084,3.3889007891769896,0.2950809310185958,1.1416735708367853,34.931175616836
2016-11-18,PYPL.OQ,40.08,40.57,39.91,40.08,40.08,2658820,48362368313.28,1214000000.0,11.7678275290216,1206000000.0,0.24441,0.26606,323000000.0,2016-09-30,2639000000.0,1207000000.0,10357000000.0,1378000000.0,2016-10-20,48336480000.0,4.667034855653181,3.4058962795941254,0.29360847128297407,1.1416735708367853,35.10635703918723
2016-11-21,PYPL.OQ,40.12,40.765,40.12,40.63,40.63,1703845,49026023567.08,1214000000.0,11.7678275290216,1206000000.0,0.24441,0.26606,323000000.0,2016-09-30,2639000000.0,1207000000.0,10357000000.0,1378000000.0,2016-10-20,48999780000.0,4.73107849763445,3.452633878241251,0.2896339534585675,1.1416735708367853,35.58810595065312
2016-11-22,PYPL.OQ,40.92,41.1,39.955,40.33,40.33,1747682,48664029792.28,1214000000.0,11.7678275290216,1206000000.0,0.24441,0.26606,323000000.0,2016-09-30,2639000000.0,1207000000.0,10357000000.0,1378000000.0,2016-10-20,48637980000.0,4.696145602008303,3.4271406426155457,0.2917884336479445,1.1416735708367853,35.32533381712627
2016-11-23,PYPL.OQ,40.31,40.36,39.86,40.05,40.05,1354391,48326168935.7999,1214000000.0,11.7678275290216,1206000000.0,0.24441,0.26606,323000000.0,2016-09-30,2639000000.0,1207000000.0,10357000000.0,1378000000.0,2016-10-20,48300300000.0,4.663541566090567,3.403346956031555,0.29382840272213734,1.1416735708367853,35.080079825834545
2016-11-25,PYPL.OQ,40.3,40.33,40.03,40.26,40.26,851465,48579564578.1599,1214000000.0,11.7678275290216,1206000000.0,0.24441,0.26606,323000000.0,2016-09-30,2639000000.0,1207000000.0,10357000000.0,1378000000.0,2016-10-20,48553560000.0,4.687994593028869,3.421192220969548,0.2922957657481769,1.1416735708367853,35.26402031930334
2016-11-28,PYPL.OQ,40.26,40.48,39.925,39.96,39.96,1288734,48217570803.36,1214000000.0,11.7678275290216,1206000000.0,0.24441,0.26606,323000000.0,2016-09-30,2639000000.0,1207000000.0,10357000000.0,1378000000.0,2016-10-20,48191760000.0,4.653061697402723,3.3956989853438437,0.2944901784039439,1.1416735708367853,35.00124818577649
2016-11-29,PYPL.OQ,40.07,40.36,39.8,39.89,39.89,1567965,48133105589.24,1214000000.0,11.7678275290216,1206000000.0,0.24441,0.26606,323000000.0,2016-09-30,2639000000.0,1207000000.0,10357000000.0,1378000000.0,2016-10-20,48107340000.0,4.6449106884232885,3.389750563697846,0.29500695735827526,1.1416735708367853,34.93993468795356
2016-11-30,PYPL.OQ,39.92,40.02,39.18,39.28,39.28,3052174,47397051580.48,1214000000.0,11.7678275290216,1206000000.0,0.24441,0.26606,323000000.0,2016-09-30,2639000000.0,1207000000.0,10357000000.0,1378000000.0,2016-10-20,47371680000.0,4.5738804673167905,3.33791431792558,0.29958827721541753,1.1416735708367853,34.4056313497823
2016-12-01,PYPL.OQ,39.29,39.68,38.185,38.34,38.34,2526264,46262804419.44,1214000000.0,11.7678275290216,1206000000.0,0.24441,0.26606,323000000.0,2016-09-30,2639000000.0,1207000000.0,10357000000.0,1378000000.0,2016-10-20,46238040000.00001,4.464424061021532,3.2580355129650393,0.30693342537875845,1.1416735708367853,33.5822786647315
2016-12-02,PYPL.OQ,38.19,38.75,38.06,38.62,38.62,1878282,46600665275.92,1214000000.0,11.7678275290216,1206000000.0,0.24441,0.26606,323000000.0,2016-09-30,2639000000.0,1207000000.0,10357000000.0,1378000000.0,2016-10-20,46575720000.0,4.497028096939268,3.28182919954903,0.30470811830713623,1.1416735708367853,33.82753265602322
2016-12-05,PYPL.OQ,38.85,39.33,38.65,38.99,38.99,1449307,47047124264.84,1214000000.0,11.7678275290216,1206000000.0,0.24441,0.26606,323000000.0,2016-09-30,2639000000.0,1207000000.0,10357000000.0,1378000000.0,2016-10-20,47021940000.0,4.540112001544849,3.3132708568207327,0.30181655627139264,1.1416735708367853,34.15161828737301
2016-12-06,PYPL.OQ,39.01,39.25,38.72,38.98,38.98,1802731,47035057805.6799,1214000000.0,11.7678275290216,1206000000.0,0.24441,0.26606,323000000.0,2016-09-30,2639000000.0,1207000000.0,10357000000.0,1378000000.0,2016-10-20,47009880000.0,4.5389475716906444,3.3124210822998754,0.3018939848389328,1.1416735708367853,34.142859216255445
2016-12-07,PYPL.OQ,38.97,39.46,38.83,39.45,39.45,2245972,47602181386.2,1214000000.0,11.7678275290216,1206000000.0,0.24441,0.26606,323000000.0,2016-09-30,2639000000.0,1207000000.0,10357000000.0,1378000000.0,2016-10-20,47576700000.0,4.593675774838274,3.3523604847801463,0.29829727576734094,1.1416735708367853,34.55453555878085
2016-12-08,PYPL.OQ,39.64,40.0,39.46,39.61,39.61,1685137,47795244732.76,1214000000.0,11.7678275290216,1206000000.0,0.24441,0.26606,323000000.0,2016-09-30,2639000000.0,1207000000.0,10357000000.0,1378000000.0,2016-10-20,47769660000.0,4.612306652505552,3.365956877113855,0.2970923385261702,1.1416735708367853,34.694680696661834
2016-12-09,PYPL.OQ,39.64,39.78,39.375,39.65,39.65,1029347,47843510569.4,1214000000.0,11.7678275290216,1206000000.0,0.24441,0.26606,323000000.0,2016-09-30,2639000000.0,1207000000.0,10357000000.0,1378000000.0,2016-10-20,47817900000.0,4.616964371922371,3.369355975197282,0.2967926236827642,1.1416735708367853,34.72971698113208
2016-12-12,PYPL.OQ,39.5,39.9,39.35,39.43,39.43,1336327,47578048467.88,1214000000.0,11.7678275290216,1206000000.0,0.24441,0.26606,323000000.0,2016-09-30,2639000000.0,1207000000.0,10357000000.0,1378000000.0,2016-10-20,47552580000.0,4.591346915129864,3.3506609357384325,0.29844858049763123,1.1416735708367853,34.53701741654572
2016-12-13,PYPL.OQ,39.55,39.74,39.39,39.43,39.43,1594413,47578048467.88,1214000000.0,11.7678275290216,1206000000.0,0.24441,0.26606,323000000.0,2016-09-30,2639000000.0,1207000000.0,10357000000.0,1378000000.0,2016-10-20,47552580000.0,4.591346915129864,3.3506609357384325,0.29844858049763123,1.1416735708367853,34.53701741654572
2016-12-14,PYPL.OQ,39.46,39.89,39.46,39.55,39.55,1480805,47722845977.7999,1214000000.0,11.7678275290216,1206000000.0,0.24441,0.26606,323000000.0,2016-09-30,2639000000.0,1207000000.0,10357000000.0,1378000000.0,2016-10-20,47697300000.0,4.605320073380322,3.3608582299887138,0.29754304751002786,1.1416735708367853,34.64212626995646
2016-12-15,PYPL.OQ,39.57,40.29,39.36,39.54,39.54,2055291,47710779518.64,1214000000.0,11.7678275290216,1206000000.0,0.24441,0.26606,323000000.0,2016-09-30,2639000000.0,1207000000.0,10357000000.0,1378000000.0,2016-10-20,47685240000.0,4.604155643526117,3.3600084554678573,0.2976182986601315,1.1416735708367853,34.6333671988389
2016-12-16,PYPL.OQ,39.9,39.9,39.13,39.32,39.32,5014795,47445317417.12,1214000000.0,11.7678275290216,1206000000.0,0.24441,0.26606,323000000.0,2016-09-30,2639000000.0,1207000000.0,10357000000.0,1378000000.0,2016-10-20,47419920000.0,4.57853818673361,3.341313416009007,0.2992835078591455,1.1416735708367853,34.44066763425254
2016-12-19,PYPL.OQ,39.4,39.8,39.12,39.44,39.44,1102566,47590114927.04,1214000000.0,11.7678275290216,1206000000.0,0.24441,0.26606,323000000.0,2016-09-30,2639000000.0,1207000000.0,10357000000.0,1378000000.0,2016-10-20,47564640000.0,4.592511344984069,3.351510710259289,0.29837290895085194,1.1416735708367853,34.54577648766328
2016-12-20,PYPL.OQ,39.48,39.74,39.26,39.74,39.74,1114944,47952108701.84,1214000000.0,11.7678275290216,1206000000.0,0.24441,0.26606,323000000.0,2016-09-30,2639000000.0,1207000000.0,10357000000.0,1378000000.0,2016-10-20,47926440000.0,4.627444240610215,3.377003945884994,0.29612047128891794,1.1416735708367853,34.808548621190134
2016-12-21,PYPL.OQ,39.84,40.74,39.82,40.09,40.09,1936599,48374434772.44,1214000000.0,11.7678275290216,1206000000.0,0.24441,0.26606,323000000.0,2016-09-30,2639000000.0,1207000000.0,10357000000.0,1378000000.0,2016-10-20,48348540000.00001,4.668199285507387,3.4067460541149828,0.2935352339491544,1.1416735708367853,35.1151161103048
2016-12-22,PYPL.OQ,40.04,40.09,39.54,39.68,39.68,1457291,47879709946.88,1214000000.0,11.7678275290216,1206000000.0,0.24441,0.26606,323000000.0,2016-09-30,2639000000.0,1207000000.0,10357000000.0,1378000000.0,2016-10-20,47854080000.0,4.620457661484986,3.371905298759853,0.2965682340983266,1.1416735708367853,34.755994194484764
2016-12-23,PYPL.OQ,39.68,39.79,39.485,39.58,39.58,1166578,47759045355.28,1214000000.0,11.7678275290216,1206000000.0,0.24441,0.26606,323000000.0,2016-09-30,2639000000.0,1207000000.0,10357000000.0,1378000000.0,2016-10-20,47733480000.0,4.6088133629429375,3.3634075535512844,0.2973175222087317,1.1416735708367853,34.66840348330914
2016-12-27,PYPL.OQ,39.5,40.08,39.45,39.72,39.72,717541,47927975783.52,1214000000.0,11.7678275290216,1206000000.0,0.24441,0.26606,323000000.0,2016-09-30,2639000000.0,1207000000.0,10357000000.0,1378000000.0,2016-10-20,47902320000.0,4.625115380901805,3.37530439684328,0.2962695752523062,1.1416735708367853,34.79103047895501
2016-12-28,PYPL.OQ,39.76,40.03,39.54,39.57,39.57,970820,47746978896.12,1214000000.0,11.7678275290216,1206000000.0,0.24441,0.26606,323000000.0,2016-09-30,2639000000.0,1207000000.0,10357000000.0,1378000000.0,2016-10-20,47721420000.0,4.607648933088733,3.362557779030428,0.29739265931315645,1.1416735708367853,34.65964441219158
2016-12-29,PYPL.OQ,39.63,40.17,39.62,39.96,39.96,1004134,48217570803.36,1214000000.0,11.7678275290216,1206000000.0,0.24441,0.26606,323000000.0,2016-09-30,2639000000.0,1207000000.0,10357000000.0,1378000000.0,2016-10-20,48191760000.0,4.653061697402723,3.3956989853438437,0.2944901784039439,1.1416735708367853,35.00124818577649
2016-12-30,PYPL.OQ,39.96,40.06,39.35,39.47,39.47,1853233,47626314304.52,1214000000.0,11.7678275290216,1206000000.0,0.24441,0.26606,323000000.0,2016-09-30,2639000000.0,1207000000.0,10357000000.0,1378000000.0,2016-10-20,47600820000.0,4.596004634546683,3.3540600338218596,0.29814612437348875,1.1416735708367853,34.57205370101597
2017-01-03,PYPL.OQ,40.29,40.98,40.005,40.25,40.25,2955040,48567498119.0,1214000000.0,11.7678275290216,1206000000.0,0.24441,0.26606,323000000.0,2016-09-30,2639000000.0,1207000000.0,10357000000.0,1378000000.0,2016-10-20,48541500000.0,4.6868301631746645,3.4203424464486916,0.2923683858142012,1.1416735708367853,35.25526124818578
2017-01-04,PYPL.OQ,40.35,41.03,40.05,41.0,41.0,1956979,49472482556.0,1214000000.0,11.7678275290216,1206000000.0,0.24441,0.26606,323000000.0,2016-09-30,2639000000.0,1207000000.0,10357000000.0,1378000000.0,2016-10-20,49446000000.0,4.774162402240031,3.484075535512953,0.2870201836346732,1.1416735708367853,35.912191582002905
2017-01-05,PYPL.OQ,41.45,41.71,41.04,41.06,41.06,2034082,49544881310.96,1214000000.0,11.7678275290216,1206000000.0,0.24441,0.26606,323000000.0,2016-09-30,2639000000.0,1207000000.0,10357000000.0,1378000000.0,2016-10-20,49518360000.0,4.78114898136526,3.4891741826380938,0.28660076787680466,1.1416735708367853,35.964746008708275
2017-01-06,PYPL.OQ,41.24,41.635,40.79,41.45,41.45,1630454,50015473218.2,1214000000.0,11.7678275290216,1206000000.0,0.24441,0.26606,323000000.0,2016-09-30,2639000000.0,1207000000.0,10357000000.0,1378000000.0,2016-10-20,49988700000.0,4.826561745679251,3.52231538895151,0.28390416234068994,1.1416735708367853,36.30634978229318
2017-01-09,PYPL.OQ,41.49,41.51,41.11,41.4,41.4,1295591,49955140922.4,1214000000.0,11.7678275290216,1206000000.0,0.24441,0.26606,323000000.0,2016-09-30,2639000000.0,1207000000.0,10357000000.0,1378000000.0,2016-10-20,49928400000.0,4.8207395964082265,3.5180665163472256,0.2842470417638068,1.1416735708367853,36.26255442670537
2017-01-10,PYPL.OQ,41.4,41.55,41.08,41.08,41.08,1203982,49569014229.28,1214000000.0,11.7678275290216,1206000000.0,0.24441,0.26606,323000000.0,2016-09-30,2639000000.0,1207000000.0,10357000000.0,1378000000.0,2016-10-20,49542480000.0,4.78347784107367,3.490873731679807,0.28646123488368064,1.1416735708367853,35.9822641509434
2017-01-11,PYPL.OQ,41.23,41.37,40.84,41.28,41.28,1184197,49810343412.48,1214000000.0,11.7678275290216,1206000000.0,0.24441,0.26606,323000000.0,2016-09-30,2639000000.0,1207000000.0,10357000000.0,1378000000.0,2016-10-20,49783680000.0,4.8067664381577675,3.507869222096944,0.28507334130381784,1.1416735708367853,36.15744557329463
2017-01-12,PYPL.OQ,41.29,41.605,40.92,41.56,41.56,1167363,50148204268.96,1214000000.0,11.7678275290216,1206000000.0,0.24441,0.26606,323000000.0,2016-09-30,2639000000.0,1207000000.0,10357000000.0,1378000000.0,2016-10-20,50121360000.0,4.839370474075505,3.531662908680935,0.2831527316896439,1.1416735708367853,36.402699564586364
2017-01-13,PYPL.OQ,41.65,41.84,41.54,41.6,41.6,1191497,50196470105.6,1214000000.0,11.7678275290216,1206000000.0,0.24441,0.26606,323000000.0,2016-09-30,2639000000.0,1207000000.0,10357000000.0,1378000000.0,2016-10-20,50169600000.0,4.844028193492324,3.535062006764362,0.2828804694476346,1.1416735708367853,36.43773584905661
2017-01-17,PYPL.OQ,41.6,41.71,41.2,41.27,41.27,2430666,49798276953.32,1214000000.0,11.7678275290216,1206000000.0,0.24441,0.26606,323000000.0,2016-09-30,2639000000.0,1207000000.0,10357000000.0,1378000000.0,2016-10-20,49771620000.0,4.805602008303563,3.507019447576087,0.28514241650161376,1.1416735708367853,36.14868650217707
2017-01-18,PYPL.OQ,41.41,41.49,41.12,41.35,41.35,1210744,49894808626.6,1214000000.0,11.7678275290216,1206000000.0,0.24441,0.26606,323000000.0,2016-09-30,2639000000.0,1207000000.0,10357000000.0,1378000000.0,2016-10-20,49868100000.0,4.814917447137202,3.5138176437429416,0.284590750399555,1.1416735708367853,36.21875907111757
2017-01-19,PYPL.OQ,41.25,41.68,41.035,41.27,41.27,1205440,49798276953.32,1214000000.0,11.7678275290216,1206000000.0,0.24441,0.26606,323000000.0,2016-09-30,2639000000.0,1207000000.0,10357000000.0,1378000000.0,2016-10-20,49771620000.0,4.805602008303563,3.507019447576087,0.28514241650161376,1.1416735708367853,36.14868650217707
2017-01-20,PYPL.OQ,41.39,41.72,41.3,41.69,41.69,1856011,50305068238.04,1214000000.0,11.7678275290216,1206000000.0,0.24441,0.26606,323000000.0,2016-09-30,2639000000.0,1207000000.0,10357000000.0,1378000000.0,2016-10-20,50278140000.0,4.854508062180168,3.542709977452073,0.2822697896143344,1.1416735708367853,36.51656748911466
2017-01-23,PYPL.OQ,41.86,42.11,41.25,41.62,41.62,1973767,50220603023.92,1214000000.0,11.7678275290216,1206000000.0,0.24441,0.26606,323000000.0,2016-09-30,2639000000.0,1207000000.0,10357000000.0,1378000000.0,2016-10-20,50193720000.0,4.846357053200734,3.536761555806075,0.2827445345752427,1.1416735708367853,36.45525399129173
2017-01-24,PYPL.OQ,41.88,42.04,41.54,41.96,41.96,1586001,50630862635.36,1214000000.0,11.7678275290216,1206000000.0,0.24441,0.26606,323000000.0,2016-09-30,2639000000.0,1207000000.0,10357000000.0,1378000000.0,2016-10-20,50603760000.0,4.8859476682437,3.5656538895152075,0.2804534682798284,1.1416735708367853,36.75306240928883
2017-01-25,PYPL.OQ,42.36,42.44,41.66,41.71,41.71,2107225,50329201156.36,1214000000.0,11.7678275290216,1206000000.0,0.24441,0.26606,323000000.0,2016-09-30,2639000000.0,1207000000.0,10357000000.0,1378000000.0,2016-10-20,50302260000.0,4.856836921888577,3.5444095264937867,0.28213444087800527,1.1416735708367853,36.53408563134978
2017-01-26,PYPL.OQ,42.36,42.49,41.285,41.5,41.5,2884686,50075805514.0,1218000000.0,12.188898094449,1207000000.0,0.28169,0.3202,390000000.0,2016-12-31,2931000000.0,1207000000.0,10764000000.0,1401000000.0,2017-01-26,50090500000.0,4.6535209959123005,3.4047376291462883,0.2937083878180482,1.1607290803645403,35.75339043540328
2017-01-27,PYPL.OQ,41.0,41.19,39.925,40.27,40.27,5215397,48591631037.32,1218000000.0,12.188898094449,1207000000.0,0.28169,0.3202,390000000.0,2016-12-31,2931000000.0,1207000000.0,10764000000.0,1401000000.0,2017-01-26,48605890000.0,4.515597361575622,3.3038261283306274,0.3026793666364291,1.1607290803645403,34.69371163454675
2017-01-30,PYPL.OQ,40.17,40.27,39.42,39.86,39.86,3153522,48096906211.76,1218000000.0,12.188898094449,1207000000.0,0.28169,0.3202,390000000.0,2016-12-31,2931000000.0,1207000000.0,10764000000.0,1401000000.0,2017-01-26,48111020000.0,4.46962281679673,3.2701889613920736,0.3057927269053939,1.1607290803645403,34.340485367594574
2017-01-31,PYPL.OQ,39.7,40.01,39.47,39.78,39.78,2066552,48000374538.48,1218000000.0,12.188898094449,1207000000.0,0.28169,0.3202,390000000.0,2016-12-31,2931000000.0,1207000000.0,10764000000.0,1401000000.0,2017-01-26,48014460000.0,4.460652173913044,3.2636256117455265,0.3064076946819759,1.1607290803645403,34.27156316916488
2017-02-01,PYPL.OQ,39.96,39.99,39.11,39.31,39.31,2441115,47433250957.96,1218000000.0,12.188898094449,1207000000.0,0.28169,0.3202,390000000.0,2016-12-31,2931000000.0,1207000000.0,10764000000.0,1401000000.0,2017-01-26,47447170000.0,4.407949646971386,3.225065932572063,0.3100711802200203,1.1607290803645403,33.86664525339044
2017-02-02,PYPL.OQ,39.4,39.84,39.02,39.58,39.58,2475303,47796144401.72,1218000000.0,12.188898094449,1207000000.0,0.28169,0.3202,390000000.0,2016-12-31,2931000000.0,1207000000.0,10764000000.0,1401000000.0,2017-01-26,47773060000.0,4.438225566703828,3.2472172376291586,0.30795599025894393,1.1607290803645403,34.09925767309065
2017-02-03,PYPL.OQ,39.79,39.92,39.55,39.59,39.59,1551107,47808220234.06,1218000000.0,12.188898094449,1207000000.0,0.28169,0.3202,390000000.0,2016-12-31,2931000000.0,1207000000.0,10764000000.0,1401000000.0,2017-01-26,47785130000.00001,4.439346897064289,3.2480376563349775,0.3078782039517302,1.1607290803645403,34.107872947894364
2017-02-06,PYPL.OQ,39.64,39.82,39.34,39.74,39.74,1753011,47989357719.16,1218000000.0,12.188898094449,1207000000.0,0.28169,0.3202,390000000.0,2016-12-31,2931000000.0,1207000000.0,10764000000.0,1401000000.0,2017-01-26,47966180000.0,4.4561668524712,3.2603439369222533,0.30671610705709607,1.1607290803645403,34.23710206995003
2017-02-07,PYPL.OQ,40.01,40.33,39.7,40.02,40.02,2545947,48327481024.68,1218000000.0,12.188898094449,1207000000.0,0.28169,0.3202,390000000.0,2016-12-31,2931000000.0,1207000000.0,10764000000.0,1401000000.0,2017-01-26,48304140000.0,4.487564102564103,3.283315660685168,0.3045701672775862,1.1607290803645403,34.47832976445396
2017-02-08,PYPL.OQ,40.18,40.985,39.92,40.88,40.88,1991256,49366002605.92,1218000000.0,12.188898094449,1207000000.0,0.28169,0.3202,390000000.0,2016-12-31,2931000000.0,1207000000.0,10764000000.0,1401000000.0,2017-01-26,49342160000.0,4.583998513563731,3.353871669385549,0.2981628692379892,1.1607290803645403,35.21924339757316
2017-02-09,PYPL.OQ,40.44,40.995,40.3,40.83,40.83,1830568,49305623444.22,1218000000.0,12.188898094449,1207000000.0,0.28169,0.3202,390000000.0,2016-12-31,2931000000.0,1207000000.0,10764000000.0,1401000000.0,2017-01-26,49281810000.0,4.5783918617614265,3.3497695758564565,0.29852799643519473,1.1607290803645403,35.1761670235546
2017-02-10,PYPL.OQ,40.82,40.86,40.56,40.58,40.58,1446428,49003727635.72,1218000000.0,12.188898094449,1207000000.0,0.28169,0.3202,390000000.0,2016-12-31,2931000000.0,1207000000.0,10764000000.0,1401000000.0,2017-01-26,48980060000.0,4.550358602749907,3.329259108210997,0.3003671289908576,1.1607290803645403,34.960785153461806
2017-02-13,PYPL.OQ,40.83,41.3,40.75,41.17,41.17,1756909,49716201743.78,1218000000.0,12.188898094449,1207000000.0,0.28169,0.3202,390000000.0,2016-12-31,2931000000.0,1207000000.0,10764000000.0,1401000000.0,2017-01-26,49692190000.0,4.616517094017094,3.377663811854282,0.29606262070558653,1.1607290803645403,35.4690863668808
2017-02-14,PYPL.OQ,41.18,41.63,40.94,41.62,41.62,1633958,50259614199.0799,1218000000.0,12.188898094449,1207000000.0,0.28169,0.3202,390000000.0,2016-12-31,2931000000.0,1207000000.0,10764000000.0,1401000000.0,2017-01-26,50235340000.0,4.66697696023783,3.4145826536161086,0.2928615592130947,1.1607290803645403,35.85677373304782
2017-02-15,PYPL.OQ,41.69,41.925,41.28,41.87,41.87,2497462,50561510007.5799,1218000000.0,12.188898094449,1207000000.0,0.28169,0.3202,390000000.0,2016-12-31,2931000000.0,1207000000.0,10764000000.0,1401000000.0,2017-01-26,50537090000.0,4.695010219249349,3.4350931212615685,0.2911129232015524,1.1607290803645403,36.07215560314061
2017-02-16,PYPL.OQ,41.87,42.3,41.7,42.15,42.15,1696089,50899633313.1,1218000000.0,12.188898094449,1207000000.0,0.28169,0.3202,390000000.0,2016-12-31,2931000000.0,1207000000.0,10764000000.0,1401000000.0,2017-01-26,50875050000.0,4.726407469342252,3.458064845024483,0.289179076973879,1.1607290803645403,36.313383297644535
2017-02-17,PYPL.OQ,42.07,42.3,41.805,41.96,41.96,2054265,50670192498.64,1218000000.0,12.188898094449,1207000000.0,0.28169,0.3202,390000000.0,2016-12-31,2931000000.0,1207000000.0,10764000000.0,1401000000.0,2017-01-26,50645720000.0,4.705102192493497,3.442476889613934,0.29048851512032886,1.1607290803645403,36.149693076374014
2017-02-21,PYPL.OQ,41.93,42.56,41.9,42.43,42.43,1814884,51237756618.62,1218000000.0,12.188898094449,1207000000.0,0.28169,0.3202,390000000.0,2016-12-31,2931000000.0,1207000000.0,10764000000.0,1401000000.0,2017-01-26,51213010000.0,4.757804719435154,3.481036568787398,0.28727075405253355,1.1607290803645403,36.55461099214846
2017-02-22,PYPL.OQ,42.24,42.53,42.13,42.42,42.42,1286158,51225680786.28,1218000000.0,12.188898094449,1207000000.0,0.28169,0.3202,390000000.0,2016-12-31,2931000000.0,1207000000.0,10764000000.0,1401000000.0,2017-01-26,51200940000.0,4.756683389074693,3.4802161500815796,0.28733847464519097,1.1607290803645403,36.54599571734475
2017-02-23,PYPL.OQ,42.41,42.67,42.17,42.53,42.53,1799767,51358514942.02,1218000000.0,12.188898094449,1207000000.0,0.28169,0.3202,390000000.0,2016-12-31,2931000000.0,1207000000.0,10764000000.0,1401000000.0,2017-01-26,51333710000.0,4.769018023039762,3.489240755845582,0.286595299657865,1.1607290803645403,36.640763740185584
2017-02-24,PYPL.OQ,42.24,43.07,41.83,43.07,43.07,2801996,52010609888.38,1218000000.0,12.188898094449,1207000000.0,0.28169,0.3202,390000000.0,2016-12-31,2931000000.0,1207000000.0,10764000000.0,1401000000.0,2017-01-26,51985490000.0,4.829569862504645,3.5335433659597744,0.2830020453784305,1.1607290803645403,37.10598857958601
2017-02-27,PYPL.OQ,42.89,42.89,42.35,42.64,42.64,1601433,51491349097.76,1218000000.0,12.188898094449,1207000000.0,0.28169,0.3202,390000000.0,2016-12-31,2931000000.0,1207000000.0,10764000000.0,1401000000.0,2017-01-26,51466480000.0,4.781352657004831,3.498265361609584,0.2858559590630628,1.1607290803645403,36.73553176302641
2017-02-28,PYPL.OQ,42.49,42.49,41.99,42.0,42.0,2013172,50718495828.0,1218000000.0,12.188898094449,1207000000.0,0.28169,0.3202,390000000.0,2016-12-31,2931000000.0,1207000000.0,10764000000.0,1401000000.0,2017-01-26,50694000000.0,4.70958751393534,3.4457585644372077,0.29021185939164285,1.1607290803645403,36.184154175588866
2017-03-01,PYPL.OQ,42.31,42.51,42.0,42.43,42.43,1574391,51237756618.62,1218000000.0,12.188898094449,1207000000.0,0.28169,0.3202,390000000.0,2016-12-31,2931000000.0,1207000000.0,10764000000.0,1401000000.0,2017-01-26,51213010000.0,4.757804719435154,3.481036568787398,0.28727075405253355,1.1607290803645403,36.55461099214846
2017-03-02,PYPL.OQ,42.4,42.86,42.2,42.77,42.77,1498058,51648334918.18,1218000000.0,12.188898094449,1207000000.0,0.28169,0.3202,390000000.0,2016-12-31,2931000000.0,1207000000.0,10764000000.0,1401000000.0,2017-01-26,51623390000.0,4.795929951690821,3.5089308047852232,0.28498709596560673,1.1607290803645403,36.84753033547466
2017-03-03,PYPL.OQ,42.64,43.04,42.64,43.03,43.03,1518943,51962306559.02,1218000000.0,12.188898094449,1207000000.0,0.28169,0.3202,390000000.0,2016-12-31,2931000000.0,1207000000.0,10764000000.0,1401000000.0,2017-01-26,51937210000.0,4.825084541062802,3.5302616911365012,0.2832651195549384,1.1607290803645403,37.07152748037116
2017-03-06,PYPL.OQ,42.77,43.03,42.64,42.87,42.87,1525903,51769093241.5799,1218000000.0,12.188898094449,1207000000.0,0.28169,0.3202,390000000.0,2016-12-31,2931000000.0,1207000000.0,10764000000.0,1401000000.0,2017-01-26,51744090000.0,4.807143255295429,3.5171349918434065,0.28432232550615816,1.1607290803645403,36.933683083511774
2017-03-07,PYPL.OQ,42.79,43.19,42.71,42.89,42.89,1259913,51793244906.26,1218000000.0,12.188898094449,1207000000.0,0.28169,0.3202,390000000.0,2016-12-31,2931000000.0,1207000000.0,10764000000.0,1401000000.0,2017-01-26,51768230000.0,4.809385916016351,3.5187758292550435,0.28418974340053627,1.1607290803645403,36.9509136331192
2017-03-08,PYPL.OQ,42.84,43.18,42.72,42.79,42.79,1845327,51672486582.86,1218000000.0,12.188898094449,1207000000.0,0.28169,0.3202,390000000.0,2016-12-31,2931000000.0,1207000000.0,10764000000.0,1401000000.0,2017-01-26,51647530000.0,4.798172612411743,3.51057164219686,0.2848538933033185,1.1607290803645403,36.864760885082084
2017-03-09,PYPL.OQ,42.66,42.99,42.48,42.92,42.92,1199226,51829472403.28,1218000000.0,12.188898094449,1207000000.0,0.28169,0.3202,390000000.0,2016-12-31,2931000000.0,1207000000.0,10764000000.0,1401000000.0,2017-01-26,51804440000.0,4.812749907097733,3.521237085372499,0.28399110192099253,1.1607290803645403,36.976759457530335
2017-03-10,PYPL.OQ,43.19,43.27,42.76,42.99,42.99,1668229,51914003229.66,1218000000.0,12.188898094449,1207000000.0,0.28169,0.3202,390000000.0,2016-12-31,2931000000.0,1207000000.0,10764000000.0,1401000000.0,2017-01-26,51888930000.0,4.820599219620958,3.5269800163132277,0.2835286832856245,1.1607290803645403,37.037066381156315
2017-03-13,PYPL.OQ,42.87,42.96,42.45,42.59,42.59,1397076,51430969936.06,1218000000.0,12.188898094449,1207000000.0,0.28169,0.3202,390000000.0,2016-12-31,2931000000.0,1207000000.0,10764000000.0,1401000000.0,2017-01-26,51406130000.00001,4.775746005202528,3.4941632680804924,0.2861915495292087,1.1607290803645403,36.692455389007854
2017-03-14,PYPL.OQ,42.51,42.64,41.75,42.1,42.1,1902919,50839254151.4,1218000000.0,12.188898094449,1207000000.0,0.28169,0.3202,390000000.0,2016-12-31,2931000000.0,1207000000.0,10764000000.0,1401000000.0,2017-01-26,50814700000.0,4.720800817539948,3.4539627514953914,0.28952252005817103,1.1607290803645403,36.27030692362598
2017-03-15,PYPL.OQ,42.29,42.57,41.9,42.39,42.39,1687852,51189453289.26,1218000000.0,12.188898094449,1207000000.0,0.28169,0.3202,390000000.0,2016-12-31,2931000000.0,1207000000.0,10764000000.0,1401000000.0,2017-01-26,51164730000.0,4.753319397993311,3.4777548939641245,0.2875418281304317,1.1607290803645403,36.52014989293362
2017-03-16,PYPL.OQ,42.5,42.57,42.145,42.4,42.4,1303943,51201529121.6,1218000000.0,12.188898094449,1207000000.0,0.28169,0.3202,390000000.0,2016-12-31,2931000000.0,1207000000.0,10764000000.0,1401000000.0,2017-01-26,51176800000.0,4.754440728353772,3.4785753126699426,0.287474011661533,1.1607290803645403,36.528765167737326
2017-03-17,PYPL.OQ,42.58,43.295,42.37,43.08,43.08,5183968,52022685720.72,1218000000.0,12.188898094449,1207000000.0,0.28169,0.3202,390000000.0,2016-12-31,2931000000.0,1207000000.0,10764000000.0,1401000000.0,2017-01-26,51997560000.0,4.830691192865106,3.534363784665593,0.28293635316733984,1.1607290803645403,37.11460385438972
2017-03-20,PYPL.OQ,43.1,43.32,42.85,43.16,43.16,2081993,52119292379.4399,1218000000.0,12.188898094449,1207000000.0,0.28169,0.3202,390000000.0,2016-12-31,2931000000.0,1207000000.0,10764000000.0,1401000000.0,2017-01-26,52094119999.99999,4.8396618357487915,3.5409271343121396,0.2824119113635079,1.1607290803645403,37.18352605281941
2017-03-21,PYPL.OQ,43.33,43.4,42.47,42.64,42.64,2099447,51491349097.76,1218000000.0,12.188898094449,1207000000.0,0.28169,0.3202,390000000.0,2016-12-31,2931000000.0,1207000000.0,10764000000.0,1401000000.0,2017-01-26,51466480000.0,4.781352657004831,3.498265361609584,0.2858559590630628,1.1607290803645403,36.73553176302641
2017-03-22,PYPL.OQ,42.55,43.23,42.45,43.19,43.19,2246648,52155519876.46,1218000000.0,12.188898094449,1207000000.0,0.28169,0.3202,390000000.0,2016-12-31,2931000000.0,1207000000.0,10764000000.0,1401000000.0,2017-01-26,52130330000.0,4.843025826830175,3.543388390429595,0.2822157465721,1.1607290803645403,37.209371877230545
2017-03-23,PYPL.OQ,43.13,43.61,43.01,43.14,43.14,2253620,52095140714.76,1218000000.0,12.188898094449,1207000000.0,0.28169,0.3202,390000000.0,2016-12-31,2931000000.0,1207000000.0,10764000000.0,1401000000.0,2017-01-26,52069980000.0,4.837419175027871,3.5392862969005034,0.28254283946335185,1.1607290803645403,37.16629550321199
2017-03-24,PYPL.OQ,43.34,43.495,42.94,43.13,43.13,1703231,52083064882.42,1218000000.0,12.188898094449,1207000000.0,0.28169,0.3202,390000000.0,2016-12-31,2931000000.0,1207000000.0,10764000000.0,1401000000.0,2017-01-26,52057910000.0,4.83629784466741,3.538465878194685,0.2826083490482031,1.1607290803645403,37.15768022840828
2017-03-27,PYPL.OQ,42.69,43.19,42.61,43.08,43.08,1410188,52022685720.72,1218000000.0,12.188898094449,1207000000.0,0.28169,0.3202,390000000.0,2016-12-31,2931000000.0,1207000000.0,10764000000.0,1401000000.0,2017-01-26,51997560000.0,4.830691192865106,3.534363784665593,0.28293635316733984,1.1607290803645403,37.11460385438972
2017-03-28,PYPL.OQ,42.94,43.25,42.845,43.15,43.15,1260040,52107216547.1,1218000000.0,12.188898094449,1207000000.0,0.28169,0.3202,390000000.0,2016-12-31,2931000000.0,1207000000.0,10764000000.0,1401000000.0,2017-01-26,52082050000.0,4.838540505388331,3.5401067156063215,0.28247736024215525,1.1607290803645403,37.1749107780157
2017-03-29,PYPL.OQ,43.15,43.295,42.97,43.24,43.24,1099579,52215899038.16,1218000000.0,12.188898094449,1207000000.0,0.28169,0.3202,390000000.0,2016-12-31,2931000000.0,1207000000.0,10764000000.0,1401000000.0,2017-01-26,52190680000.0,4.848632478632479,3.547490483958687,0.2818894101398936,1.1607290803645403,37.252448251249106
2017-03-30,PYPL.OQ,43.24,43.8,43.0,43.54,43.54,1539403,52578174008.36,1218000000.0,12.188898094449,1207000000.0,0.28169,0.3202,390000000.0,2016-12-31,2931000000.0,1207000000.0,10764000000.0,1401000000.0,2017-01-26,52552780000.0,4.882272389446302,3.5721030451332383,0.27994713124595777,1.1607290803645403,37.51090649536045
2017-03-31,PYPL.OQ,43.44,43.48,43.02,43.02,43.02,1943162,51950230726.68,1218000000.0,12.188898094449,1207000000.0,0.28169,0.3202,390000000.0,2016-12-31,2931000000.0,1207000000.0,10764000000.0,1401000000.0,2017-01-26,51925140000.0,4.823963210702341,3.5294412724306827,0.28333096453856343,1.1607290803645403,37.06291220556745
2017-04-03,PYPL.OQ,43.2,43.3,42.51,42.63,42.63,2230737,51479273265.42,1218000000.0,12.188898094449,1207000000.0,0.28169,0.3202,390000000.0,2016-12-31,2931000000.0,1207000000.0,10764000000.0,1401000000.0,2017-01-26,51454410000.0,4.78023132664437,3.497444942903766,0.28592301417895843,1.1607290803645403,36.7269164882227
2017-04-04,PYPL.OQ,42.47,42.74,42.27,42.72,42.72,1307908,51587955756.4799,1218000000.0,12.188898094449,1207000000.0,0.28169,0.3202,390000000.0,2016-12-31,2931000000.0,1207000000.0,10764000000.0,1401000000.0,2017-01-26,51563040000.0,4.7903232998885175,3.504828711256131,0.28532064827830056,1.1607290803645403,36.8044539614561
2017-04-05,PYPL.OQ,42.83,43.34,42.74,42.89,42.89,1811198,51516440437.79,1218000000.0,12.188898094449,1207000000.0,0.28169,0.3202,390000000.0,2016-12-31,2931000000.0,1207000000.0,10764000000.0,1401000000.0,2017-01-26,51768230000.0,4.809385916016351,3.5187758292550435,0.28418974340053627,1.1607290803645403,36.9509136331192
2017-04-06,PYPL.OQ,42.9,43.0,42.72,42.9,42.9,1981064,51528451731.9,1218000000.0,12.188898094449,1207000000.0,0.28169,0.3202,390000000.0,2016-12-31,2931000000.0,1207000000.0,10764000000.0,1401000000.0,2017-01-26,51780300000.0,4.810507246376812,3.519596247960862,0.2841234987051049,1.1607290803645403,36.95952890792291
2017-04-07,PYPL.OQ,42.89,43.17,42.72,43.04,43.04,1449693,51696609849.44,1218000000.0,12.188898094449,1207000000.0,0.28169,0.3202,390000000.0,2016-12-31,2931000000.0,1207000000.0,10764000000.0,1401000000.0,2017-01-26,51949280000.0,4.826205871423262,3.5310821098423193,0.28319930516842473,1.1607290803645403,37.08014275517487
2017-04-10,PYPL.OQ,43.04,43.54,43.015,43.05,43.05,1504392,51708621143.5499,1218000000.0,12.188898094449,1207000000.0,0.28169,0.3202,390000000.0,2016-12-31,2931000000.0,1207000000.0,10764000000.0,1401000000.0,2017-01-26,51961350000.0,4.827327201783723,3.5319025285481374,0.28313352135770037,1.1607290803645403,37.088758029978585
2017-04-11,PYPL.OQ,42.93,43.07,42.61,42.69,42.69,1347792,51276214555.59,1218000000.0,12.188898094449,1207000000.0,0.28169,0.3202,390000000.0,2016-12-31,2931000000.0,1207000000.0,10764000000.0,1401000000.0,2017-01-26,51526830000.0,4.786959308807135,3.5023674551386756,0.285521154707168,1.1607290803645403,36.77860813704496
2017-04-12,PYPL.OQ,42.33,42.81,42.28,42.49,42.49,1697642,51035988673.39,1218000000.0,12.188898094449,1207000000.0,0.28169,0.3202,390000000.0,2016-12-31,2931000000.0,1207000000.0,10764000000.0,1401000000.0,2017-01-26,51285430000.0,4.764532701597919,3.4859590810223087,0.2868650998928924,1.1607290803645403,36.60630264097073
2017-04-13,PYPL.OQ,42.5,42.88,42.35,42.55,42.55,1153537,51108056438.0499,1218000000.0,12.188898094449,1207000000.0,0.28169,0.3202,390000000.0,2016-12-31,2931000000.0,1207000000.0,10764000000.0,1401000000.0,2017-01-26,51357850000.0,4.7712606837606835,3.4908815932572184,0.2864605897637838,1.1607290803645403,36.657994289793
2017-04-17,PYPL.OQ,42.6,43.135,42.6,43.1,43.1,883815,51768677614.1,1218000000.0,12.188898094449,1207000000.0,0.28169,0.3202,390000000.0,2016-12-31,2931000000.0,1207000000.0,10764000000.0,1401000000.0,2017-01-26,52021700000.0,4.832933853586027,3.53600462207723,0.28280506019603247,1.1607290803645403,37.131834403997146
2017-04-18,PYPL.OQ,43.2,43.2,42.88,43.09,43.09,1134659,51756666319.99,1218000000.0,12.188898094449,1207000000.0,0.28169,0.3202,390000000.0,2016-12-31,2931000000.0,1207000000.0,10764000000.0,1401000000.0,2017-01-26,52009630000.00001,4.831812523225567,3.5351842033714114,0.2828706914469482,1.1607290803645403,37.12321912919344
2017-04-19,PYPL.OQ,43.03,43.46,42.9,43.3,43.3,1442832,52008903496.2999,1218000000.0,12.188898094449,1207000000.0,0.28169,0.3202,390000000.0,2016-12-31,2931000000.0,1207000000.0,10764000000.0,1401000000.0,2017-01-26,52263100000.0,4.855360460795243,3.5524129961935973,0.28149880125748267,1.1607290803645403,37.30413990007137
2017-04-20,PYPL.OQ,43.32,43.795,43.26,43.69,43.69,1588291,52477343966.59,1218000000.0,12.188898094449,1207000000.0,0.28169,0.3202,390000000.0,2016-12-31,2931000000.0,1207000000.0,10764000000.0,1401000000.0,2017-01-26,52733830000.0,4.899092344853214,3.584409325720514,0.2789859943796979,1.1607290803645403,37.64013561741613
2017-04-21,PYPL.OQ,43.8,44.0,43.6,43.81,43.81,1874742,52627133964.99,1218000000.0,12.188898094449,1207000000.0,0.28169,0.3202,390000000.0,2016-12-31,2931000000.0,1207000000.0,10764000000.0,1401000000.0,2017-01-26,52878670000.0,4.912548309178744,3.5942543501903352,0.27822182365781783,1.1607290803645403,37.74351891506067
2017-04-24,PYPL.OQ,44.09,44.28,43.95,44.27,44.27,1356047,53179712865.33,1218000000.0,12.188898094449,1207000000.0,0.28169,0.3202,390000000.0,2016-12-31,2931000000.0,1207000000.0,10764000000.0,1401000000.0,2017-01-26,53433890000.0,4.96412950575994,3.6319936106579807,0.2753308808323695,1.1607290803645403,38.13982155603141
2017-04-25,PYPL.OQ,44.49,45.01,44.4,44.71,44.71,1701338,53708266596.09,1218000000.0,12.188898094449,1207000000.0,0.28169,0.3202,390000000.0,2016-12-31,2931000000.0,1207000000.0,10764000000.0,1401000000.0,2017-01-26,53964970000.0,5.013468041620215,3.6680920337139895,0.2726212948881458,1.1607290803645403,38.51889364739472
2017-04-26,PYPL.OQ,44.85,44.94,44.25,44.41,44.41,2455571,53347889052.39,1216000000.0,12.2290969899666,1196000000.0,0.35245,0.31579,384000000.0,2017-03-31,2975000000.0,1203000000.0,11195000000.0,1420000000.0,2017-04-26,53114359999.99999,4.744471639124608,3.631502803227116,0.27536809254597167,1.1803823773898587,37.6234014084507
2017-04-27,PYPL.OQ,47.25,48.1,46.75,47.15,47.15,7820067,56639337284.85,1216000000.0,12.2290969899666,1196000000.0,0.35245,0.31579,384000000.0,2017-03-31,2975000000.0,1203000000.0,11195000000.0,1420000000.0,2017-04-26,56391400000.0,5.037195176418043,3.8555585942841373,0.2593657898190159,1.1803823773898587,39.94468309859155
2017-04-28,PYPL.OQ,47.03,47.755,46.875,47.72,47.72,3510876,57324054617.88,1216000000.0,12.2290969899666,1196000000.0,0.35245,0.31579,384000000.0,2017-03-31,2975000000.0,1203000000.0,11195000000.0,1420000000.0,2017-04-26,57073120000.0,5.0980902188477,3.902168740598919,0.2562677491610771,1.1803823773898587,40.42757746478873
2017-05-01,PYPL.OQ,47.4,47.71,47.33,47.54,47.54,3643288,57107828091.6599,1216000000.0,12.2290969899666,1196000000.0,0.35245,0.31579,384000000.0,2017-03-31,2975000000.0,1203000000.0,11195000000.0,1420000000.0,2017-04-26,56857840000.0,5.078860205448861,3.8874497470258302,0.2572380519555448,1.1803823773898587,40.27508450704225
2017-05-02,PYPL.OQ,47.41,49.07,47.4,49.05,49.05,4019192,58921728394.95,1216000000.0,12.2290969899666,1196000000.0,0.35245,0.31579,384000000.0,2017-03-31,2975000000.0,1203000000.0,11195000000.0,1420000000.0,2017-04-26,58663800000.0,5.240178651183564,4.010925748666743,0.24931900081481345,1.1803823773898587,41.55433098591549
2017-05-03,PYPL.OQ,48.91,49.28,48.63,49.02,49.02,2659647,58885690640.58,1216000000.0,12.2290969899666,1196000000.0,0.35245,0.31579,384000000.0,2017-03-31,2975000000.0,1203000000.0,11195000000.0,1420000000.0,2017-04-26,58627920000.0,5.236973648950424,4.008472583071229,0.24947158282265602,1.1803823773898587,41.52891549295775
2017-05-04,PYPL.OQ,49.0,49.38,48.82,48.91,48.91,1862176,58753552207.89,1216000000.0,12.2290969899666,1196000000.0,0.35245,0.31579,384000000.0,2017-03-31,2975000000.0,1203000000.0,11195000000.0,1420000000.0,2017-04-26,58496359999.99999,5.225221974095578,3.9994776425543406,0.2500326516043059,1.1803823773898587,41.43572535211267
2017-05-05,PYPL.OQ,48.62,49.44,48.4,49.3,49.3,1494258,59222043014.7,1216000000.0,12.2290969899666,1196000000.0,0.35245,0.31579,384000000.0,2017-03-31,2975000000.0,1203000000.0,11195000000.0,1420000000.0,2017-04-26,58962800000.0,5.266887003126396,4.031368795296033,0.24805470567883572,1.1803823773898587,41.766126760563374
2017-05-08,PYPL.OQ,49.4,49.4,48.815,49.17,49.17,1799128,59065879412.43,1216000000.0,12.2290969899666,1196000000.0,0.35245,0.31579,384000000.0,2017-03-31,2975000000.0,1203000000.0,11195000000.0,1420000000.0,2017-04-26,58807320000.0,5.252998660116123,4.020738411048803,0.24871053467493592,1.1803823773898587,41.65599295774648
2017-05-09,PYPL.OQ,49.06,49.37,48.9,49.22,49.22,1375639,59125942336.38,1216000000.0,12.2290969899666,1196000000.0,0.35245,0.31579,384000000.0,2017-03-31,2975000000.0,1203000000.0,11195000000.0,1420000000.0,2017-04-26,58867120000.0,5.25834033050469,4.02482702037466,0.24845788277055264,1.1803823773898587,41.698352112676055
2017-05-10,PYPL.OQ,49.12,49.795,49.02,49.79,49.79,1785709,59810659669.4099,1216000000.0,12.2290969899666,1196000000.0,0.35245,0.31579,384000000.0,2017-03-31,2975000000.0,1203000000.0,11195000000.0,1420000000.0,2017-04-26,59548840000.0,5.319235372934346,4.071437166689442,0.24561351656892147,1.1803823773898587,42.181246478873234
2017-05-11,PYPL.OQ,49.63,49.71,49.12,49.7,49.7,1679990,59702546406.3,1216000000.0,12.2290969899666,1196000000.0,0.35245,0.31579,384000000.0,2017-03-31,2975000000.0,1203000000.0,11195000000.0,1420000000.0,2017-04-26,59441200000.0,5.309620366234927,4.064077669902898,0.24605828953655132,1.1803823773898587,42.105000000000004
2017-05-12,PYPL.OQ,49.71,49.74,49.24,49.37,49.37,1520345,59306131108.2299,1216000000.0,12.2290969899666,1196000000.0,0.35245,0.31579,384000000.0,2017-03-31,2975000000.0,1203000000.0,11195000000.0,1420000000.0,2017-04-26,59046520000.0,5.274365341670388,4.037092848352234,0.24770299756869762,1.1803823773898587,41.82542957746478
2017-05-15,PYPL.OQ,49.37,50.0,49.28,49.77,49.77,1526176,59786634499.83,1216000000.0,12.2290969899666,1196000000.0,0.35245,0.31579,384000000.0,2017-03-31,2975000000.0,1203000000.0,11195000000.0,1420000000.0,2017-04-26,59524920000.0,5.317098704778919,4.0698017229591,0.2457122159928993,1.1803823773898587,42.16430281690141
2017-05-16,PYPL.OQ,49.75,50.345,49.74,50.34,50.34,1577153,60471351832.86,1216000000.0,12.2290969899666,1196000000.0,0.35245,0.31579,384000000.0,2017-03-31,2975000000.0,1203000000.0,11195000000.0,1420000000.0,2017-04-26,60206640000.00001,5.377993747208576,4.116411869273882,0.24293001569262213,1.1803823773898587,42.64719718309859
2017-05-17,PYPL.OQ,49.96,50.07,49.03,49.05,49.05,2165486,58921728394.95,1216000000.0,12.2290969899666,1196000000.0,0.35245,0.31579,384000000.0,2017-03-31,2975000000.0,1203000000.0,11195000000.0,1420000000.0,2017-04-26,58663800000.0,5.240178651183564,4.010925748666743,0.24931900081481345,1.1803823773898587,41.55433098591549
2017-05-18,PYPL.OQ,49.09,49.58,48.9,49.11,49.11,2824973,58993803903.69,1216000000.0,12.2290969899666,1196000000.0,0.35245,0.31579,384000000.0,2017-03-31,2975000000.0,1203000000.0,11195000000.0,1420000000.0,2017-04-26,58735560000.0,5.246588655649844,4.0158320798577725,0.2490143960490043,1.1803823773898587,41.60516197183098
2017-05-19,PYPL.OQ,49.19,49.71,49.08,49.39,49.39,3028015,59330156277.81,1216000000.0,12.2290969899666,1196000000.0,0.35245,0.31579,384000000.0,2017-03-31,2975000000.0,1203000000.0,11195000000.0,1420000000.0,2017-04-26,59070440000.0,5.2765020098258155,4.038728292082578,0.24760269264965779,1.1803823773898587,41.84237323943662
2017-05-22,PYPL.OQ,49.45,49.87,49.35,49.77,49.77,1965644,59786634499.83,1216000000.0,12.2290969899666,1196000000.0,0.35245,0.31579,384000000.0,2017-03-31,2975000000.0,1203000000.0,11195000000.0,1420000000.0,2017-04-26,59524920000.0,5.317098704778919,4.0698017229591,0.2457122159928993,1.1803823773898587,42.16430281690141
2017-05-23,PYPL.OQ,49.9,50.17,49.77,50.13,50.13,1381818,60219087552.27,1216000000.0,12.2290969899666,1196000000.0,0.35245,0.31579,384000000.0,2017-03-31,2975000000.0,1203000000.0,11195000000.0,1420000000.0,2017-04-26,59955480000.0,5.355558731576597,4.0992397101052775,0.2439476758421424,1.1803823773898587,42.46928873239437
2017-05-24,PYPL.OQ,50.23,51.08,50.14,51.05,51.05,1898722,61324245352.95,1216000000.0,12.2290969899666,1196000000.0,0.35245,0.31579,384000000.0,2017-03-31,2975000000.0,1203000000.0,11195000000.0,1420000000.0,2017-04-26,61055800000.0,5.453845466726217,4.174470121701065,0.23955136121384135,1.1803823773898587,43.248697183098585
2017-05-25,PYPL.OQ,50.77,51.13,50.645,50.93,50.93,1461161,61180094335.47,1216000000.0,12.2290969899666,1196000000.0,0.35245,0.31579,384000000.0,2017-03-31,2975000000.0,1203000000.0,11195000000.0,1420000000.0,2017-04-26,60912280000.0,5.441025457793658,4.164657459319006,0.24011578617645002,1.1803823773898587,43.14703521126761
2017-05-26,PYPL.OQ,51.04,51.38,50.93,51.19,51.19,1483375,61492421540.0099,1216000000.0,12.2290969899666,1196000000.0,0.35245,0.31579,384000000.0,2017-03-31,2975000000.0,1203000000.0,11195000000.0,1420000000.0,2017-04-26,61223240000.0,5.4688021438142025,4.185918227813468,0.238896210001301,1.1803823773898587,43.36730281690141
2017-05-30,PYPL.OQ,50.96,51.28,50.86,51.06,51.06,1795703,61336257937.74,1216000000.0,12.2290969899666,1196000000.0,0.35245,0.31579,384000000.0,2017-03-31,2975000000.0,1203000000.0,11195000000.0,1420000000.0,2017-04-26,61067760000.0,5.45491380080393,4.175287843566237,0.23950444555359574,1.1803823773898587,43.2571690140845
2017-05-31,PYPL.OQ,51.13,52.24,50.88,52.21,52.21,4394055,62717705188.59,1216000000.0,12.2290969899666,1196000000.0,0.35245,0.31579,384000000.0,2017-03-31,2975000000.0,1203000000.0,11195000000.0,1420000000.0,2017-04-26,62443160000.0,5.577772219740956,4.269325858060972,0.23422901723743725,1.1803823773898587,44.23142957746479
2017-06-01,PYPL.OQ,52.48,53.39,52.48,53.16,53.16,3810589,63858900743.64,1216000000.0,12.2290969899666,1196000000.0,0.35245,0.31579,384000000.0,2017-03-31,2975000000.0,1203000000.0,11195000000.0,1420000000.0,2017-04-26,63579359999.99999,5.679263957123715,4.347009435252274,0.23004320899109482,1.1803823773898587,45.03625352112675
2017-06-02,PYPL.OQ,53.44,53.63,53.09,53.52,53.52,2260034,64291353796.08,1216000000.0,12.2290969899666,1196000000.0,0.35245,0.31579,384000000.0,2017-03-31,2975000000.0,1203000000.0,11195000000.0,1420000000.0,2017-04-26,64009920000.0,5.717723983921394,4.376447422398453,0.22849583314586322,1.1803823773898587,45.341239436619716
2017-06-05,PYPL.OQ,53.77,54.07,53.595,53.8,53.8,2371197,64627706170.2,1216000000.0,12.2290969899666,1196000000.0,0.35245,0.31579,384000000.0,2017-03-31,2975000000.0,1203000000.0,11195000000.0,1420000000.0,2017-04-26,64344800000.0,5.747637338097365,4.399343634623257,0.22730663550123795,1.1803823773898587,45.57845070422535
2017-06-06,PYPL.OQ,53.75,53.8,53.16,53.4,53.4,2122217,64147202778.6,1216000000.0,12.2290969899666,1196000000.0,0.35245,0.31579,384000000.0,2017-03-31,2975000000.0,1203000000.0,11195000000.0,1420000000.0,2017-04-26,63866400000.0,5.704903974988834,4.366634760016393,0.22900930692821347,1.1803823773898587,45.23957746478873
2017-06-07,PYPL.OQ,53.33,53.94,53.27,53.85,53.85,2095568,64687769094.15,1216000000.0,12.2290969899666,1196000000.0,0.35245,0.31579,384000000.0,2017-03-31,2975000000.0,1203000000.0,11195000000.0,1420000000.0,2017-04-26,64404600000.0,5.752979008485931,4.403432243949116,0.22709558012937048,1.1803823773898587,45.62080985915493
2017-06-08,PYPL.OQ,54.03,54.425,53.45,54.39,54.39,2189224,65336448672.81,1216000000.0,12.2290969899666,1196000000.0,0.35245,0.31579,384000000.0,2017-03-31,2975000000.0,1203000000.0,11195000000.0,1420000000.0,2017-04-26,65050440000.0,5.810669048682447,4.447589224668382,0.22484090807072257,1.1803823773898587,46.07828873239436
2017-06-09,PYPL.OQ,54.58,55.14,52.85,53.4,53.4,3609142,64147202778.6,1216000000.0,12.2290969899666,1196000000.0,0.35245,0.31579,384000000.0,2017-03-31,2975000000.0,1203000000.0,11195000000.0,1420000000.0,2017-04-26,63866400000.0,5.704903974988834,4.366634760016393,0.22900930692821347,1.1803823773898587,45.23957746478873
2017-06-12,PYPL.OQ,52.81,52.81,51.43,52.16,52.16,4280598,62657642264.64,1216000000.0,12.2290969899666,1196000000.0,0.35245,0.31579,384000000.0,2017-03-31,2975000000.0,1203000000.0,11195000000.0,1420000000.0,2017-04-26,62383359999.99999,5.572430549352389,4.265237248735113,0.234453546586783,1.1803823773898587,44.18907042253521
2017-06-13,PYPL.OQ,52.35,52.48,51.71,52.06,52.06,2768504,62537516416.74,1216000000.0,12.2290969899666,1196000000.0,0.35245,0.31579,384000000.0,2017-03-31,2975000000.0,1203000000.0,11195000000.0,1420000000.0,2017-04-26,62263760000.0,5.561747208575257,4.257060030083398,0.23490389915417975,1.1803823773898587,44.104352112676054
2017-06-14,PYPL.OQ,52.1,52.5,51.535,51.9,51.9,2294370,62345315060.1,1216000000.0,12.2290969899666,1196000000.0,0.35245,0.31579,384000000.0,2017-03-31,2975000000.0,1203000000.0,11195000000.0,1420000000.0,2017-04-26,62072400000.0,5.5446538633318445,4.243976480240652,0.23562807302440464,1.1803823773898587,43.9688028169014
2017-06-15,PYPL.OQ,51.44,52.375,50.83,52.29,52.29,2443701,62813805866.9099,1216000000.0,12.2290969899666,1196000000.0,0.35245,0.31579,384000000.0,2017-03-31,2975000000.0,1203000000.0,11195000000.0,1420000000.0,2017-04-26,62538840000.0,5.586318892362662,4.275867632982345,0.23387066341492826,1.1803823773898587,44.29920422535211
2017-06-16,PYPL.OQ,52.09,52.16,51.58,51.84,51.84,4837563,62273239551.36,1216000000.0,12.2290969899666,1196000000.0,0.35245,0.31579,384000000.0,2017-03-31,2975000000.0,1203000000.0,11195000000.0,1420000000.0,2017-04-26,62000640000.00001,5.538243858865566,4.239070149049622,0.2359007907015162,1.1803823773898587,43.91797183098592
2017-06-19,PYPL.OQ,52.28,53.0,52.18,52.93,52.93,1615189,63582611293.47,1216000000.0,12.2290969899666,1196000000.0,0.35245,0.31579,384000000.0,2017-03-31,2975000000.0,1203000000.0,11195000000.0,1420000000.0,2017-04-26,63304280000.0,5.654692273336311,4.328201832353328,0.2310428299634725,1.1803823773898587,44.8414014084507
2017-06-20,PYPL.OQ,53.0,53.22,52.43,52.52,52.52,1450097,63090095317.08,1216000000.0,12.2290969899666,1196000000.0,0.35245,0.31579,384000000.0,2017-03-31,2975000000.0,1203000000.0,11195000000.0,1420000000.0,2017-04-26,62813920000.0,5.610890576150067,4.294675235881292,0.232846477341329,1.1803823773898587,44.49405633802817
2017-06-21,PYPL.OQ,52.97,53.58,52.7,53.54,53.54,1882621,64315378965.6599,1216000000.0,12.2290969899666,1196000000.0,0.35245,0.31579,384000000.0,2017-03-31,2975000000.0,1203000000.0,11195000000.0,1420000000.0,2017-04-26,64033840000.0,5.71986065207682,4.378082866128795,0.22841047795977962,1.1803823773898587,45.358183098591546
2017-06-22,PYPL.OQ,53.67,53.95,52.87,53.87,53.87,3036157,64711794263.7299,1216000000.0,12.2290969899666,1196000000.0,0.35245,0.31579,384000000.0,2017-03-31,2975000000.0,1203000000.0,11195000000.0,1420000000.0,2017-04-26,64428520000.0,5.755115676641358,4.405067687679459,0.22701126768083532,1.1803823773898587,45.637753521126754
2017-06-23,PYPL.OQ,53.82,54.52,53.69,54.33,54.33,1962627,65264373164.07,1216000000.0,12.2290969899666,1196000000.0,0.35245,0.31579,384000000.0,2017-03-31,2975000000.0,1203000000.0,11195000000.0,1420000000.0,2017-04-26,64978680000.0,5.804259044216168,4.442682893477353,0.22508921387753725,1.1803823773898587,46.027457746478866
2017-06-26,PYPL.OQ,54.55,55.1,53.65,53.74,53.74,1433149,64555630661.46,1216000000.0,12.2290969899666,1196000000.0,0.35245,0.31579,384000000.0,2017-03-31,2975000000.0,1203000000.0,11195000000.0,1420000000.0,2017-04-26,64273040000.0,5.741227333631086,4.394437303432229,0.22756042035665422,1.1803823773898587,45.52761971830986
2017-06-27,PYPL.OQ,53.6,53.6,52.645,52.73,52.73,2834445,63342359597.67,1216000000.0,12.2290969899666,1196000000.0,0.35245,0.31579,384000000.0,2017-03-31,2975000000.0,1203000000.0,11195000000.0,1420000000.0,2017-04-26,63065080000.0,5.633325591782046,4.311847395049895,0.23191915399140148,1.1803823773898587,44.67196478873239
2017-06-28,PYPL.OQ,52.75,54.44,52.65,54.39,54.39,2403657,65336448672.81,1216000000.0,12.2290969899666,1196000000.0,0.35245,0.31579,384000000.0,2017-03-31,2975000000.0,1203000000.0,11195000000.0,1420000000.0,2017-04-26,65050440000.0,5.810669048682447,4.447589224668382,0.22484090807072257,1.1803823773898587,46.07828873239436
2017-06-29,PYPL.OQ,54.09,54.1,52.53,53.42,53.42,3388170,64171227948.18,1216000000.0,12.2290969899666,1196000000.0,0.35245,0.31579,384000000.0,2017-03-31,2975000000.0,1203000000.0,11195000000.0,1420000000.0,2017-04-26,63890320000.0,5.707040643144261,4.368270203746737,0.22892356776425682,1.1803823773898587,45.25652112676056
2017-06-30,PYPL.OQ,53.6,54.25,53.3,53.67,53.67,2859485,64471542567.93,1216000000.0,12.2290969899666,1196000000.0,0.35245,0.31579,384000000.0,2017-03-31,2975000000.0,1203000000.0,11195000000.0,1420000000.0,2017-04-26,64189320000.0,5.733748995087092,4.388713250376027,0.22785721986149804,1.1803823773898587,45.46831690140845
2017-07-03,PYPL.OQ,54.03,54.31,52.83,52.87,52.87,1908554,63510535784.7299,1216000000.0,12.2290969899666,1196000000.0,0.35245,0.31579,384000000.0,2017-03-31,2975000000.0,1203000000.0,11195000000.0,1420000000.0,2017-04-26,63232520000.0,5.648282268870031,4.323295501162298,0.23130503101885,1.1803823773898587,44.790570422535204
2017-07-05,PYPL.OQ,53.0,54.74,52.94,54.61,54.61,3178705,65600725538.19,1216000000.0,12.2290969899666,1196000000.0,0.35245,0.31579,384000000.0,2017-03-31,2975000000.0,1203000000.0,11195000000.0,1420000000.0,2017-04-26,65313560000.0,5.834172398392139,4.465579105702158,0.22393512158884085,1.1803823773898587,46.264669014084504
2017-07-06,PYPL.OQ,54.09,54.15,53.16,53.47,53.47,2118774,64231290872.13,1216000000.0,12.2290969899666,1196000000.0,0.35245,0.31579,384000000.0,2017-03-31,2975000000.0,1203000000.0,11195000000.0,1420000000.0,2017-04-26,63950120000.0,5.712382313532827,4.372358813072594,0.22870950046692726,1.1803823773898587,45.29888028169014
2017-07-07,PYPL.OQ,53.52,54.48,53.52,53.97,53.97,1519765,64831920111.63,1216000000.0,12.2290969899666,1196000000.0,0.35245,0.31579,384000000.0,2017-03-31,2975000000.0,1203000000.0,11195000000.0,1420000000.0,2017-04-26,64548120000.0,5.76579901741849,4.413244906331175,0.2265906427638799,1.1803823773898587,45.72247183098591
2017-07-10,PYPL.OQ,54.91,55.42,54.7,54.94,54.94,2781037,65997140836.2599,1216000000.0,12.2290969899666,1196000000.0,0.35245,0.31579,384000000.0,2017-03-31,2975000000.0,1203000000.0,11195000000.0,1420000000.0,2017-04-26,65708240000.0,5.869427422956677,4.492563927252821,0.22259004350139425,1.1803823773898587,46.54423943661971
2017-07-11,PYPL.OQ,54.92,55.195,54.34,54.76,54.76,2828417,65780914310.04,1216000000.0,12.2290969899666,1196000000.0,0.35245,0.31579,384000000.0,2017-03-31,2975000000.0,1203000000.0,11195000000.0,1420000000.0,2017-04-26,65492960000.0,5.850197409557838,4.477844933679732,0.2233217127459204,1.1803823773898587,46.39174647887324
2017-07-12,PYPL.OQ,56.67,57.44,55.55,56.55,56.55,4377169,67931166987.45,1216000000.0,12.2290969899666,1196000000.0,0.35245,0.31579,384000000.0,2017-03-31,2975000000.0,1203000000.0,11195000000.0,1420000000.0,2017-04-26,67633800000.0,6.041429209468513,4.62421714754545,0.21625282033539522,1.1803823773898587,47.90820422535211
2017-07-13,PYPL.OQ,57.3,57.91,56.8,57.9,57.9,3792233,69552865934.0999,1216000000.0,12.2290969899666,1196000000.0,0.35245,0.31579,384000000.0,2017-03-31,2975000000.0,1203000000.0,11195000000.0,1420000000.0,2017-04-26,69248400000.0,6.185654309959803,4.734609599343617,0.21121065613068393,1.1803823773898587,49.0519014084507
2017-07-14,PYPL.OQ,58.1,58.63,56.92,57.16,57.16,2948152,68663934659.64,1216000000.0,12.2290969899666,1196000000.0,0.35245,0.31579,384000000.0,2017-03-31,2975000000.0,1203000000.0,11195000000.0,1420000000.0,2017-04-26,68363359999.99999,6.106597588209021,4.674098181320918,0.21394501382026943,1.1803823773898587,48.424985915492954
2017-07-17,PYPL.OQ,57.53,57.6,57.02,57.58,57.58,2004575,69168463220.8199,1216000000.0,12.2290969899666,1196000000.0,0.35245,0.31579,384000000.0,2017-03-31,2975000000.0,1203000000.0,11195000000.0,1420000000.0,2017-04-26,68865680000.0,6.151467619472979,4.708442499658126,0.21238445623422367,1.1803823773898587,48.78080281690141
2017-07-18,PYPL.OQ,57.58,58.96,57.4,58.96,58.96,3132635,70826199921.84,1216000000.0,12.2290969899666,1196000000.0,0.35245,0.31579,384000000.0,2017-03-31,2975000000.0,1203000000.0,11195000000.0,1420000000.0,2017-04-26,70516160000.0,6.29889772219741,4.821288117051808,0.20741344962629918,1.1803823773898587,49.94991549295774
2017-07-19,PYPL.OQ,58.52,58.62,57.57,58.35,58.35,2934666,70093432249.65,1216000000.0,12.2290969899666,1196000000.0,0.35245,0.31579,384000000.0,2017-03-31,2975000000.0,1203000000.0,11195000000.0,1420000000.0,2017-04-26,69786600000.0,6.2337293434569006,4.7714070832763396,0.20958178217594858,1.1803823773898587,49.4331338028169
2017-07-20,PYPL.OQ,58.75,59.37,58.44,59.09,59.09,2420699,70982363524.11,1216000000.0,12.2290969899666,1196000000.0,0.35245,0.31579,384000000.0,2017-03-31,2975000000.0,1203000000.0,11195000000.0,1420000000.0,2017-04-26,70671640000.0,6.312786065207682,4.8319185012990395,0.20695713301686577,1.1803823773898587,50.06004929577465
2017-07-21,PYPL.OQ,58.88,59.33,58.6,58.67,58.67,2770154,70544633398.08,1216000000.0,12.2290969899666,1196000000.0,0.35245,0.31579,384000000.0,2017-03-31,2975000000.0,1203000000.0,11195000000.0,1420000000.0,2017-04-26,70169320000.0,6.267916033943725,4.7975741829618315,0.20843867376796657,1.1803823773898587,49.704232394366194
2017-07-24,PYPL.OQ,58.96,59.05,58.34,58.58,58.58,2027388,70436417665.92,1216000000.0,12.2290969899666,1196000000.0,0.35245,0.31579,384000000.0,2017-03-31,2975000000.0,1203000000.0,11195000000.0,1420000000.0,2017-04-26,70061680000.0,6.258301027244306,4.790214686175287,0.2087589107198122,1.1803823773898587,49.62798591549296
2017-07-25,PYPL.OQ,58.73,58.81,58.19,58.26,58.26,2365628,70051650618.2399,1216000000.0,12.2290969899666,1196000000.0,0.35245,0.31579,384000000.0,2017-03-31,2975000000.0,1203000000.0,11195000000.0,1420000000.0,2017-04-26,69678960000.0,6.224114336757481,4.764047586489795,0.20990554394038105,1.1803823773898587,49.35688732394366
2017-07-26,PYPL.OQ,58.5,58.94,57.91,58.79,58.79,2909658,70688921040.9599,1215000000.0,12.477537437604,1202000000.0,0.34193,0.33827,411000000.0,2017-06-30,3136000000.0,1202000000.0,11681000000.0,1508000000.0,2017-07-26,70665580000.0,6.049617327283623,4.71166688891852,0.2122391127335261,1.254575707154742,46.86046419098143
2017-07-27,PYPL.OQ,61.0,61.3,57.7,60.15,60.15,6440624,72324180993.5999,1215000000.0,12.477537437604,1202000000.0,0.34193,0.33827,411000000.0,2017-06-30,3136000000.0,1202000000.0,11681000000.0,1508000000.0,2017-07-26,72300300000.0,6.189564249636161,4.820662755034002,0.20744035640239403,1.254575707154742,47.94449602122016
2017-07-28,PYPL.OQ,59.8,60.7,59.04,59.2,59.2,2718895,71181903820.8,1215000000.0,12.477537437604,1202000000.0,0.34193,0.33827,411000000.0,2017-06-30,3136000000.0,1202000000.0,11681000000.0,1508000000.0,2017-07-26,71158400000.0,6.091807208286962,4.74452593679157,0.21076921347304053,1.254575707154742,47.187267904509284
2017-07-31,PYPL.OQ,59.48,59.63,58.53,58.55,58.55,3038779,70400345755.2,1215000000.0,12.477537437604,1202000000.0,0.34193,0.33827,411000000.0,2017-06-30,3136000000.0,1202000000.0,11681000000.0,1508000000.0,2017-07-26,70377100000.0,6.0249208115743516,4.692432324309905,0.21310909372508968,1.254575707154742,46.66916445623342
2017-08-01,PYPL.OQ,59.0,59.39,58.79,59.34,59.34,2889393,71350239404.16,1215000000.0,12.477537437604,1202000000.0,0.34193,0.33827,411000000.0,2017-06-30,3136000000.0,1202000000.0,11681000000.0,1508000000.0,2017-07-26,71326680000.0,6.10621350911737,4.7557460994799285,0.21027194872942365,1.254575707154742,47.29885941644562
2017-08-02,PYPL.OQ,59.71,59.71,58.44,59.12,59.12,2452409,71085712058.8799,1215000000.0,12.477537437604,1202000000.0,0.34193,0.33827,411000000.0,2017-06-30,3136000000.0,1202000000.0,11681000000.0,1508000000.0,2017-07-26,71062240000.0,6.083575036383872,4.738114415255365,0.21105442215162382,1.254575707154742,47.12350132625995
2017-08-03,PYPL.OQ,59.16,59.26,58.37,58.42,58.42,2220475,70244034142.08,1215000000.0,12.477537437604,1202000000.0,0.34193,0.33827,411000000.0,2017-06-30,3136000000.0,1202000000.0,11681000000.0,1508000000.0,2017-07-26,70220840000.0,6.01154353223183,4.682013601813573,0.21358331800075317,1.254575707154742,46.56554376657825
2017-08-04,PYPL.OQ,58.62,58.89,58.33,58.86,58.86,2137765,70773088832.64,1215000000.0,12.477537437604,1202000000.0,0.34193,0.33827,411000000.0,2017-06-30,3136000000.0,1202000000.0,11681000000.0,1508000000.0,2017-07-26,70749720000.0,6.056820477698827,4.7172769702626995,0.2119867046823649,1.254575707154742,46.9162599469496
2017-08-07,PYPL.OQ,59.18,59.64,58.85,59.62,59.62,2038051,71686910570.8799,1215000000.0,12.477537437604,1202000000.0,0.34193,0.33827,411000000.0,2017-06-30,3136000000.0,1202000000.0,11681000000.0,1508000000.0,2017-07-26,71663240000.0,6.1350261107781865,4.778186424856645,0.2092844253204294,1.254575707154742,47.5220424403183
2017-08-08,PYPL.OQ,59.7,59.85,59.25,59.48,59.48,1861031,71518574987.5199,1215000000.0,12.477537437604,1202000000.0,0.34193,0.33827,411000000.0,2017-06-30,3136000000.0,1202000000.0,11681000000.0,1508000000.0,2017-07-26,71494960000.0,6.120619809947779,4.766966262168286,0.20977702484203095,1.254575707154742,47.41045092838196
2017-08-09,PYPL.OQ,58.97,59.72,58.59,59.67,59.67,2100205,71747030422.08,1215000000.0,12.477537437604,1202000000.0,0.34193,0.33827,411000000.0,2017-06-30,3136000000.0,1202000000.0,11681000000.0,1508000000.0,2017-07-26,71723340000.0,6.140171218217619,4.782193625816774,0.20910905710749117,1.254575707154742,47.56189655172414
2017-08-10,PYPL.OQ,59.24,59.35,57.82,58.02,58.02,2986706,69763075332.48,1215000000.0,12.477537437604,1202000000.0,0.34193,0.33827,411000000.0,2017-06-30,3136000000.0,1202000000.0,11681000000.0,1508000000.0,2017-07-26,69740040000.0,5.970382672716377,4.649955994132549,0.21505579864881072,1.254575707154742,46.246710875331566
2017-08-11,PYPL.OQ,57.8,58.25,57.58,58.04,58.04,2111516,69787123272.9599,1215000000.0,12.477537437604,1202000000.0,0.34193,0.33827,411000000.0,2017-06-30,3136000000.0,1202000000.0,11681000000.0,1508000000.0,2017-07-26,69764080000.0,5.97244071569215,4.6515588745166,0.21498169258449343,1.254575707154742,46.2626525198939
2017-08-14,PYPL.OQ,58.61,59.27,58.28,59.06,59.06,2273605,71013568237.44,1215000000.0,12.477537437604,1202000000.0,0.34193,0.33827,411000000.0,2017-06-30,3136000000.0,1202000000.0,11681000000.0,1508000000.0,2017-07-26,70990120000.0,6.077400907456553,4.733305774103211,0.2112688357196749,1.254575707154742,47.075676392572944
2017-08-15,PYPL.OQ,59.31,59.98,59.24,59.69,59.69,1638760,71771078362.56,1215000000.0,12.477537437604,1202000000.0,0.34193,0.33827,411000000.0,2017-06-30,3136000000.0,1202000000.0,11681000000.0,1508000000.0,2017-07-26,71747380000.0,6.142229261193391,4.783796506200824,0.20903899208584353,1.254575707154742,47.57783819628647
2017-08-16,PYPL.OQ,59.95,60.7,59.61,60.29,60.29,1728290,72492516576.9599,1215000000.0,12.477537437604,1202000000.0,0.34193,0.33827,411000000.0,2017-06-30,3136000000.0,1202000000.0,11681000000.0,1508000000.0,2017-07-26,72468580000.0,6.203970550466569,4.831882917722361,0.20695865711733288,1.254575707154742,48.0560875331565
2017-08-17,PYPL.OQ,60.15,60.25,59.29,59.29,59.29,1951214,71290119552.9599,1215000000.0,12.477537437604,1202000000.0,0.34193,0.33827,411000000.0,2017-06-30,3136000000.0,1202000000.0,11681000000.0,1508000000.0,2017-07-26,71266580000.0,6.101068401677939,4.7517388985198,0.21044927369883623,1.254575707154742,47.259005305039786
2017-08-18,PYPL.OQ,59.36,59.815,58.94,59.44,59.44,2024967,71470479106.56,1215000000.0,12.477537437604,1202000000.0,0.34193,0.33827,411000000.0,2017-06-30,3136000000.0,1202000000.0,11681000000.0,1508000000.0,2017-07-26,71446880000.0,6.116503723996233,4.763760501400184,0.20991819376857335,1.254575707154742,47.37856763925729
2017-08-21,PYPL.OQ,59.33,59.645,58.76,59.4,59.4,1420930,71422383225.5999,1215000000.0,12.477537437604,1202000000.0,0.34193,0.33827,411000000.0,2017-06-30,3136000000.0,1202000000.0,11681000000.0,1508000000.0,2017-07-26,71398800000.0,6.112387638044688,4.760554740632082,0.21005955282161615,1.254575707154742,47.34668435013263
2017-08-22,PYPL.OQ,59.72,60.99,59.6,60.84,60.84,1888686,73153834940.16,1215000000.0,12.477537437604,1202000000.0,0.34193,0.33827,411000000.0,2017-06-30,3136000000.0,1202000000.0,11681000000.0,1508000000.0,2017-07-26,73129680000.0,6.260566732300317,4.875962128283769,0.20508772908619327,1.254575707154742,48.49448275862069
2017-08-23,PYPL.OQ,60.31,60.51,59.84,60.05,60.05,1325548,72203941291.2,1215000000.0,12.477537437604,1202000000.0,0.34193,0.33827,411000000.0,2017-06-30,3136000000.0,1202000000.0,11681000000.0,1508000000.0,2017-07-26,72180100000.0,6.179274034757298,4.812648353113746,0.20778580245801834,1.254575707154742,47.864787798408486
2017-08-24,PYPL.OQ,60.22,60.41,59.12,60.0,60.0,1397698,72143821440.0,1215000000.0,12.477537437604,1202000000.0,0.34193,0.33827,411000000.0,2017-06-30,3136000000.0,1202000000.0,11681000000.0,1508000000.0,2017-07-26,72120000000.0,6.1741289273178666,4.808641152153618,0.20795895729339997,1.254575707154742,47.824933687002655
2017-08-25,PYPL.OQ,60.26,60.58,59.62,59.97,59.97,1374152,72107749529.28,1215000000.0,12.477537437604,1202000000.0,0.34193,0.33827,411000000.0,2017-06-30,3136000000.0,1202000000.0,11681000000.0,1508000000.0,2017-07-26,72083940000.0,6.171041862854207,4.806236831577541,0.2080629887877939,1.254575707154742,47.80102122015915
2017-08-28,PYPL.OQ,60.31,60.53,59.81,60.53,60.53,1651974,72781091862.72,1215000000.0,12.477537437604,1202000000.0,0.34193,0.33827,411000000.0,2017-06-30,3136000000.0,1202000000.0,11681000000.0,1508000000.0,2017-07-26,72757060000.0,6.228667066175841,4.8511174823309755,0.20613807099957043,1.254575707154742,48.24738726790451
2017-08-29,PYPL.OQ,59.82,61.16,59.64,61.01,61.01,1586702,73358242434.2399,1215000000.0,12.477537437604,1202000000.0,0.34193,0.33827,411000000.0,2017-06-30,3136000000.0,1202000000.0,11681000000.0,1508000000.0,2017-07-26,73334020000.0,6.278060097594384,4.889586611548204,0.20451626680222915,1.254575707154742,48.62998673740053
2017-08-30,PYPL.OQ,61.1,61.86,60.89,61.77,61.77,2029391,74272064172.48,1215000000.0,12.477537437604,1202000000.0,0.34193,0.33827,411000000.0,2017-06-30,3136000000.0,1202000000.0,11681000000.0,1508000000.0,2017-07-26,74247540000.0,6.356265730673743,4.950496066142151,0.2019999585171442,1.254575707154742,49.235769230769236
2017-08-31,PYPL.OQ,62.0,62.015,61.175,61.68,61.68,2060079,74163848440.3199,1215000000.0,12.477537437604,1202000000.0,0.34193,0.33827,411000000.0,2017-06-30,3136000000.0,1202000000.0,11681000000.0,1508000000.0,2017-07-26,74139360000.0,6.347004537282767,4.943283104413919,0.20229470553832685,1.254575707154742,49.16403183023873
2017-09-01,PYPL.OQ,61.98,62.21,61.39,61.46,61.46,1282956,73899321095.04,1215000000.0,12.477537437604,1202000000.0,0.34193,0.33827,411000000.0,2017-06-30,3136000000.0,1202000000.0,11681000000.0,1508000000.0,2017-07-26,73874920000.0,6.324366064549268,4.925651420189356,0.20301883237233972,1.254575707154742,48.98867374005305
2017-09-05,PYPL.OQ,61.35,61.74,60.58,61.27,61.27,2138321,73670865660.48,1215000000.0,12.477537437604,1202000000.0,0.34193,0.33827,411000000.0,2017-06-30,3136000000.0,1202000000.0,11681000000.0,1508000000.0,2017-07-26,73646540000.0,6.3048146562794285,4.91042405654087,0.20364839950390076,1.254575707154742,48.837228116710875
2017-09-06,PYPL.OQ,61.74,61.99,60.9,61.24,61.24,1573690,73634793749.76,1215000000.0,12.477537437604,1202000000.0,0.34193,0.33827,411000000.0,2017-06-30,3136000000.0,1202000000.0,11681000000.0,1508000000.0,2017-07-26,73610480000.0,6.301727591815769,4.9080197359647935,0.20374816194650552,1.254575707154742,48.81331564986738
2017-09-07,PYPL.OQ,61.5,62.13,61.32,62.0,62.0,1425497,74548615488.0,1215000000.0,12.477537437604,1202000000.0,0.34193,0.33827,411000000.0,2017-06-30,3136000000.0,1202000000.0,11681000000.0,1508000000.0,2017-07-26,74524000000.0,6.379933224895129,4.968929190558739,0.20125060383232257,1.254575707154742,49.41909814323608
2017-09-08,PYPL.OQ,61.94,62.0,61.11,61.13,61.13,1522032,73502530077.12,1215000000.0,12.477537437604,1202000000.0,0.34193,0.33827,411000000.0,2017-06-30,3136000000.0,1202000000.0,11681000000.0,1508000000.0,2017-07-26,73478260000.0,6.29040835544902,4.899203893852512,0.20411479531496807,1.254575707154742,48.725636604774536
2017-09-11,PYPL.OQ,61.74,63.25,61.74,62.64,62.64,2079385,75318149583.36,1215000000.0,12.477537437604,1202000000.0,0.34193,0.33827,411000000.0,2017-06-30,3136000000.0,1202000000.0,11681000000.0,1508000000.0,2017-07-26,75293280000.0,6.445790600119853,5.020221362848377,0.19919440353773946,1.254575707154742,49.92923076923077
2017-09-12,PYPL.OQ,62.95,63.11,62.16,62.56,62.56,1905128,75221957821.44,1215000000.0,12.477537437604,1202000000.0,0.34193,0.33827,411000000.0,2017-06-30,3136000000.0,1202000000.0,11681000000.0,1508000000.0,2017-07-26,75197120000.0,6.437558428216763,5.013809841312173,0.1994491278389386,1.254575707154742,49.865464190981434
2017-09-13,PYPL.OQ,62.69,62.75,61.585,62.04,62.04,1942870,74596711368.9599,1215000000.0,12.477537437604,1202000000.0,0.34193,0.33827,411000000.0,2017-06-30,3136000000.0,1202000000.0,11681000000.0,1508000000.0,2017-07-26,74572080000.0,6.384049310846674,4.972134951326841,0.20112084844622824,1.254575707154742,49.45098143236074
2017-09-14,PYPL.OQ,62.04,62.37,61.71,62.24,62.24,1757385,74837190773.76,1215000000.0,12.477537437604,1202000000.0,0.34193,0.33827,411000000.0,2017-06-30,3136000000.0,1202000000.0,11681000000.0,1508000000.0,2017-07-26,74812480000.0,6.4046297406044,4.988163755167354,0.2004745732262853,1.254575707154742,49.610397877984084
2017-09-15,PYPL.OQ,62.27,62.79,61.96,62.5,62.5,5527642,75149814000.0,1215000000.0,12.477537437604,1202000000.0,0.34193,0.33827,411000000.0,2017-06-30,3136000000.0,1202000000.0,11681000000.0,1508000000.0,2017-07-26,75125000000.0,6.431384299289444,5.009001200160019,0.199640599001664,1.254575707154742,49.81763925729443
2017-09-18,PYPL.OQ,62.62,63.52,62.52,62.92,62.92,2467062,75654820750.08,1215000000.0,12.477537437604,1202000000.0,0.34193,0.33827,411000000.0,2017-06-30,3136000000.0,1202000000.0,11681000000.0,1508000000.0,2017-07-26,75629840000.0,6.47460320178067,5.0426616882250945,0.19830796944698026,1.254575707154742,50.15241379310345
2017-09-19,PYPL.OQ,63.0,63.92,62.98,63.83,63.83,2247295,76749002041.92,1215000000.0,12.477537437604,1202000000.0,0.34193,0.33827,411000000.0,2017-06-30,3136000000.0,1202000000.0,11681000000.0,1508000000.0,2017-07-26,76723660000.0,6.568244157178324,5.115592745699424,0.19548076825323513,1.254575707154742,50.877758620689654
2017-09-20,PYPL.OQ,63.88,64.87,63.87,64.74,64.74,3207864,77843183333.76,1215000000.0,12.477537437604,1202000000.0,0.34193,0.33827,411000000.0,2017-06-30,3136000000.0,1202000000.0,11681000000.0,1508000000.0,2017-07-26,77817480000.0,6.661885112575978,5.188523803173753,0.19273304661112142,1.254575707154742,51.60310344827586
2017-09-21,PYPL.OQ,64.67,64.94,63.91,64.63,64.63,2215753,77710919661.12,1215000000.0,12.477537437604,1202000000.0,0.34193,0.33827,411000000.0,2017-06-30,3136000000.0,1202000000.0,11681000000.0,1508000000.0,2017-07-26,77685260000.0,6.650565876209229,5.179707961061472,0.19306107748110785,1.254575707154742,51.51542440318302
2017-09-22,PYPL.OQ,64.33,65.24,64.12,65.08,65.08,2131617,78251998321.92,1215000000.0,12.477537437604,1202000000.0,0.34193,0.33827,411000000.0,2017-06-30,3136000000.0,1202000000.0,11681000000.0,1508000000.0,2017-07-26,78226160000.0,6.6968718431641125,5.215772769702625,0.19172614378617087,1.254575707154742,51.87411140583554
2017-09-25,PYPL.OQ,65.0,65.0,62.37,63.5,63.5,3387175,76352211024.0,1215000000.0,12.477537437604,1202000000.0,0.34193,0.33827,411000000.0,2017-06-30,3136000000.0,1202000000.0,11681000000.0,1508000000.0,2017-07-26,76327000000.0,6.534286448078076,5.089145219362579,0.1964966525606929,1.254575707154742,50.61472148541114
2017-09-26,PYPL.OQ,63.71,63.74,62.84,62.94,62.94,2581523,75678868690.56,1215000000.0,12.477537437604,1202000000.0,0.34193,0.33827,411000000.0,2017-06-30,3136000000.0,1202000000.0,11681000000.0,1508000000.0,2017-07-26,75653880000.0,6.476661244756442,5.044264568609146,0.1982449545218303,1.254575707154742,50.16835543766578
2017-09-27,PYPL.OQ,63.41,63.74,63.17,63.33,63.33,2438958,76147803529.92,1215000000.0,12.477537437604,1202000000.0,0.34193,0.33827,411000000.0,2017-06-30,3136000000.0,1202000000.0,11681000000.0,1508000000.0,2017-07-26,76122660000.0,6.516793082784008,5.075520736098144,0.19702411870525816,1.254575707154742,50.4792175066313
2017-09-28,PYPL.OQ,63.62,64.05,63.11,63.93,63.93,1346202,76869241744.3199,1215000000.0,12.477537437604,1202000000.0,0.34193,0.33827,411000000.0,2017-06-30,3136000000.0,1202000000.0,11681000000.0,1508000000.0,2017-07-26,76843860000.0,6.578534372057187,5.12360714761968,0.19517499511346786,1.254575707154742,50.95746684350133
2017-09-29,PYPL.OQ,63.86,64.17,63.51,64.03,64.03,2447962,76989481446.72,1215000000.0,12.477537437604,1202000000.0,0.34193,0.33827,411000000.0,2017-06-30,3136000000.0,1202000000.0,11681000000.0,1508000000.0,2017-07-26,76964060000.0,6.58882458693605,5.131621549539936,0.1948701770670623,1.254575707154742,51.037175066313
2017-10-02,PYPL.OQ,64.5,65.12,64.11,64.18,64.18,1644598,77169841000.32,1215000000.0,12.477537437604,1202000000.0,0.34193,0.33827,411000000.0,2017-06-30,3136000000.0,1202000000.0,11681000000.0,1508000000.0,2017-07-26,77144360000.00002,6.604259909254346,5.143643152420321,0.19441473103153628,1.254575707154742,51.15673740053051
2017-10-03,PYPL.OQ,64.26,64.46,63.77,64.22,64.22,1763733,77217936881.28,1215000000.0,12.477537437604,1202000000.0,0.34193,0.33827,411000000.0,2017-06-30,3136000000.0,1202000000.0,11681000000.0,1508000000.0,2017-07-26,77192440000.0,6.60837599520589,5.146848913188423,0.19429363808165678,1.254575707154742,51.188620689655174
2017-10-04,PYPL.OQ,64.3,64.3,63.69,64.01,64.01,1614240,76965433506.24,1215000000.0,12.477537437604,1202000000.0,0.34193,0.33827,411000000.0,2017-06-30,3136000000.0,1202000000.0,11681000000.0,1508000000.0,2017-07-26,76940020000.0,6.586766543960278,5.130018669155885,0.1949310644837369,1.254575707154742,51.021233421750665
2017-10-05,PYPL.OQ,64.38,65.995,64.23,65.82,65.82,2320688,79141772119.68,1215000000.0,12.477537437604,1202000000.0,0.34193,0.33827,411000000.0,2017-06-30,3136000000.0,1202000000.0,11681000000.0,1508000000.0,2017-07-26,79115639999.99998,6.773019433267699,5.275079343912519,0.18957060828933456,1.254575707154742,52.4639522546419
2017-10-06,PYPL.OQ,65.82,66.41,65.79,66.05,66.05,1939826,79418323435.2,1215000000.0,12.477537437604,1202000000.0,0.34193,0.33827,411000000.0,2017-06-30,3136000000.0,1202000000.0,11681000000.0,1508000000.0,2017-07-26,79392100000.0,6.796686927489085,5.293512468329108,0.18891048353677517,1.254575707154742,52.64728116710875
2017-10-09,PYPL.OQ,66.25,66.55,65.91,66.23,66.23,1750499,79634754899.52,1215000000.0,12.477537437604,1202000000.0,0.34193,0.33827,411000000.0,2017-06-30,3136000000.0,1202000000.0,11681000000.0,1508000000.0,2017-07-26,79608460000.0,6.815209314271039,5.307938391785569,0.18839706232227085,1.254575707154742,52.79075596816976
2017-10-10,PYPL.OQ,66.6,66.6,65.8,66.04,66.04,1704458,79406299464.96,1215000000.0,12.477537437604,1202000000.0,0.34193,0.33827,411000000.0,2017-06-30,3136000000.0,1202000000.0,11681000000.0,1508000000.0,2017-07-26,79380080000.0,6.795657906001199,5.292711028137083,0.18893908900066625,1.254575707154742,52.63931034482759
2017-10-11,PYPL.OQ,67.23,68.415,66.98,67.78,67.78,3597411,81498470286.72,1215000000.0,12.477537437604,1202000000.0,0.34193,0.33827,411000000.0,2017-06-30,3136000000.0,1202000000.0,11681000000.0,1508000000.0,2017-07-26,81471560000.0,6.974707644893416,5.432161621549538,0.18408877895550307,1.254575707154742,54.02623342175067
2017-10-12,PYPL.OQ,68.0,68.98,67.81,68.86,68.86,2115698,82797059072.64,1215000000.0,12.477537437604,1202000000.0,0.34193,0.33827,411000000.0,2017-06-30,3136000000.0,1202000000.0,11681000000.0,1508000000.0,2017-07-26,82769720000.0,7.085841965585138,5.5187171622883024,0.1812015311879756,1.254575707154742,54.88708222811671
2017-10-13,PYPL.OQ,69.32,69.52,68.01,68.66,68.66,2569956,82556579667.84,1215000000.0,12.477537437604,1202000000.0,0.34193,0.33827,411000000.0,2017-06-30,3136000000.0,1202000000.0,11681000000.0,1508000000.0,2017-07-26,82529320000.0,7.065261535827412,5.502688358447791,0.1817293538829595,1.254575707154742,54.72766578249337
2017-10-16,PYPL.OQ,69.04,69.16,67.28,67.31,67.31,2428842,80933343685.44,1215000000.0,12.477537437604,1202000000.0,0.34193,0.33827,411000000.0,2017-06-30,3136000000.0,1202000000.0,11681000000.0,1508000000.0,2017-07-26,80906620000.0,6.92634363496276,5.394493932524334,0.18537420052895556,1.254575707154742,53.65160477453581
2017-10-17,PYPL.OQ,67.65,67.67,66.35,66.67,66.67,3206703,80163809590.08,1215000000.0,12.477537437604,1202000000.0,0.34193,0.33827,411000000.0,2017-06-30,3136000000.0,1202000000.0,11681000000.0,1508000000.0,2017-07-26,80137340000.0,6.860486259738036,5.343201760234695,0.18715370387886604,1.254575707154742,53.14147214854111
2017-10-18,PYPL.OQ,67.41,67.5,67.01,67.26,67.26,1924994,80840487719.64,1215000000.0,12.477537437604,1202000000.0,0.34193,0.33827,411000000.0,2017-06-30,3136000000.0,1202000000.0,11681000000.0,1508000000.0,2017-07-26,80846520000.0,6.9211985275233285,5.390486731564207,0.18551200472203386,1.254575707154742,53.611750663129975
2017-10-19,PYPL.OQ,67.3,67.4,66.17,67.25,67.25,3708290,80828468616.5,1223000000.0,12.8386023294509,1202000000.0,0.31614,0.31071,380000000.0,2017-09-30,3239000000.0,1202000000.0,12281000000.0,1565000000.0,2017-10-19,80834500000.0,6.582078006676981,5.238109123898399,0.1909085848245487,1.3019966722129783,51.651437699680514
2017-10-20,PYPL.OQ,71.2,71.73,69.69,70.97,70.97,7770295,85299574984.58,1223000000.0,12.8386023294509,1202000000.0,0.31614,0.31071,380000000.0,2017-09-30,3239000000.0,1202000000.0,12281000000.0,1565000000.0,2017-10-19,85305940000.0,6.946172135819559,5.527860290305864,0.18090182231155277,1.3019966722129783,54.50858785942492
2017-10-23,PYPL.OQ,71.02,71.32,69.55,69.8,69.8,3534122,83893339917.2,1223000000.0,12.8386023294509,1202000000.0,0.31614,0.31071,380000000.0,2017-09-30,3239000000.0,1202000000.0,12281000000.0,1565000000.0,2017-10-19,83899600000.0,6.831658659718264,5.436728875064807,0.1839341307944255,1.3019966722129783,53.60996805111821
2017-10-24,PYPL.OQ,69.73,70.56,69.68,70.21,70.21,3020652,84386123145.9399,1223000000.0,12.8386023294509,1202000000.0,0.31614,0.31071,380000000.0,2017-09-30,3239000000.0,1202000000.0,12281000000.0,1565000000.0,2017-10-19,84392420000.0,6.871787313736666,5.468663815448425,0.18286002463254383,1.3019966722129783,53.92486900958466
2017-10-25,PYPL.OQ,70.04,71.415,70.02,71.02,71.02,3589701,85359670500.28,1223000000.0,12.8386023294509,1202000000.0,0.31614,0.31071,380000000.0,2017-09-30,3239000000.0,1202000000.0,12281000000.0,1565000000.0,2017-10-19,85366040000.0,6.9510658741144855,5.531754795230696,0.18077446253803015,1.3019966722129783,54.546990415335465
2017-10-26,PYPL.OQ,71.46,72.07,71.04,71.34,71.34,2701875,85744281800.76,1223000000.0,12.8386023294509,1202000000.0,0.31614,0.31071,380000000.0,2017-09-30,3239000000.0,1202000000.0,12281000000.0,1565000000.0,2017-10-19,85750680000.0,6.982385799202019,5.556679626749618,0.17996358746076394,1.3019966722129783,54.792766773162946
2017-10-27,PYPL.OQ,71.7,71.79,70.59,71.06,71.06,3043228,85407746912.84,1223000000.0,12.8386023294509,1202000000.0,0.31614,0.31071,380000000.0,2017-09-30,3239000000.0,1202000000.0,12281000000.0,1565000000.0,2017-10-19,85414120000.0,6.954980864750428,5.534870399170561,0.18067270376373346,1.3019966722129783,54.5777124600639
2017-10-30,PYPL.OQ,71.46,71.5,70.54,71.15,71.15,1815185,85515918841.1,1223000000.0,12.8386023294509,1202000000.0,0.31614,0.31071,380000000.0,2017-09-30,3239000000.0,1202000000.0,12281000000.0,1565000000.0,2017-10-19,85522300000.0,6.963789593681296,5.541880508035258,0.18044416485524806,1.3019966722129783,54.64683706070288
2017-10-31,PYPL.OQ,71.34,72.73,71.11,72.56,72.56,2169442,87210612383.84,1223000000.0,12.8386023294509,1202000000.0,0.31614,0.31071,380000000.0,2017-09-30,3239000000.0,1202000000.0,12281000000.0,1565000000.0,2017-10-19,87217120000.0,7.1017930135982414,5.651705546915507,0.17693773882925715,1.3019966722129783,55.729789137380195
2017-11-01,PYPL.OQ,72.74,72.99,71.7,72.38,72.38,1928054,86994268527.3199,1223000000.0,12.8386023294509,1202000000.0,0.31614,0.31071,380000000.0,2017-09-30,3239000000.0,1202000000.0,12281000000.0,1565000000.0,2017-10-19,87000760000.0,7.084175555736503,5.637685329186113,0.1773777608379511,1.3019966722129783,55.59153993610224
2017-11-02,PYPL.OQ,72.46,72.75,72.01,72.25,72.25,1265190,86838020186.5,1223000000.0,12.8386023294509,1202000000.0,0.31614,0.31071,380000000.0,2017-09-30,3239000000.0,1202000000.0,12281000000.0,1565000000.0,2017-10-19,86844500000.0,7.071451836169693,5.627559616381552,0.17769691805468374,1.3019966722129783,55.49169329073483
2017-11-03,PYPL.OQ,72.37,73.41,71.95,73.39,73.39,2027768,88208197944.46,1223000000.0,12.8386023294509,1202000000.0,0.31614,0.31071,380000000.0,2017-09-30,3239000000.0,1202000000.0,12281000000.0,1565000000.0,2017-10-19,88214780000.0,7.183029069294031,5.71635432866771,0.17493667160990464,1.3019966722129783,56.36727156549521
2017-11-06,PYPL.OQ,73.58,74.76,73.42,74.74,74.74,3062784,89830776868.36,1223000000.0,12.8386023294509,1202000000.0,0.31614,0.31071,380000000.0,2017-09-30,3239000000.0,1202000000.0,12281000000.0,1565000000.0,2017-10-19,89837480000.0,7.315160003257064,5.821505961638161,0.17177685749867408,1.3019966722129783,57.40414057507987
2017-11-07,PYPL.OQ,75.17,75.45,74.2,74.41,74.41,1968922,89434146464.7399,1223000000.0,12.8386023294509,1202000000.0,0.31614,0.31071,380000000.0,2017-09-30,3239000000.0,1202000000.0,12281000000.0,1565000000.0,2017-10-19,89440820000.0,7.282861330510545,5.795802229134273,0.1725386685855517,1.3019966722129783,57.15068370607029
2017-11-08,PYPL.OQ,73.98,75.0,73.31,74.77,74.77,2117167,89866834177.78,1223000000.0,12.8386023294509,1202000000.0,0.31614,0.31071,380000000.0,2017-09-30,3239000000.0,1202000000.0,12281000000.0,1565000000.0,2017-10-19,89873540000.0,7.31809624623402,5.82384266459306,0.1717079353945553,1.3019966722129783,57.4271821086262
2017-11-09,PYPL.OQ,74.02,74.16,72.42,74.1,74.1,2708913,89061554267.4,1223000000.0,12.8386023294509,1202000000.0,0.31614,0.31071,380000000.0,2017-09-30,3239000000.0,1202000000.0,12281000000.0,1565000000.0,2017-10-19,89068200000.0,7.2525201530819965,5.771656298600317,0.17326049027599058,1.3019966722129783,56.91258785942492
2017-11-10,PYPL.OQ,73.77,74.14,73.56,73.99,73.99,1605685,88929344132.86,1223000000.0,12.8386023294509,1202000000.0,0.31614,0.31071,380000000.0,2017-09-30,3239000000.0,1202000000.0,12281000000.0,1565000000.0,2017-10-19,88935980000.0,7.241753928833157,5.763088387765688,0.17351807446210166,1.3019966722129783,56.82810223642172
2017-11-13,PYPL.OQ,73.64,74.28,73.35,74.03,74.03,1938554,88977420545.42,1223000000.0,12.8386023294509,1202000000.0,0.31614,0.31071,380000000.0,2017-09-30,3239000000.0,1202000000.0,12281000000.0,1565000000.0,2017-10-19,88984060000.0,7.245668919469098,5.766203991705554,0.17342431891734295,1.3019966722129783,56.85882428115016
2017-11-14,PYPL.OQ,73.97,74.82,73.62,74.49,74.49,1601458,89530299289.86,1223000000.0,12.8386023294509,1202000000.0,0.31614,0.31071,380000000.0,2017-09-30,3239000000.0,1202000000.0,12281000000.0,1565000000.0,2017-10-19,89536980000.0,7.290691311782428,5.802033437014003,0.17235336729025239,1.3019966722129783,57.21212779552715
2017-11-15,PYPL.OQ,74.3,74.39,73.19,73.43,73.43,1817482,88256274357.02,1223000000.0,12.8386023294509,1202000000.0,0.31614,0.31071,380000000.0,2017-09-30,3239000000.0,1202000000.0,12281000000.0,1565000000.0,2017-10-19,88262860000.00002,7.186944059929974,5.719469932607576,0.1748413772225371,1.3019966722129783,56.39799361022365
2017-11-16,PYPL.OQ,75.33,77.93,75.3,77.7,77.7,4051935,93388431397.8,1223000000.0,12.8386023294509,1202000000.0,0.31614,0.31071,380000000.0,2017-09-30,3239000000.0,1202000000.0,12281000000.0,1565000000.0,2017-10-19,93395400000.0,7.604869310316749,6.052060653188188,0.16523297721301028,1.3019966722129783,59.67757188498403
2017-11-17,PYPL.OQ,77.81,77.91,75.805,76.38,76.38,3315313,91801909783.3199,1223000000.0,12.8386023294509,1202000000.0,0.31614,0.31071,380000000.0,2017-09-30,3239000000.0,1202000000.0,12281000000.0,1565000000.0,2017-10-19,91808760000.0,7.475674619330674,5.949245723172635,0.16808853534237891,1.3019966722129783,58.66374440894568
2017-11-20,PYPL.OQ,76.6,77.31,75.88,76.01,76.01,2001023,91357202967.14,1223000000.0,12.8386023294509,1202000000.0,0.31614,0.31071,380000000.0,2017-09-30,3239000000.0,1202000000.0,12281000000.0,1565000000.0,2017-10-19,91364020000.0,7.4394609559482126,5.920426386728883,0.1689067534462689,1.3019966722129783,58.37956549520767
2017-11-21,PYPL.OQ,77.0,78.43,76.9,77.77,77.77,2566918,93472565119.78,1223000000.0,12.8386023294509,1202000000.0,0.31614,0.31071,380000000.0,2017-09-30,3239000000.0,1202000000.0,12281000000.0,1565000000.0,2017-10-19,93479540000.0,7.611720543929647,6.057512960082951,0.1650842526610634,1.3019966722129783,59.73133546325879
2017-11-22,PYPL.OQ,77.98,77.99,76.63,77.57,77.57,2200301,93232183056.98,1223000000.0,12.8386023294509,1202000000.0,0.31614,0.31071,380000000.0,2017-09-30,3239000000.0,1202000000.0,12281000000.0,1565000000.0,2017-10-19,93239139999.99998,7.592145590749937,6.041934940383625,0.1655098920903816,1.3019966722129783,59.57772523961661
2017-11-24,PYPL.OQ,77.7,78.89,77.7,78.57,78.57,1426070,94434093370.98,1223000000.0,12.8386023294509,1202000000.0,0.31614,0.31071,380000000.0,2017-09-30,3239000000.0,1202000000.0,12281000000.0,1565000000.0,2017-10-19,94441139999.99998,7.69002035664848,6.119825038880255,0.16340336425417973,1.3019966722129783,60.345776357827475
2017-11-27,PYPL.OQ,78.52,79.35,77.72,77.84,77.84,2281251,93556698841.76,1223000000.0,12.8386023294509,1202000000.0,0.31614,0.31071,380000000.0,2017-09-30,3239000000.0,1202000000.0,12281000000.0,1565000000.0,2017-10-19,93563680000.0,7.618571777542545,6.062965266977716,0.16493579559931784,1.3019966722129783,59.78509904153355
2017-11-28,PYPL.OQ,77.95,78.23,77.25,77.79,77.79,2782373,93496603326.06,1223000000.0,12.8386023294509,1202000000.0,0.31614,0.31071,380000000.0,2017-09-30,3239000000.0,1202000000.0,12281000000.0,1565000000.0,2017-10-19,93503580000.0,7.613678039247619,6.059070762052885,0.16504180909436816,1.3019966722129783,59.74669648562301
2017-11-29,PYPL.OQ,77.86,77.94,71.68,73.25,73.25,6569297,88039930500.5,1223000000.0,12.8386023294509,1202000000.0,0.31614,0.31071,380000000.0,2017-09-30,3239000000.0,1202000000.0,12281000000.0,1565000000.0,2017-10-19,88046500000.0,7.169326602068235,5.705449714878182,0.17527102156246963,1.3019966722129783,56.259744408945686
2017-11-30,PYPL.OQ,73.77,75.87,73.54,75.73,75.73,6009577,91020668079.22,1223000000.0,12.8386023294509,1202000000.0,0.31614,0.31071,380000000.0,2017-09-30,3239000000.0,1202000000.0,12281000000.0,1565000000.0,2017-10-19,91027460000.0,7.412056021496621,5.8986171591498255,0.16953126012743827,1.3019966722129783,58.16451118210863
2017-12-01,PYPL.OQ,75.22,76.43,74.28,75.3,75.3,3419798,90503846644.2,1223000000.0,12.8386023294509,1202000000.0,0.31614,0.31071,380000000.0,2017-09-30,3239000000.0,1202000000.0,12281000000.0,1565000000.0,2017-10-19,90510600000.0,7.369969872160247,5.865124416796274,0.17049936692497877,1.3019966722129783,57.834249201277956
2017-12-04,PYPL.OQ,75.64,75.74,68.61,70.97,70.97,6330056,85299574984.58,1223000000.0,12.8386023294509,1202000000.0,0.31614,0.31071,380000000.0,2017-09-30,3239000000.0,1202000000.0,12281000000.0,1565000000.0,2017-10-19,85305940000.0,6.946172135819559,5.527860290305864,0.18090182231155277,1.3019966722129783,54.50858785942492
2017-12-05,PYPL.OQ,69.92,72.75,69.61,71.2,71.2,4391842,85576014356.8,1223000000.0,12.8386023294509,1202000000.0,0.31614,0.31071,380000000.0,2017-09-30,3239000000.0,1202000000.0,12281000000.0,1565000000.0,2017-10-19,85582400000.0,6.968683331976224,5.54577501296009,0.1803174484473441,1.3019966722129783,54.68523961661342
2017-12-06,PYPL.OQ,70.89,73.2,70.83,73.14,73.14,2958374,87907720365.96,1223000000.0,12.8386023294509,1202000000.0,0.31614,0.31071,380000000.0,2017-09-30,3239000000.0,1202000000.0,12281000000.0,1565000000.0,2017-10-19,87914280000.0,7.158560377819396,5.696881804043553,0.17553462304417417,1.3019966722129783,56.175258785942496
2017-12-07,PYPL.OQ,73.43,74.06,73.26,73.69,73.69,2510617,88568771038.66,1223000000.0,12.8386023294509,1202000000.0,0.31614,0.31071,380000000.0,2017-09-30,3239000000.0,1202000000.0,12281000000.0,1565000000.0,2017-10-19,88575380000.0,7.212391499063594,5.739721358216699,0.17422448540440902,1.3019966722129783,56.597686900958465
2017-12-08,PYPL.OQ,74.43,74.49,72.61,72.91,72.91,2507216,87631280993.7399,1223000000.0,12.8386023294509,1202000000.0,0.31614,0.31071,380000000.0,2017-09-30,3239000000.0,1202000000.0,12281000000.0,1565000000.0,2017-10-19,87637820000.0,7.136049181662731,5.678967081389327,0.1760883600253861,1.3019966722129783,55.998607028753995
2017-12-11,PYPL.OQ,72.88,73.66,72.69,73.29,73.29,1591999,88088006913.06,1223000000.0,12.8386023294509,1202000000.0,0.31614,0.31071,380000000.0,2017-09-30,3239000000.0,1202000000.0,12281000000.0,1565000000.0,2017-10-19,88094580000.0,7.173241592704177,5.708565318818048,0.1751753626613576,1.3019966722129783,56.29046645367413
2017-12-12,PYPL.OQ,73.45,74.31,73.01,73.62,73.62,1899001,88484637316.68,1223000000.0,12.8386023294509,1202000000.0,0.31614,0.31071,380000000.0,2017-09-30,3239000000.0,1202000000.0,12281000000.0,1565000000.0,2017-10-19,88491240000.0,7.205540265450696,5.734269051321935,0.17439014302432626,1.3019966722129783,56.54392332268371
2017-12-13,PYPL.OQ,74.08,75.42,73.77,74.09,74.09,2283821,89049535164.26,1223000000.0,12.8386023294509,1202000000.0,0.31614,0.31071,380000000.0,2017-09-30,3239000000.0,1202000000.0,12281000000.0,1565000000.0,2017-10-19,89056180000.0,7.251541405423011,5.770877397615352,0.17328387541437304,1.3019966722129783,56.904907348242816
2017-12-14,PYPL.OQ,74.5,75.53,74.2,74.26,74.26,2504610,89253859917.64,1223000000.0,12.8386023294509,1202000000.0,0.31614,0.31071,380000000.0,2017-09-30,3239000000.0,1202000000.0,12281000000.0,1565000000.0,2017-10-19,89260520000.0,7.268180115625763,5.784118714359779,0.1728871846142055,1.3019966722129783,57.035476038338665
2017-12-15,PYPL.OQ,74.85,75.87,73.52,75.65,75.65,5749891,90924515254.1,1223000000.0,12.8386023294509,1202000000.0,0.31614,0.31071,380000000.0,2017-09-30,3239000000.0,1202000000.0,12281000000.0,1565000000.0,2017-10-19,90931300000.0,7.404226040224738,5.892385951270096,0.16971053971514738,1.3019966722129783,58.10306709265176
2017-12-18,PYPL.OQ,76.25,76.34,75.2,75.32,75.32,2382691,90527884850.48,1223000000.0,12.8386023294509,1202000000.0,0.31614,0.31071,380000000.0,2017-09-30,3239000000.0,1202000000.0,12281000000.0,1565000000.0,2017-10-19,90534639999.99998,7.371927367478217,5.866682218766206,0.1704540935933471,1.3019966722129783,57.849610223642166
2017-12-19,PYPL.OQ,75.15,75.27,73.91,74.5,74.5,2245454,89542318393.0,1223000000.0,12.8386023294509,1202000000.0,0.31614,0.31071,380000000.0,2017-09-30,3239000000.0,1202000000.0,12281000000.0,1565000000.0,2017-10-19,89549000000.0,7.291670059441413,5.80281233799897,0.1723302326100792,1.3019966722129783,57.21980830670927
2017-12-20,PYPL.OQ,74.64,74.89,73.77,74.0,74.0,1763808,88941363236.0,1223000000.0,12.8386023294509,1202000000.0,0.31614,0.31071,380000000.0,2017-09-30,3239000000.0,1202000000.0,12281000000.0,1565000000.0,2017-10-19,88948000000.0,7.2427326764921425,5.763867288750655,0.1734946260736608,1.3019966722129783,56.83578274760384
2017-12-21,PYPL.OQ,74.19,74.47,73.8,74.02,74.02,1415031,88965401442.28,1223000000.0,12.8386023294509,1202000000.0,0.31614,0.31071,380000000.0,2017-09-30,3239000000.0,1202000000.0,12281000000.0,1565000000.0,2017-10-19,88972040000.0,7.244690171810113,5.765425090720587,0.17344774830384896,1.3019966722129783,56.85114376996805
2017-12-22,PYPL.OQ,73.8,74.03,72.9,73.89,73.89,1388363,88809153101.46,1223000000.0,12.8386023294509,1202000000.0,0.31614,0.31071,380000000.0,2017-09-30,3239000000.0,1202000000.0,12281000000.0,1565000000.0,2017-10-19,88815780000.0,7.231966452243302,5.7552993779160255,0.17375290742253213,1.3019966722129783,56.75129712460064
2017-12-26,PYPL.OQ,73.29,74.33,72.63,74.27,74.27,1400517,89265879020.78,1223000000.0,12.8386023294509,1202000000.0,0.31614,0.31071,380000000.0,2017-09-30,3239000000.0,1202000000.0,12281000000.0,1565000000.0,2017-10-19,89272540000.0,7.269158863284749,5.784897615344745,0.17286390641511917,1.3019966722129783,57.043156549520766
2017-12-27,PYPL.OQ,74.24,74.93,74.0,74.59,74.59,1440841,89650490321.26,1223000000.0,12.8386023294509,1202000000.0,0.31614,0.31071,380000000.0,2017-09-30,3239000000.0,1202000000.0,12281000000.0,1565000000.0,2017-10-19,89657180000.0,7.300478788372282,5.809822446863667,0.17212229963065961,1.3019966722129783,57.28893290734825
2017-12-28,PYPL.OQ,74.96,75.0,73.87,74.17,74.17,986464,89145687989.38,1223000000.0,12.8386023294509,1202000000.0,0.31614,0.31071,380000000.0,2017-09-30,3239000000.0,1202000000.0,12281000000.0,1565000000.0,2017-10-19,89152340000.0,7.259371386694895,5.777108605495082,0.17309697087031012,1.3019966722129783,56.966351437699686
2017-12-29,PYPL.OQ,73.92,74.53,73.58,73.62,73.62,1669537,88484637316.68,1223000000.0,12.8386023294509,1202000000.0,0.31614,0.31071,380000000.0,2017-09-30,3239000000.0,1202000000.0,12281000000.0,1565000000.0,2017-10-19,88491240000.0,7.205540265450696,5.734269051321935,0.17439014302432626,1.3019966722129783,56.54392332268371
2018-01-02,PYPL.OQ,74.19,74.49,73.44,73.84,73.84,2033031,88749057585.76,1223000000.0,12.8386023294509,1202000000.0,0.31614,0.31071,380000000.0,2017-09-30,3239000000.0,1202000000.0,12281000000.0,1565000000.0,2017-10-19,88755680000.0,7.227072713948376,5.751404872991194,0.17387056242484966,1.3019966722129783,56.7128945686901
2018-01-03,PYPL.OQ,74.3,76.84,74.05,76.75,76.75,3203093,92246616599.5,1223000000.0,12.8386023294509,1202000000.0,0.31614,0.31071,380000000.0,2017-09-30,3239000000.0,1202000000.0,12281000000.0,1565000000.0,2017-10-19,92253500000.0,7.511888282713134,5.978065059616388,0.16727820624691728,1.3019966722129783,58.94792332268371
2018-01-04,PYPL.OQ,77.33,77.92,76.26,76.73,76.73,2587260,92222578393.22,1223000000.0,12.8386023294509,1202000000.0,0.31614,0.31071,380000000.0,2017-09-30,3239000000.0,1202000000.0,12281000000.0,1565000000.0,2017-10-19,92229460000.0,7.509930787395163,5.976507257646456,0.1673218080209944,1.3019966722129783,58.932562300319496
2018-01-05,PYPL.OQ,77.21,78.92,77.02,78.7,78.7,3431220,94590341711.8,1223000000.0,12.8386023294509,1202000000.0,0.31614,0.31071,380000000.0,2017-09-30,3239000000.0,1202000000.0,12281000000.0,1565000000.0,2017-10-19,94597400000.0,7.702744076215292,6.129950751684818,0.16313344764232401,1.3019966722129783,60.44562300319489
2018-01-08,PYPL.OQ,78.7,79.17,77.78,79.05,79.05,2067703,95011010321.7,1223000000.0,12.8386023294509,1202000000.0,0.31614,0.31071,380000000.0,2017-09-30,3239000000.0,1202000000.0,12281000000.0,1565000000.0,2017-10-19,95018100000.0,7.737000244279781,6.1572122861586385,0.162411161662883,1.3019966722129783,60.71444089456869
2018-01-09,PYPL.OQ,79.99,80.39,78.52,79.19,79.19,2537318,95179277765.66,1223000000.0,12.8386023294509,1202000000.0,0.31614,0.31071,380000000.0,2017-09-30,3239000000.0,1202000000.0,12281000000.0,1565000000.0,2017-10-19,95186380000.0,7.7507027115055775,6.168116899948167,0.16212403497223007,1.3019966722129783,60.82196805111821
2018-01-10,PYPL.OQ,78.5,79.48,77.71,79.37,79.37,1966497,95395621622.18,1223000000.0,12.8386023294509,1202000000.0,0.31614,0.31071,380000000.0,2017-09-30,3239000000.0,1202000000.0,12281000000.0,1565000000.0,2017-10-19,95402740000.0,7.768320169367315,6.182137117677561,0.161756360456733,1.3019966722129783,60.96021725239617
2018-01-11,PYPL.OQ,79.45,79.86,78.92,79.75,79.75,1572699,95852347541.5,1223000000.0,12.8386023294509,1202000000.0,0.31614,0.31071,380000000.0,2017-09-30,3239000000.0,1202000000.0,12281000000.0,1565000000.0,2017-10-19,95859500000.0,7.805512580408761,6.2117353551062795,0.16098560914671975,1.3019966722129783,61.252076677316296
2018-01-12,PYPL.OQ,80.0,80.75,79.69,80.54,80.54,2314824,96801856689.56,1223000000.0,12.8386023294509,1202000000.0,0.31614,0.31071,380000000.0,2017-09-30,3239000000.0,1202000000.0,12281000000.0,1565000000.0,2017-10-19,96809080000.0,7.88283364546861,6.273268532918618,0.15940653500684007,1.3019966722129783,61.85883706070288
2018-01-16,PYPL.OQ,81.0,81.8,79.94,80.42,80.42,2953206,96657627451.88,1223000000.0,12.8386023294509,1202000000.0,0.31614,0.31071,380000000.0,2017-09-30,3239000000.0,1202000000.0,12281000000.0,1565000000.0,2017-10-19,96664840000.0,7.871088673560785,6.263921721099022,0.15964439603893185,1.3019966722129783,61.76667092651758
2018-01-17,PYPL.OQ,80.4,82.61,79.96,82.47,82.47,2102869,99121543595.58,1223000000.0,12.8386023294509,1202000000.0,0.31614,0.31071,380000000.0,2017-09-30,3239000000.0,1202000000.0,12281000000.0,1565000000.0,2017-10-19,99128940000.0,8.071731943652797,6.4235964230171145,0.1556760316412138,1.3019966722129783,63.34117571884984
2018-01-18,PYPL.OQ,82.43,83.43,81.62,82.94,82.94,2592147,99686441443.16,1223000000.0,12.8386023294509,1202000000.0,0.31614,0.31071,380000000.0,2017-09-30,3239000000.0,1202000000.0,12281000000.0,1565000000.0,2017-10-19,99693880000.0,8.117733083625112,6.460204769310531,0.154793854948769,1.3019966722129783,63.702159744408945
2018-01-19,PYPL.OQ,83.23,84.19,83.14,83.84,83.84,2559972,100768160725.76,1223000000.0,12.8386023294509,1202000000.0,0.31614,0.31071,380000000.0,2017-09-30,3239000000.0,1202000000.0,12281000000.0,1565000000.0,2017-10-19,100775680000.0,8.2058203729338,6.530305857957499,0.15313218427303077,1.3019966722129783,64.39340575079872
2018-01-22,PYPL.OQ,84.0,84.21,83.23,83.98,83.98,2208337,100936428169.72,1223000000.0,12.8386023294509,1202000000.0,0.31614,0.31071,380000000.0,2017-09-30,3239000000.0,1202000000.0,12281000000.0,1565000000.0,2017-10-19,100943960000.0,8.219522840159597,6.541210471747027,0.15287690318469754,1.3019966722129783,64.50093290734824
2018-01-23,PYPL.OQ,84.12,84.55,83.45,84.21,84.21,2983731,101212867541.939,1223000000.0,12.8386023294509,1202000000.0,0.31614,0.31071,380000000.0,2017-09-30,3239000000.0,1202000000.0,12281000000.0,1565000000.0,2017-10-19,101220420000.0,8.24203403631626,6.559125194401251,0.15245935553320153,1.3019966722129783,64.67758466453674
2018-01-24,PYPL.OQ,84.51,85.28,82.71,83.71,83.71,3294136,100611912384.939,1223000000.0,12.8386023294509,1202000000.0,0.31614,0.31071,380000000.0,2017-09-30,3239000000.0,1202000000.0,12281000000.0,1565000000.0,2017-10-19,100619420000.0,8.19309665336699,6.520180145152936,0.15336999557341896,1.3019966722129783,64.29355910543131
2018-01-25,PYPL.OQ,84.0,85.27,83.71,84.34,84.34,2221572,101369115882.76,1223000000.0,12.8386023294509,1202000000.0,0.31614,0.31071,380000000.0,2017-09-30,3239000000.0,1202000000.0,12281000000.0,1565000000.0,2017-10-19,101376680000.0,8.254757755883071,6.569250907205814,0.15222435771224685,1.3019966722129783,64.77743130990416
2018-01-26,PYPL.OQ,84.73,85.49,84.07,85.45,85.45,2284180,102703236331.3,1223000000.0,12.8386023294509,1202000000.0,0.31614,0.31071,380000000.0,2017-09-30,3239000000.0,1202000000.0,12281000000.0,1565000000.0,2017-10-19,102710900000.0,8.363398746030454,6.6557089165370735,0.15024695528906845,1.3019966722129783,65.62996805111821
2018-01-29,PYPL.OQ,85.2,85.34,83.65,84.31,84.31,2366791,101333058573.34,1223000000.0,12.8386023294509,1202000000.0,0.31614,0.31071,380000000.0,2017-09-30,3239000000.0,1202000000.0,12281000000.0,1565000000.0,2017-10-19,101340620000.0,8.251821512906115,6.566914204250915,0.1522785236561606,1.3019966722129783,64.75438977635783
2018-01-30,PYPL.OQ,83.0,84.16,82.0,83.78,83.78,2444144,100696046106.92,1223000000.0,12.8386023294509,1202000000.0,0.31614,0.31071,380000000.0,2017-09-30,3239000000.0,1202000000.0,12281000000.0,1565000000.0,2017-10-19,100703560000.0,8.199947886979887,6.5256324520477005,0.15324185162868106,1.3019966722129783,64.34732268370607
2018-01-31,PYPL.OQ,84.18,86.31,84.18,85.32,85.32,4631489,102546987990.48,1230000000.0,13.3283333333333,1200000000.0,0.74148,0.65041,620000000.0,2017-12-31,3744000000.0,1203000000.0,13094000000.0,1795000000.0,2018-01-31,102383999999.99998,7.819153810905757,6.401400525196965,0.15621581497108886,1.4921030756442228,57.18103621169916
2018-02-01,PYPL.OQ,80.0,80.94,76.7,78.4,78.4,11323103,94229768617.6,1230000000.0,13.3283333333333,1200000000.0,0.74148,0.65041,620000000.0,2017-12-31,3744000000.0,1203000000.0,13094000000.0,1795000000.0,2018-01-31,94080000000.0,7.184970215365817,5.88220582718521,0.17000425170067981,1.4921030756442228,52.543286908077995
2018-02-02,PYPL.OQ,78.03,79.62,76.28,76.57,76.57,6438555,91896282210.8499,1230000000.0,13.3283333333333,1200000000.0,0.74148,0.65041,620000000.0,2017-12-31,3744000000.0,1203000000.0,13094000000.0,1795000000.0,2018-01-31,91883999999.99998,7.017259813655108,5.744904339127187,0.17406730225066344,1.4921030756442228,51.316830083565456
2018-02-05,PYPL.OQ,75.96,78.95,74.7,74.705,74.705,5773523,89657983055.525,1230000000.0,13.3283333333333,1200000000.0,0.74148,0.65041,620000000.0,2017-12-31,3744000000.0,1203000000.0,13094000000.0,1795000000.0,2018-01-31,89646000000.0,6.8463418359554,5.604976866324886,0.17841286839345827,1.4921030756442228,50.06691643454039
2018-02-06,PYPL.OQ,72.52,76.515,72.25,75.68,75.68,6600039,90828139450.4,1230000000.0,13.3283333333333,1200000000.0,0.74148,0.65041,620000000.0,2017-12-31,3744000000.0,1203000000.0,13094000000.0,1795000000.0,2018-01-31,90816000000.00002,6.935695738506187,5.678129298486947,0.17611434108527085,1.4921030756442228,50.720356545961
2018-02-07,PYPL.OQ,75.35,77.57,74.95,75.59,75.59,3704325,90720125013.95,1230000000.0,13.3283333333333,1200000000.0,0.74148,0.65041,620000000.0,2017-12-31,3744000000.0,1203000000.0,13094000000.0,1795000000.0,2018-01-31,90708000000.0,6.9274476859630365,5.671376766287373,0.17632402875159808,1.4921030756442228,50.660038997214485
2018-02-08,PYPL.OQ,75.63,75.91,72.27,72.32,72.32,4318271,86795600489.5999,1230000000.0,13.3283333333333,1200000000.0,0.74148,0.65041,620000000.0,2017-12-31,3744000000.0,1203000000.0,13094000000.0,1795000000.0,2018-01-31,86783999999.99998,6.627768443561935,5.426034763036152,0.1842966445427724,1.4921030756442228,48.46850139275765
2018-02-09,PYPL.OQ,73.14,75.24,71.64,74.75,74.75,4498861,89711990273.75,1230000000.0,13.3283333333333,1200000000.0,0.74148,0.65041,620000000.0,2017-12-31,3744000000.0,1203000000.0,13094000000.0,1795000000.0,2018-01-31,89700000000.0,6.850465862226974,5.608353132424673,0.1783054626532883,1.4921030756442228,50.097075208913644
2018-02-12,PYPL.OQ,75.49,76.27,74.86,75.28,75.28,2957989,90348075288.4,1230000000.0,13.3283333333333,1200000000.0,0.74148,0.65041,620000000.0,2017-12-31,3744000000.0,1203000000.0,13094000000.0,1795000000.0,2018-01-31,90336000000.0,6.899037727203299,5.648118044266615,0.17705012398157943,1.4921030756442228,50.45227855153203
2018-02-13,PYPL.OQ,74.81,75.58,74.6,74.97,74.97,2221976,89976025562.85,1230000000.0,13.3283333333333,1200000000.0,0.74148,0.65041,620000000.0,2017-12-31,3744000000.0,1203000000.0,13094000000.0,1795000000.0,2018-01-31,89964000000.0,6.870627768443562,5.6248593222458565,0.17778222400071095,1.4921030756442228,50.24451810584958
2018-02-14,PYPL.OQ,74.18,77.36,74.13,77.27,77.27,2706202,92736394494.3499,1230000000.0,13.3283333333333,1200000000.0,0.74148,0.65041,620000000.0,2017-12-31,3744000000.0,1203000000.0,13094000000.0,1795000000.0,2018-01-31,92724000000.0,7.081411333435161,5.797424034012769,0.17249040162201762,1.4921030756442228,51.785966573816154
2018-02-15,PYPL.OQ,78.0,78.3,76.59,78.295,78.295,2781401,93966558909.475,1230000000.0,13.3283333333333,1200000000.0,0.74148,0.65041,620000000.0,2017-12-31,3744000000.0,1203000000.0,13094000000.0,1795000000.0,2018-01-31,93954000000.0,7.175347487398809,5.874327872952372,0.1702322413095766,1.4921030756442228,52.47291643454039
2018-02-16,PYPL.OQ,78.26,78.7,77.53,78.37,78.37,3405778,94056570939.85,1230000000.0,13.3283333333333,1200000000.0,0.74148,0.65041,620000000.0,2017-12-31,3744000000.0,1203000000.0,13094000000.0,1795000000.0,2018-01-31,94044000000.0,7.1822208645181,5.879954983118685,0.1700693292501378,1.4921030756442228,52.52318105849582
2018-02-20,PYPL.OQ,77.7,78.53,76.67,77.06,77.06,2464937,92484360809.3,1230000000.0,13.3283333333333,1200000000.0,0.74148,0.65041,620000000.0,2017-12-31,3744000000.0,1203000000.0,13094000000.0,1795000000.0,2018-01-31,92472000000.0,7.062165877501146,5.781668125547095,0.17296046370793275,1.4921030756442228,51.645225626740945
2018-02-21,PYPL.OQ,77.2,78.49,76.47,76.51,76.51,2485220,91824272586.55,1230000000.0,13.3283333333333,1200000000.0,0.74148,0.65041,620000000.0,2017-12-31,3744000000.0,1203000000.0,13094000000.0,1795000000.0,2018-01-31,91812000000.0,7.011761111959676,5.740402650994138,0.17420380778111746,1.4921030756442228,51.27661838440112
2018-02-22,PYPL.OQ,76.8,78.36,76.78,77.7,77.7,2242181,93252463468.5,1230000000.0,13.3283333333333,1200000000.0,0.74148,0.65041,620000000.0,2017-12-31,3744000000.0,1203000000.0,13094000000.0,1795000000.0,2018-01-31,93240000000.0,7.120818695585765,5.829686132299628,0.1715358215358211,1.4921030756442228,52.0741504178273
2018-02-23,PYPL.OQ,78.35,79.69,77.4,79.69,79.69,2462278,95640782674.45,1230000000.0,13.3283333333333,1200000000.0,0.74148,0.65041,620000000.0,2017-12-31,3744000000.0,1203000000.0,13094000000.0,1795000000.0,2018-01-31,95628000000.0,7.303192301817626,5.978992122045782,0.16725226920985442,1.4921030756442228,53.40783844011142
2018-02-26,PYPL.OQ,80.0,80.02,78.99,79.35,79.35,2750532,95232728136.75,1230000000.0,13.3283333333333,1200000000.0,0.74148,0.65041,620000000.0,2017-12-31,3744000000.0,1203000000.0,13094000000.0,1795000000.0,2018-01-31,95220000000.0,7.272032992210173,5.953482555958499,0.1679689140936774,1.4921030756442228,53.17997214484679
2018-02-27,PYPL.OQ,79.11,79.92,78.61,79.46,79.46,2565806,95364745781.2999,1230000000.0,13.3283333333333,1200000000.0,0.74148,0.65041,620000000.0,2017-12-31,3744000000.0,1203000000.0,13094000000.0,1795000000.0,2018-01-31,95352000000.0,7.282113945318467,5.96173565086909,0.16773638728081175,1.4921030756442228,53.25369359331476
2018-02-28,PYPL.OQ,79.9,82.17,79.41,79.41,79.41,3564050,95304737761.05,1230000000.0,13.3283333333333,1200000000.0,0.74148,0.65041,620000000.0,2017-12-31,3744000000.0,1203000000.0,13094000000.0,1795000000.0,2018-01-31,95292000000.0,7.277531693905606,5.957984244091549,0.16784200142719177,1.4921030756442228,53.22018384401114
2018-03-01,PYPL.OQ,79.6,80.43,77.9,78.64,78.64,2853169,94380614249.2,1230000000.0,13.3283333333333,1200000000.0,0.74148,0.65041,620000000.0,2017-12-31,3744000000.0,1203000000.0,13094000000.0,1795000000.0,2018-01-31,94368000000.0,7.206965022147548,5.900212579717409,0.16948541878602874,1.4921030756442228,52.704133704735376
2018-03-02,PYPL.OQ,77.5,79.11,76.93,78.87,78.87,3197869,94656651142.35,1230000000.0,13.3283333333333,1200000000.0,0.74148,0.65041,620000000.0,2017-12-31,3744000000.0,1203000000.0,13094000000.0,1795000000.0,2018-01-31,94644000000.0,7.228043378646708,5.917469050894101,0.16899116689911625,1.4921030756442228,52.85827855153203
2018-03-05,PYPL.OQ,78.07,79.4,77.1,79.07,79.07,2034967,94896683223.3499,1230000000.0,13.3283333333333,1200000000.0,0.74148,0.65041,620000000.0,2017-12-31,3744000000.0,1203000000.0,13094000000.0,1795000000.0,2018-01-31,94883999999.99998,7.246372384298151,5.932474678004266,0.1685637199106273,1.4921030756442228,52.99231754874651
2018-03-06,PYPL.OQ,79.33,79.94,78.86,79.23,79.23,2040929,95088708888.15,1230000000.0,13.3283333333333,1200000000.0,0.74148,0.65041,620000000.0,2017-12-31,3744000000.0,1203000000.0,13094000000.0,1795000000.0,2018-01-31,95076000000.0,7.261035588819307,5.9444791796924,0.1682233160839745,1.4921030756442228,53.0995487465181
2018-03-07,PYPL.OQ,78.65,79.55,78.03,79.52,79.52,1806189,95436755405.5999,1230000000.0,13.3283333333333,1200000000.0,0.74148,0.65041,620000000.0,2017-12-31,3744000000.0,1203000000.0,13094000000.0,1795000000.0,2018-01-31,95424000000.0,7.2876126470138995,5.966237339002141,0.1676098256203886,1.4921030756442228,53.2939052924791
2018-03-08,PYPL.OQ,79.85,80.49,79.55,79.87,79.87,2106054,95856811547.35,1230000000.0,13.3283333333333,1200000000.0,0.74148,0.65041,620000000.0,2017-12-31,3744000000.0,1203000000.0,13094000000.0,1795000000.0,2018-01-31,95844000000.0,7.319688406903926,5.992497186444933,0.16687533909269187,1.4921030756442228,53.528473537604455
2018-03-09,PYPL.OQ,80.49,80.85,80.12,80.71,80.71,2130357,96864946287.5499,1230000000.0,13.3283333333333,1200000000.0,0.74148,0.65041,620000000.0,2017-12-31,3744000000.0,1203000000.0,13094000000.0,1795000000.0,2018-01-31,96852000000.0,7.396670230639987,6.05552082030763,0.16513856192954157,1.4921030756442228,54.09143732590529
2018-03-12,PYPL.OQ,80.75,81.16,80.35,80.6,80.6,1804476,96732928643.0,1230000000.0,13.3283333333333,1200000000.0,0.74148,0.65041,620000000.0,2017-12-31,3744000000.0,1203000000.0,13094000000.0,1795000000.0,2018-01-31,96720000000.0,7.3865892775316935,6.047267725397039,0.16536393713813027,1.4921030756442228,54.01771587743732
2018-03-13,PYPL.OQ,80.69,80.98,79.27,80.2,80.2,2023344,96252864481.0,1230000000.0,13.3283333333333,1200000000.0,0.74148,0.65041,620000000.0,2017-12-31,3744000000.0,1203000000.0,13094000000.0,1795000000.0,2018-01-31,96240000000.0,7.349931266228807,6.017256471176707,0.16618869492934288,1.4921030756442228,53.749637883008354
2018-03-14,PYPL.OQ,80.74,83.5,80.65,83.31,83.31,4406597,99985363340.55,1230000000.0,13.3283333333333,1200000000.0,0.74148,0.65041,620000000.0,2017-12-31,3744000000.0,1203000000.0,13094000000.0,1795000000.0,2018-01-31,99972000000.0,7.634947304108752,6.250593972739794,0.15998479574280758,1.4921030756442228,55.83394428969359
2018-03-15,PYPL.OQ,83.83,83.99,81.57,82.57,82.57,2369644,99097244640.8499,1230000000.0,13.3283333333333,1200000000.0,0.74148,0.65041,620000000.0,2017-12-31,3744000000.0,1203000000.0,13094000000.0,1795000000.0,2018-01-31,99083999999.99998,7.56712998319841,6.195073152432177,0.1614185943240075,1.4921030756442228,55.337999999999994
2018-03-16,PYPL.OQ,82.8,83.23,81.28,82.16,82.16,3431181,98605178874.8,1230000000.0,13.3283333333333,1200000000.0,0.74148,0.65041,620000000.0,2017-12-31,3744000000.0,1203000000.0,13094000000.0,1795000000.0,2018-01-31,98592000000.0,7.529555521612952,6.164311616856336,0.16222411554689994,1.4921030756442228,55.0632200557103
2018-03-19,PYPL.OQ,80.89,81.44,79.11,80.3,80.3,2847415,96372880521.5,1230000000.0,13.3283333333333,1200000000.0,0.74148,0.65041,620000000.0,2017-12-31,3744000000.0,1203000000.0,13094000000.0,1795000000.0,2018-01-31,96360000000.0,7.3590957690545284,6.02475928473179,0.16598173515981693,1.4921030756442228,53.81665738161559
2018-03-20,PYPL.OQ,80.18,81.18,80.06,80.86,80.86,2647468,97044970348.3,1230000000.0,13.3283333333333,1200000000.0,0.74148,0.65041,620000000.0,2017-12-31,3744000000.0,1203000000.0,13094000000.0,1795000000.0,2018-01-31,97032000000.0,7.41041698487857,6.066775040640255,0.16483222029845782,1.4921030756442228,54.19196657381615
2018-03-21,PYPL.OQ,80.94,82.35,80.51,81.04,81.04,2378385,97260999221.2,1230000000.0,13.3283333333333,1200000000.0,0.74148,0.65041,620000000.0,2017-12-31,3744000000.0,1203000000.0,13094000000.0,1795000000.0,2018-01-31,97248000000.0,7.426913089964869,6.080280105039406,0.16446610727212857,1.4921030756442228,54.312601671309196
2018-03-22,PYPL.OQ,79.94,80.12,78.49,78.56,78.56,3320800,94284601416.8,1230000000.0,13.3283333333333,1200000000.0,0.74148,0.65041,620000000.0,2017-12-31,3744000000.0,1203000000.0,13094000000.0,1795000000.0,2018-01-31,94272000000.0,7.199633419886971,5.894210328873343,0.16965801086218557,1.4921030756442228,52.65051810584958
2018-03-23,PYPL.OQ,78.5,79.05,76.36,76.44,76.44,3414194,91740261358.2,1230000000.0,13.3283333333333,1200000000.0,0.74148,0.65041,620000000.0,2017-12-31,3744000000.0,1203000000.0,13094000000.0,1795000000.0,2018-01-31,91728000000.0,7.005345959981671,5.735150681505579,0.17436333507762036,1.4921030756442228,51.22970473537604
2018-03-26,PYPL.OQ,77.98,79.16,77.04,78.95,78.95,3016479,94752663974.75,1230000000.0,13.3283333333333,1200000000.0,0.74148,0.65041,620000000.0,2017-12-31,3744000000.0,1203000000.0,13094000000.0,1795000000.0,2018-01-31,94740000000.0,7.235374980907285,5.923471301738167,0.1688199282246143,1.4921030756442228,52.91189415041783
2018-03-27,PYPL.OQ,79.71,79.89,75.65,76.31,76.31,2733119,91584240505.55,1230000000.0,13.3283333333333,1200000000.0,0.74148,0.65041,620000000.0,2017-12-31,3744000000.0,1203000000.0,13094000000.0,1795000000.0,2018-01-31,91572000000.0,6.993432106308233,5.725397023883971,0.17466037653431135,1.4921030756442228,51.14257938718663
2018-03-28,PYPL.OQ,75.7,76.75,74.74,75.06,75.06,4483207,90084039999.3,1230000000.0,13.3283333333333,1200000000.0,0.74148,0.65041,620000000.0,2017-12-31,3744000000.0,1203000000.0,13094000000.0,1795000000.0,2018-01-31,90072000000.0,6.878875820986711,5.631611854445431,0.17756905586641752,1.4921030756442228,50.3048356545961
2018-03-29,PYPL.OQ,75.31,77.19,74.56,75.87,75.87,4392331,91056169927.35,1230000000.0,13.3283333333333,1200000000.0,0.74148,0.65041,620000000.0,2017-12-31,3744000000.0,1203000000.0,13094000000.0,1795000000.0,2018-01-31,91044000000.0,6.953108293875057,5.6923846442416055,0.1756733008215803,1.4921030756442228,50.847693593314766
2018-04-02,PYPL.OQ,75.53,76.3,74.01,75.0,75.0,4052237,90012030375.0,1230000000.0,13.3283333333333,1200000000.0,0.74148,0.65041,620000000.0,2017-12-31,3744000000.0,1203000000.0,13094000000.0,1795000000.0,2018-01-31,90000000000.0,6.873377119291279,5.627110166312382,0.17771111111111065,1.4921030756442228,50.26462395543175
2018-04-03,PYPL.OQ,75.28,75.4,73.35,74.56,74.56,2973497,88516214763.52,1230000000.0,13.3283333333333,1200000000.0,0.74148,0.65041,620000000.0,2017-12-31,3744000000.0,1203000000.0,13094000000.0,1795000000.0,2018-01-31,89472000000.0,6.833053306858103,5.594097786670016,0.1787598354792556,1.4921030756442228,49.96973816155989
2018-04-04,PYPL.OQ,73.0,75.0,72.72,74.78,74.78,2458077,88777394581.76,1230000000.0,13.3283333333333,1200000000.0,0.74148,0.65041,620000000.0,2017-12-31,3744000000.0,1203000000.0,13094000000.0,1795000000.0,2018-01-31,89736000000.0,6.853215213074691,5.610603976491198,0.1782339306409909,1.4921030756442228,50.117181058495824
2018-04-05,PYPL.OQ,75.59,77.82,75.5,76.95,76.95,3087123,91353577334.4,1230000000.0,13.3283333333333,1200000000.0,0.74148,0.65041,620000000.0,2017-12-31,3744000000.0,1203000000.0,13094000000.0,1795000000.0,2018-01-31,92340000000.0,7.052084924392852,5.773415030636504,0.17320771063461077,1.4921030756442228,51.57150417827298
2018-04-06,PYPL.OQ,75.6,76.38,73.71,73.86,73.86,2904405,87685188069.12,1230000000.0,13.3283333333333,1200000000.0,0.74148,0.65041,620000000.0,2017-12-31,3744000000.0,1203000000.0,13094000000.0,1795000000.0,2018-01-31,88632000000.0,6.768901787078051,5.541578091784433,0.18045401209495399,1.4921030756442228,49.50060167130919
2018-04-09,PYPL.OQ,74.63,76.88,74.62,75.19,75.19,2700711,89264138788.48,1230000000.0,13.3283333333333,1200000000.0,0.74148,0.65041,620000000.0,2017-12-31,3744000000.0,1203000000.0,13094000000.0,1795000000.0,2018-01-31,90228000000.0,6.89078967466015,5.641365512067039,0.17726204725805694,1.4921030756442228,50.391961002785514
2018-04-10,PYPL.OQ,76.51,77.3,75.81,76.79,76.79,1952553,91163628375.68,1230000000.0,13.3283333333333,1200000000.0,0.74148,0.65041,620000000.0,2017-12-31,3744000000.0,1203000000.0,13094000000.0,1795000000.0,2018-01-31,92148000000.0,7.037421719871697,5.761410528948371,0.1735686070234835,1.4921030756442228,51.46427298050139
2018-04-11,PYPL.OQ,76.2,77.39,76.1,76.5,76.5,1411943,90819345888.0,1230000000.0,13.3283333333333,1200000000.0,0.74148,0.65041,620000000.0,2017-12-31,3744000000.0,1203000000.0,13094000000.0,1795000000.0,2018-01-31,91800000000.0,7.010844661677104,5.7396523696386295,0.1742265795206967,1.4921030756442228,51.269916434540384
2018-04-12,PYPL.OQ,76.8,77.99,76.61,77.46,77.46,1593525,91959039640.3199,1230000000.0,13.3283333333333,1200000000.0,0.74148,0.65041,620000000.0,2017-12-31,3744000000.0,1203000000.0,13094000000.0,1795000000.0,2018-01-31,92952000000.0,7.0988238888040325,5.811679379767427,0.17206730355452235,1.4921030756442228,51.91330362116991
2018-04-13,PYPL.OQ,78.1,78.6,76.84,77.27,77.27,2082282,91733475251.84,1230000000.0,13.3283333333333,1200000000.0,0.74148,0.65041,620000000.0,2017-12-31,3744000000.0,1203000000.0,13094000000.0,1795000000.0,2018-01-31,92724000000.0,7.081411333435161,5.797424034012769,0.17249040162201762,1.4921030756442228,51.785966573816154
2018-04-16,PYPL.OQ,77.88,78.5,77.21,77.8,77.8,1666802,92362681177.5999,1230000000.0,13.3283333333333,1200000000.0,0.74148,0.65041,620000000.0,2017-12-31,3744000000.0,1203000000.0,13094000000.0,1795000000.0,2018-01-31,93360000000.0,7.1299831984114865,5.83718894585471,0.17131533847472108,1.4921030756442228,52.141169916434535
2018-04-17,PYPL.OQ,78.55,80.43,78.5,80.03,80.03,2070640,95010094789.76,1230000000.0,13.3283333333333,1200000000.0,0.74148,0.65041,620000000.0,2017-12-31,3744000000.0,1203000000.0,13094000000.0,1795000000.0,2018-01-31,96036000000.0,7.33435161142508,6.0045016881330655,0.1665417135240947,1.4921030756442228,53.635704735376045
2018-04-18,PYPL.OQ,80.1,80.88,79.32,80.34,80.34,2090157,95378120897.28,1230000000.0,13.3283333333333,1200000000.0,0.74148,0.65041,620000000.0,2017-12-31,3744000000.0,1203000000.0,13094000000.0,1795000000.0,2018-01-31,96408000000.0,7.3627615701848175,6.027760410153824,0.16589909551074555,1.4921030756442228,53.8434651810585
2018-04-19,PYPL.OQ,80.26,80.38,79.205,79.68,79.68,1618155,94594581442.56,1230000000.0,13.3283333333333,1200000000.0,0.74148,0.65041,620000000.0,2017-12-31,3744000000.0,1203000000.0,13094000000.0,1795000000.0,2018-01-31,95616000000.00002,7.302275851535056,5.978241840690274,0.16727325970548818,1.4921030756442228,53.4011364902507
2018-04-20,PYPL.OQ,79.33,79.87,78.31,78.73,78.73,2220861,93482964732.25,1230000000.0,13.3283333333333,1200000000.0,0.74148,0.65041,620000000.0,2017-12-31,3744000000.0,1203000000.0,13094000000.0,1795000000.0,2018-01-31,94476000000.0,7.215213074690698,5.906965111916985,0.1692916719590156,1.4921030756442228,52.764451253481894
2018-04-23,PYPL.OQ,78.86,79.44,77.99,78.21,78.21,1485171,92865523583.25,1230000000.0,13.3283333333333,1200000000.0,0.74148,0.65041,620000000.0,2017-12-31,3744000000.0,1203000000.0,13094000000.0,1795000000.0,2018-01-31,93852000000.0,7.1675576599969455,5.867950481430551,0.1704172526957333,1.4921030756442228,52.415949860724226
2018-04-24,PYPL.OQ,78.9,79.4,75.09,75.28,75.28,3053280,89386480186.0,1230000000.0,13.3283333333333,1200000000.0,0.74148,0.65041,620000000.0,2017-12-31,3744000000.0,1203000000.0,13094000000.0,1795000000.0,2018-01-31,90336000000.0,6.899037727203299,5.648118044266615,0.17705012398157943,1.4921030756442228,50.45227855153203
2018-04-25,PYPL.OQ,75.39,75.53,73.7,74.0,74.0,3062379,87866625050.0,1217000000.0,12.3761622992392,1183000000.0,0.62248,0.42235,511000000.0,2018-03-31,3691000000.0,1192000000.0,13810000000.0,1922000000.0,2018-04-25,87542000000.0,6.339029688631427,5.979236390956913,0.16724543647620538,1.6124161073825503,45.89386056191467
2018-04-26,PYPL.OQ,76.5,77.61,75.49,76.03,76.03,3778142,90277020304.75,1217000000.0,12.3761622992392,1183000000.0,0.62248,0.42235,511000000.0,2018-03-31,3691000000.0,1192000000.0,13810000000.0,1922000000.0,2018-04-25,89943490000.0,6.512924692251992,6.143261389249379,0.16277998552202025,1.6124161073825503,47.15284079084287
2018-04-27,PYPL.OQ,76.21,76.39,73.64,74.13,74.13,2863035,88020985337.25,1217000000.0,12.3761622992392,1183000000.0,0.62248,0.42235,511000000.0,2018-03-31,3691000000.0,1192000000.0,13810000000.0,1922000000.0,2018-04-25,87695790000.0,6.350165821868211,5.989740454886972,0.16695214217238905,1.6124161073825503,45.97448491155047
2018-04-30,PYPL.OQ,74.12,75.01,73.7,74.61,74.61,3033381,88590931013.25,1217000000.0,12.3761622992392,1183000000.0,0.62248,0.42235,511000000.0,2018-03-31,3691000000.0,1192000000.0,13810000000.0,1922000000.0,2018-04-25,88263630000.0,6.391283852280956,6.028524690936423,0.16587806325210025,1.6124161073825503,46.272174817898026
2018-05-01,PYPL.OQ,74.0,74.99,73.605,74.81,74.81,1915670,88828408378.25,1217000000.0,12.3761622992392,1183000000.0,0.62248,0.42235,511000000.0,2018-03-31,3691000000.0,1192000000.0,13810000000.0,1922000000.0,2018-04-25,88500230000.0,6.408416364952933,6.04468478929036,0.16543459830556342,1.6124161073825503,46.39621227887618
2018-05-02,PYPL.OQ,75.0,75.71,71.24,71.73,71.73,4465348,85171256957.25,1217000000.0,12.3761622992392,1183000000.0,0.62248,0.42235,511000000.0,2018-03-31,3691000000.0,1192000000.0,13810000000.0,1922000000.0,2018-04-25,84856590000.0,6.14457566980449,5.7958192746397215,0.17253816114929874,1.6124161073825503,44.4860353798127
2018-05-03,PYPL.OQ,71.3,73.75,70.22,73.45,73.45,4330458,87213562296.25,1217000000.0,12.3761622992392,1183000000.0,0.62248,0.42235,511000000.0,2018-03-31,3691000000.0,1192000000.0,13810000000.0,1922000000.0,2018-04-25,86891350000.0,6.29191527878349,5.934796120483584,0.16849778487732062,1.6124161073825503,45.55275754422477
2018-05-04,PYPL.OQ,73.11,74.435,72.23,73.99,73.99,2509241,87854751181.75,1217000000.0,12.3761622992392,1183000000.0,0.62248,0.42235,511000000.0,2018-03-31,3691000000.0,1192000000.0,13810000000.0,1922000000.0,2018-04-25,87530170000.0,6.338173062997828,5.978428386039216,0.16726804026543046,1.6124161073825503,45.88765868886576
2018-05-07,PYPL.OQ,74.22,75.12,74.1,74.67,74.67,2271028,88662174222.75,1217000000.0,12.3761622992392,1183000000.0,0.62248,0.42235,511000000.0,2018-03-31,3691000000.0,1192000000.0,13810000000.0,1922000000.0,2018-04-25,88334610000.0,6.396423606082549,6.033372720442604,0.16574477433024237,1.6124161073825503,46.30938605619147
2018-05-08,PYPL.OQ,74.62,75.935,74.44,75.72,75.72,2003427,89908930389.0,1217000000.0,12.3761622992392,1183000000.0,0.62248,0.42235,511000000.0,2018-03-31,3691000000.0,1192000000.0,13810000000.0,1922000000.0,2018-04-25,89576760000.0,6.486369297610427,6.118213236800776,0.16344641177019545,1.6124161073825503,46.96058272632674
2018-05-09,PYPL.OQ,76.08,77.04,75.47,77.01,77.01,2256932,91440659393.25,1217000000.0,12.3761622992392,1183000000.0,0.62248,0.42235,511000000.0,2018-03-31,3691000000.0,1192000000.0,13810000000.0,1922000000.0,2018-04-25,91102830000.0,6.596874004344678,6.222445871183674,0.16070850927462926,1.6124161073825503,47.760624349635805
2018-05-10,PYPL.OQ,77.39,79.25,77.3,79.19,79.19,3025764,94029162671.75,1217000000.0,12.3761622992392,1183000000.0,0.62248,0.42235,511000000.0,2018-03-31,3691000000.0,1192000000.0,13810000000.0,1922000000.0,2018-04-25,93681770000.0,6.783618392469225,6.398590943241594,0.1562844083752898,1.6124161073825503,49.11263267429761
2018-05-11,PYPL.OQ,79.19,79.36,78.08,79.2,79.2,2891418,94041036540.0,1217000000.0,12.3761622992392,1183000000.0,0.62248,0.42235,511000000.0,2018-03-31,3691000000.0,1192000000.0,13810000000.0,1922000000.0,2018-04-25,93693600000.0,6.784475018102824,6.39939894815929,0.15626467549544446,1.6124161073825503,49.118834547346516
2018-05-14,PYPL.OQ,79.14,79.64,78.45,78.81,78.81,2278648,93577955678.25,1217000000.0,12.3761622992392,1183000000.0,0.62248,0.42235,511000000.0,2018-03-31,3691000000.0,1192000000.0,13810000000.0,1922000000.0,2018-04-25,93232230000.0,6.7510666183924695,6.367886756369113,0.15703796852225857,1.6124161073825503,48.87696149843913
2018-05-15,PYPL.OQ,77.84,78.19,76.93,77.79,77.79,2022168,92366821116.75,1217000000.0,12.3761622992392,1183000000.0,0.62248,0.42235,511000000.0,2018-03-31,3691000000.0,1192000000.0,13810000000.0,1922000000.0,2018-04-25,92025570000.0,6.6636908037653875,6.285470254764031,0.15909708573388864,1.6124161073825503,48.24437044745058
2018-05-16,PYPL.OQ,77.5,78.54,77.31,77.82,77.82,1500423,92402442721.4999,1217000000.0,12.3761622992392,1183000000.0,0.62248,0.42235,511000000.0,2018-03-31,3691000000.0,1192000000.0,13810000000.0,1922000000.0,2018-04-25,92061059999.99998,6.666260680666182,6.28789426951712,0.15903575301001285,1.6124161073825503,48.26297606659729
2018-05-17,PYPL.OQ,77.59,79.5,77.59,79.19,79.19,2336822,94029162671.75,1217000000.0,12.3761622992392,1183000000.0,0.62248,0.42235,511000000.0,2018-03-31,3691000000.0,1192000000.0,13810000000.0,1922000000.0,2018-04-25,93681770000.0,6.783618392469225,6.398590943241594,0.1562844083752898,1.6124161073825503,49.11263267429761
2018-05-18,PYPL.OQ,80.0,81.94,79.9,80.79,80.79,4101697,95928981591.75,1217000000.0,12.3761622992392,1183000000.0,0.62248,0.42235,511000000.0,2018-03-31,3691000000.0,1192000000.0,13810000000.0,1922000000.0,2018-04-25,95574570000.0,6.92067849384504,6.527871730073095,0.15318928455550437,1.6124161073825503,50.104932362122796
2018-05-21,PYPL.OQ,81.61,82.32,80.39,81.25,81.25,2443337,96475179531.25,1217000000.0,12.3761622992392,1183000000.0,0.62248,0.42235,511000000.0,2018-03-31,3691000000.0,1192000000.0,13810000000.0,1922000000.0,2018-04-25,96118750000.0,6.960083272990587,6.565039956287151,0.15232199752909784,1.6124161073825503,50.39021852237253
2018-05-22,PYPL.OQ,81.39,81.61,80.29,80.62,80.62,1863551,95727125831.5,1217000000.0,12.3761622992392,1183000000.0,0.62248,0.42235,511000000.0,2018-03-31,3691000000.0,1192000000.0,13810000000.0,1922000000.0,2018-04-25,95373460000.0,6.90611585807386,6.514135646472248,0.1535123083507715,1.6124161073825503,49.99950052029137
2018-05-23,PYPL.OQ,79.65,81.12,79.41,81.08,81.08,1723071,96273323771.0,1217000000.0,12.3761622992392,1183000000.0,0.62248,0.42235,511000000.0,2018-03-31,3691000000.0,1192000000.0,13810000000.0,1922000000.0,2018-04-25,95917640000.0,6.945520637219406,6.5513038726863035,0.15264137024222002,1.6124161073825503,50.2847866805411
2018-05-24,PYPL.OQ,81.18,83.05,79.66,81.55,81.55,3349432,96831395578.75,1217000000.0,12.3761622992392,1183000000.0,0.62248,0.42235,511000000.0,2018-03-31,3691000000.0,1192000000.0,13810000000.0,1922000000.0,2018-04-25,96473650000.0,6.985782041998552,6.589280103818057,0.15176164683309873,1.6124161073825503,50.57627471383975
2018-05-25,PYPL.OQ,82.65,82.72,80.49,80.96,80.96,2655973,96130837352.0,1217000000.0,12.3761622992392,1183000000.0,0.62248,0.42235,511000000.0,2018-03-31,3691000000.0,1192000000.0,13810000000.0,1922000000.0,2018-04-25,95775680000.0,6.93524112961622,6.541607813673941,0.1528676173325,1.6124161073825503,50.210364203954214
2018-05-29,PYPL.OQ,80.71,81.33,80.21,80.73,80.73,2585255,95857738382.25,1217000000.0,12.3761622992392,1183000000.0,0.62248,0.42235,511000000.0,2018-03-31,3691000000.0,1192000000.0,13810000000.0,1922000000.0,2018-04-25,95503590000.0,6.915538740043447,6.523023700566913,0.15330313760980058,1.6124161073825503,50.06772112382935
2018-05-30,PYPL.OQ,81.0,82.05,80.9,81.6,81.6,1835336,96890764920.0,1217000000.0,12.3761622992392,1183000000.0,0.62248,0.42235,511000000.0,2018-03-31,3691000000.0,1192000000.0,13810000000.0,1922000000.0,2018-04-25,96532800000.0,6.990065170166546,6.593320128406542,0.15166865562793136,1.6124161073825503,50.60728407908429
2018-05-31,PYPL.OQ,81.81,82.83,81.56,82.07,82.07,3075799,97448836727.7499,1217000000.0,12.3761622992392,1183000000.0,0.62248,0.42235,511000000.0,2018-03-31,3691000000.0,1192000000.0,13810000000.0,1922000000.0,2018-04-25,97088809999.99998,7.030326574945691,6.631296359538295,0.15080007675446813,1.6124161073825503,50.898772112382936
2018-06-01,PYPL.OQ,82.39,83.45,81.86,83.25,83.25,2229170,98849953181.25,1217000000.0,12.3761622992392,1183000000.0,0.62248,0.42235,511000000.0,2018-03-31,3691000000.0,1192000000.0,13810000000.0,1922000000.0,2018-04-25,98484750000.0,7.131408399710355,6.7266409398265266,0.14866261020107147,1.6124161073825503,51.63059313215401
2018-06-04,PYPL.OQ,83.23,84.8,82.78,84.57,84.57,2373228,100417303790.249,1217000000.0,12.3761622992392,1183000000.0,0.62248,0.42235,511000000.0,2018-03-31,3691000000.0,1192000000.0,13810000000.0,1922000000.0,2018-04-25,100046309999.99998,7.244482983345401,6.833297588962514,0.14634222891378978,1.6124161073825503,52.44924037460978
2018-06-05,PYPL.OQ,84.5,85.2,84.02,85.05,85.05,2451075,100987249466.25,1217000000.0,12.3761622992392,1183000000.0,0.62248,0.42235,511000000.0,2018-03-31,3691000000.0,1192000000.0,13810000000.0,1922000000.0,2018-04-25,100614150000.0,7.285601013758146,6.872081825011965,0.14551631157247738,1.6124161073825503,52.746930280957336
2018-06-06,PYPL.OQ,85.05,85.6,84.5,85.21,85.21,2363745,101177231358.25,1217000000.0,12.3761622992392,1183000000.0,0.62248,0.42235,511000000.0,2018-03-31,3691000000.0,1192000000.0,13810000000.0,1922000000.0,2018-04-25,100803430000.0,7.299307023895728,6.885009903695115,0.14524307357398428,1.6124161073825503,52.84616024973985
2018-06-07,PYPL.OQ,85.21,85.3,82.32,83.27,83.27,2444674,98873700917.75,1217000000.0,12.3761622992392,1183000000.0,0.62248,0.42235,511000000.0,2018-03-31,3691000000.0,1192000000.0,13810000000.0,1922000000.0,2018-04-25,98508410000.0,7.133121650977553,6.728256949661921,0.14862690403793924,1.6124161073825503,51.64299687825182
2018-06-08,PYPL.OQ,83.23,84.48,83.15,84.34,84.34,2076374,100144204820.5,1217000000.0,12.3761622992392,1183000000.0,0.62248,0.42235,511000000.0,2018-03-31,3691000000.0,1192000000.0,13810000000.0,1922000000.0,2018-04-25,99774220000.0,7.224780593772628,6.814713475855487,0.14674131253544226,1.6124161073825503,52.30659729448492
2018-06-11,PYPL.OQ,84.5,84.57,83.8,83.89,83.89,1671628,99609880749.25,1217000000.0,12.3761622992392,1183000000.0,0.62248,0.42235,511000000.0,2018-03-31,3691000000.0,1192000000.0,13810000000.0,1922000000.0,2018-04-25,99241870000.0,7.186232440260681,6.778353254559128,0.1475284574948051,1.6124161073825503,52.027513007284085
2018-06-12,PYPL.OQ,83.93,86.19,83.88,85.02,85.02,2456326,100951627861.5,1217000000.0,12.3761622992392,1183000000.0,0.62248,0.42235,511000000.0,2018-03-31,3691000000.0,1192000000.0,13810000000.0,1922000000.0,2018-04-25,100578660000.0,7.28303113685735,6.869657810258874,0.14556765818912257,1.6124161073825503,52.72832466181061
2018-06-13,PYPL.OQ,85.5,85.99,84.7,85.27,85.27,2374552,101248474567.75,1217000000.0,12.3761622992392,1183000000.0,0.62248,0.42235,511000000.0,2018-03-31,3691000000.0,1192000000.0,13810000000.0,1922000000.0,2018-04-25,100874410000.0,7.304446777697321,6.889857933201297,0.1451408736863985,1.6124161073825503,52.8833714880333
2018-06-14,PYPL.OQ,85.5,86.29,85.22,85.61,85.61,2136924,101652186088.25,1217000000.0,12.3761622992392,1183000000.0,0.62248,0.42235,511000000.0,2018-03-31,3691000000.0,1192000000.0,13810000000.0,1922000000.0,2018-04-25,101276630000.0,7.333572049239681,6.917330100402991,0.14456444690152084,1.6124161073825503,53.094235171696155
2018-06-15,PYPL.OQ,85.33,85.68,84.1,85.31,85.31,4513323,101295970040.75,1217000000.0,12.3761622992392,1183000000.0,0.62248,0.42235,511000000.0,2018-03-31,3691000000.0,1192000000.0,13810000000.0,1922000000.0,2018-04-25,100921730000.0,7.307873280231716,6.893089952872084,0.14507282029350838,1.6124161073825503,52.90817898022893
2018-06-18,PYPL.OQ,84.84,86.2,84.44,85.85,85.85,1502833,101937158926.25,1217000000.0,12.3761622992392,1183000000.0,0.62248,0.42235,511000000.0,2018-03-31,3691000000.0,1192000000.0,13810000000.0,1922000000.0,2018-04-25,101560550000.0,7.354131064446054,6.9367222184277155,0.14416030633941992,1.6124161073825503,53.24308012486993
2018-06-19,PYPL.OQ,84.53,84.96,83.43,84.52,84.52,1964267,100357934449.0,1217000000.0,12.3761622992392,1183000000.0,0.62248,0.42235,511000000.0,2018-03-31,3691000000.0,1192000000.0,13810000000.0,1922000000.0,2018-04-25,99987160000.0,7.240199855177408,6.82925756437403,0.14642880145810697,1.6124161073825503,52.41823100936524
2018-06-20,PYPL.OQ,84.86,86.95,84.82,85.95,85.95,2704923,102055897608.75,1217000000.0,12.3761622992392,1183000000.0,0.62248,0.42235,511000000.0,2018-03-31,3691000000.0,1192000000.0,13810000000.0,1922000000.0,2018-04-25,101678850000.0,7.362697320782042,6.944802267604685,0.14399258056124722,1.6124161073825503,53.305098855359006
2018-06-21,PYPL.OQ,86.81,87.55,85.5,85.97,85.97,2369798,102079645345.25,1217000000.0,12.3761622992392,1183000000.0,0.62248,0.42235,511000000.0,2018-03-31,3691000000.0,1192000000.0,13810000000.0,1922000000.0,2018-04-25,101702510000.0,7.364410572049239,6.9464182774400784,0.1439590822291404,1.6124161073825503,53.317502601456816
2018-06-22,PYPL.OQ,86.18,86.52,84.61,85.12,85.12,3919515,101070366544.0,1217000000.0,12.3761622992392,1183000000.0,0.62248,0.42235,511000000.0,2018-03-31,3691000000.0,1192000000.0,13810000000.0,1922000000.0,2018-04-25,100696960000.0,7.291597393193338,6.877737859435844,0.1453966435530921,1.6124161073825503,52.7903433922997
2018-06-25,PYPL.OQ,84.47,84.47,81.21,82.19,82.19,3790388,97591323146.75,1217000000.0,12.3761622992392,1183000000.0,0.62248,0.42235,511000000.0,2018-03-31,3691000000.0,1192000000.0,13810000000.0,1922000000.0,2018-04-25,97230770000.0,7.040606082548877,6.640992418550658,0.15057990387199416,1.6124161073825503,50.973194588969825
2018-06-26,PYPL.OQ,82.68,83.21,81.79,82.32,82.32,1916997,97745683433.9999,1217000000.0,12.3761622992392,1183000000.0,0.62248,0.42235,511000000.0,2018-03-31,3691000000.0,1192000000.0,13810000000.0,1922000000.0,2018-04-25,97384559999.99998,7.051742215785661,6.651496482480717,0.15034210761952382,1.6124161073825503,51.053818938605616
2018-06-27,PYPL.OQ,82.55,82.97,80.47,80.67,80.67,2801070,95786495172.75,1217000000.0,12.3761622992392,1183000000.0,0.62248,0.42235,511000000.0,2018-03-31,3691000000.0,1192000000.0,13810000000.0,1922000000.0,2018-04-25,95432610000.0,6.910398986241853,6.518175671060732,0.1534171600252783,1.6124161073825503,50.030509885535906
2018-06-28,PYPL.OQ,80.39,82.83,80.16,82.48,82.48,2196409,97935665326.0,1217000000.0,12.3761622992392,1183000000.0,0.62248,0.42235,511000000.0,2018-03-31,3691000000.0,1192000000.0,13810000000.0,1922000000.0,2018-04-25,97573840000.0,7.065448225923244,6.664424561163868,0.15005046434577107,1.6124161073825503,51.15304890738814
2018-06-29,PYPL.OQ,82.75,83.65,82.62,83.27,83.27,2292530,98873700917.75,1217000000.0,12.3761622992392,1183000000.0,0.62248,0.42235,511000000.0,2018-03-31,3691000000.0,1192000000.0,13810000000.0,1922000000.0,2018-04-25,98508410000.0,7.133121650977553,6.728256949661921,0.14862690403793924,1.6124161073825503,51.64299687825182
2018-07-02,PYPL.OQ,82.75,83.96,82.12,83.89,83.89,1910553,99609880749.25,1217000000.0,12.3761622992392,1183000000.0,0.62248,0.42235,511000000.0,2018-03-31,3691000000.0,1192000000.0,13810000000.0,1922000000.0,2018-04-25,99241870000.0,7.186232440260681,6.778353254559128,0.1475284574948051,1.6124161073825503,52.027513007284085
2018-07-03,PYPL.OQ,84.36,84.9,83.17,83.27,83.27,1200574,98873700917.75,1217000000.0,12.3761622992392,1183000000.0,0.62248,0.42235,511000000.0,2018-03-31,3691000000.0,1192000000.0,13810000000.0,1922000000.0,2018-04-25,98508410000.0,7.133121650977553,6.728256949661921,0.14862690403793924,1.6124161073825503,51.64299687825182
2018-07-05,PYPL.OQ,83.69,84.63,83.3,84.59,84.59,1789884,100441051526.75,1217000000.0,12.3761622992392,1183000000.0,0.62248,0.42235,511000000.0,2018-03-31,3691000000.0,1192000000.0,13810000000.0,1922000000.0,2018-04-25,100069970000.0,7.2461962346126,6.834913598797909,0.14630762855230167,1.6124161073825503,52.461644120707604
2018-07-06,PYPL.OQ,84.41,86.0,84.11,85.94,85.94,1985630,102044023740.5,1217000000.0,12.3761622992392,1183000000.0,0.62248,0.42235,511000000.0,2018-03-31,3691000000.0,1192000000.0,13810000000.0,1922000000.0,2018-04-25,101667020000.0,7.361840695148443,6.943994262686988,0.14400933557411216,1.6124161073825503,53.2988969823101
2018-07-09,PYPL.OQ,86.76,86.89,85.35,86.23,86.23,1953880,102388365919.75,1217000000.0,12.3761622992392,1183000000.0,0.62248,0.42235,511000000.0,2018-03-31,3691000000.0,1192000000.0,13810000000.0,1922000000.0,2018-04-25,102010090000.0,7.38668283852281,6.9674264053001975,0.14352501796635972,1.6124161073825503,53.47875130072841
2018-07-10,PYPL.OQ,86.72,86.72,85.8,86.17,86.17,1233425,102317122710.25,1217000000.0,12.3761622992392,1183000000.0,0.62248,0.42235,511000000.0,2018-03-31,3691000000.0,1192000000.0,13810000000.0,1922000000.0,2018-04-25,101939110000.0,7.3815430847212165,6.962578375794016,0.14362495415155158,1.6124161073825503,53.44154006243497
2018-07-11,PYPL.OQ,85.47,86.86,85.1,86.25,86.25,1451637,102412113656.25,1217000000.0,12.3761622992392,1183000000.0,0.62248,0.42235,511000000.0,2018-03-31,3691000000.0,1192000000.0,13810000000.0,1922000000.0,2018-04-25,102033750000.0,7.388396089790008,6.969042415135591,0.14349173680277333,1.6124161073825503,53.49115504682622
2018-07-12,PYPL.OQ,87.0,89.19,86.84,89.13,89.13,2115321,105831787712.25,1217000000.0,12.3761622992392,1183000000.0,0.62248,0.42235,511000000.0,2018-03-31,3691000000.0,1192000000.0,13810000000.0,1922000000.0,2018-04-25,105440790000.0,7.6351042722664735,7.201747831432292,0.13885518118746998,1.6124161073825503,55.27729448491155
2018-07-13,PYPL.OQ,89.0,89.1,86.84,87.99,87.99,2174430,104478166731.75,1217000000.0,12.3761622992392,1183000000.0,0.62248,0.42235,511000000.0,2018-03-31,3691000000.0,1192000000.0,13810000000.0,1922000000.0,2018-04-25,104092170000.0,7.537448950036206,7.109635270814848,0.14065419137673826,1.6124161073825503,54.57028095733611
2018-07-16,PYPL.OQ,88.26,88.26,87.48,87.77,87.77,1583652,104216941630.25,1217000000.0,12.3761622992392,1183000000.0,0.62248,0.42235,511000000.0,2018-03-31,3691000000.0,1192000000.0,13810000000.0,1922000000.0,2018-04-25,103831910000.0,7.518603186097031,7.091859162625516,0.14100674831080323,1.6124161073825503,54.43383975026015
2018-07-17,PYPL.OQ,87.17,88.72,86.61,88.58,88.58,1625951,105178724958.5,1217000000.0,12.3761622992392,1183000000.0,0.62248,0.42235,511000000.0,2018-03-31,3691000000.0,1192000000.0,13810000000.0,1922000000.0,2018-04-25,104790140000.0,7.587989862418537,7.157307560958964,0.13971734363557461,1.6124161073825503,54.93619146722165
2018-07-18,PYPL.OQ,88.7,88.9,87.7,88.22,88.22,1559510,104751265701.5,1217000000.0,12.3761622992392,1183000000.0,0.62248,0.42235,511000000.0,2018-03-31,3691000000.0,1192000000.0,13810000000.0,1922000000.0,2018-04-25,104364260000.0,7.557151339608979,7.128219383921876,0.1402874892228429,1.6124161073825503,54.71292403746098
2018-07-19,PYPL.OQ,88.0,88.555,87.16,87.38,87.38,1641440,103753860768.5,1217000000.0,12.3761622992392,1183000000.0,0.62248,0.42235,511000000.0,2018-03-31,3691000000.0,1192000000.0,13810000000.0,1922000000.0,2018-04-25,103370540000.0,7.485194786386677,7.060346970835338,0.14163609864086976,1.6124161073825503,54.191966701352754
2018-07-20,PYPL.OQ,87.32,87.99,87.14,87.47,87.47,2421371,103535834274.76,1217000000.0,12.3761622992392,1183000000.0,0.62248,0.42235,511000000.0,2018-03-31,3691000000.0,1192000000.0,13810000000.0,1922000000.0,2018-04-25,103477010000.0,7.492904417089066,7.0676190150946105,0.14149036583101862,1.6124161073825503,54.247783558792925
2018-07-23,PYPL.OQ,87.13,89.58,85.83,89.24,89.24,2970366,105630934613.92,1217000000.0,12.3761622992392,1183000000.0,0.62248,0.42235,511000000.0,2018-03-31,3691000000.0,1192000000.0,13810000000.0,1922000000.0,2018-04-25,105570920000.0,7.64452715423606,7.2106358855269574,0.13868402397175258,1.6124161073825503,55.34551508844953
2018-07-24,PYPL.OQ,90.63,92.33,90.42,91.41,91.41,3538638,108199503956.28,1217000000.0,12.3761622992392,1183000000.0,0.62248,0.42235,511000000.0,2018-03-31,3691000000.0,1192000000.0,13810000000.0,1922000000.0,2018-04-25,108138030000.0,7.830414916727009,7.3859729526671805,0.13539177660255114,1.6124161073825503,56.69132154006243
2018-07-25,PYPL.OQ,91.05,92.34,91.01,91.37,91.37,3597969,108152157055.96,1202000000.0,12.6849662162162,1184000000.0,0.51222,0.46423,526000000.0,2018-06-30,3850000000.0,1187000000.0,14524000000.0,2037000000.0,2018-07-25,108182080000.0,7.448504544202699,7.203014847859388,0.1388307564432111,1.7160909856781803,53.243097692685325
2018-07-26,PYPL.OQ,88.51,90.68,87.25,89.14,89.14,3716046,105512567363.12,1202000000.0,12.6849662162162,1184000000.0,0.51222,0.46423,526000000.0,2018-06-30,3850000000.0,1187000000.0,14524000000.0,2037000000.0,2018-07-25,105541760000.0,7.2667144037455245,7.027216192822434,0.142303861523628,1.7160909856781803,51.943632793323516
2018-07-27,PYPL.OQ,90.04,90.28,84.76,85.46,85.46,4518017,101156652533.68,1202000000.0,12.6849662162162,1184000000.0,0.51222,0.46423,526000000.0,2018-06-30,3850000000.0,1187000000.0,14524000000.0,2037000000.0,2018-07-25,101184640000.0,6.966719911870008,6.737108995272663,0.14843161966084953,1.7160909856781803,49.799224349533624
2018-07-30,PYPL.OQ,85.45,85.49,81.85,82.39,82.39,3782202,97522777934.12,1202000000.0,12.6849662162162,1184000000.0,0.51222,0.46423,526000000.0,2018-06-30,3850000000.0,1187000000.0,14524000000.0,2037000000.0,2018-07-25,97549760000.0,6.716452767832553,6.495090219055871,0.153962449523197,1.7160909856781803,48.010274914089344
2018-07-31,PYPL.OQ,82.51,83.32,81.4,82.14,82.14,3884887,97226859807.12,1202000000.0,12.6849662162162,1184000000.0,0.51222,0.46423,526000000.0,2018-06-30,3850000000.0,1187000000.0,14524000000.0,2037000000.0,2018-07-25,97253760000.0,6.696072707243184,6.47538184965711,0.15443104719036035,1.7160909856781803,47.86459499263623
2018-08-01,PYPL.OQ,82.33,83.98,82.01,83.46,83.46,3442198,98789307517.68,1202000000.0,12.6849662162162,1184000000.0,0.51222,0.46423,526000000.0,2018-06-30,3850000000.0,1187000000.0,14524000000.0,2037000000.0,2018-07-25,98816640000.0,6.803679427155053,6.57944204008257,0.1519885719652073,1.7160909856781803,48.63378497790868
2018-08-02,PYPL.OQ,82.95,85.59,82.86,85.53,85.53,2801718,101239509609.24,1202000000.0,12.6849662162162,1184000000.0,0.51222,0.46423,526000000.0,2018-06-30,3850000000.0,1187000000.0,14524000000.0,2037000000.0,2018-07-25,101267520000.0,6.972426328835032,6.742627338704317,0.14831013932206477,1.7160909856781803,49.8400147275405
2018-08-03,PYPL.OQ,85.99,86.2,84.155,85.19,85.19,2223438,100837060956.52,1202000000.0,12.6849662162162,1184000000.0,0.51222,0.46423,526000000.0,2018-06-30,3850000000.0,1187000000.0,14524000000.0,2037000000.0,2018-07-25,100864960000.0,6.94470944643349,6.715823956322001,0.14890205676976406,1.7160909856781803,49.64189003436426
2018-08-06,PYPL.OQ,85.19,86.095,84.9,85.77,85.77,2010108,101523591011.159,1202000000.0,12.6849662162162,1184000000.0,0.51222,0.46423,526000000.0,2018-06-30,3850000000.0,1187000000.0,14524000000.0,2037000000.0,2018-07-25,101551680000.0,6.991991187000826,6.761547373327128,0.14789514068107962,1.7160909856781803,49.979867452135494
2018-08-07,PYPL.OQ,86.3,86.99,85.96,86.3,86.3,1888761,102150937440.4,1202000000.0,12.6849662162162,1184000000.0,0.51222,0.46423,526000000.0,2018-06-30,3850000000.0,1187000000.0,14524000000.0,2037000000.0,2018-07-25,102179200000.0,7.035196915450289,6.8033291164525025,0.14698686229682734,1.7160909856781803,50.2887088856161
2018-08-08,PYPL.OQ,86.23,87.09,85.9,86.74,86.74,1322807,102671753343.92,1202000000.0,12.6849662162162,1184000000.0,0.51222,0.46423,526000000.0,2018-06-30,3850000000.0,1187000000.0,14524000000.0,2037000000.0,2018-07-25,102700160000.0,7.071065822087579,6.838015846594322,0.14624125220447545,1.7160909856781803,50.54510554737359
2018-08-09,PYPL.OQ,86.91,88.09,86.5,87.17,87.17,1699461,103180732522.36,1202000000.0,12.6849662162162,1184000000.0,0.51222,0.46423,526000000.0,2018-06-30,3850000000.0,1187000000.0,14524000000.0,2037000000.0,2018-07-25,103209280000.0,7.106119526301295,6.871914241960193,0.14551986022962257,1.7160909856781803,50.79567501227295
2018-08-10,PYPL.OQ,86.55,88.025,86.01,87.01,87.01,1833073,102991344921.08,1202000000.0,12.6849662162162,1184000000.0,0.51222,0.46423,526000000.0,2018-06-30,3850000000.0,1187000000.0,14524000000.0,2037000000.0,2018-07-25,103019840000.0,7.093076287524098,6.859300885544986,0.1457874522033812,1.7160909856781803,50.70243986254296
2018-08-13,PYPL.OQ,87.42,88.5,86.97,87.01,87.01,2143813,102991344921.08,1202000000.0,12.6849662162162,1184000000.0,0.51222,0.46423,526000000.0,2018-06-30,3850000000.0,1187000000.0,14524000000.0,2037000000.0,2018-07-25,103019840000.0,7.093076287524098,6.859300885544986,0.1457874522033812,1.7160909856781803,50.70243986254296
2018-08-14,PYPL.OQ,87.36,87.83,86.48,87.73,87.73,2391023,103843589126.84,1202000000.0,12.6849662162162,1184000000.0,0.51222,0.46423,526000000.0,2018-06-30,3850000000.0,1187000000.0,14524000000.0,2037000000.0,2018-07-25,103872320000.0,7.151770862021482,6.916060989413419,0.14459097476594324,1.7160909856781803,51.12199803632794
2018-08-15,PYPL.OQ,86.78,87.25,84.62,85.19,85.19,3163068,100837060956.52,1202000000.0,12.6849662162162,1184000000.0,0.51222,0.46423,526000000.0,2018-06-30,3850000000.0,1187000000.0,14524000000.0,2037000000.0,2018-07-25,100864960000.0,6.94470944643349,6.715823956322001,0.14890205676976406,1.7160909856781803,49.64189003436426
2018-08-16,PYPL.OQ,85.85,85.88,84.87,85.32,85.32,2336583,100990938382.56,1202000000.0,12.6849662162162,1184000000.0,0.51222,0.46423,526000000.0,2018-06-30,3850000000.0,1187000000.0,14524000000.0,2037000000.0,2018-07-25,101018879999.99998,6.955307077939961,6.726072308409356,0.1486751783428997,1.7160909856781803,49.71764359351988
2018-08-17,PYPL.OQ,85.03,85.77,84.22,85.45,85.45,2327914,101144815808.6,1202000000.0,12.6849662162162,1184000000.0,0.51222,0.46423,526000000.0,2018-06-30,3850000000.0,1187000000.0,14524000000.0,2037000000.0,2018-07-25,101172800000.0,6.965904709446433,6.736320660496713,0.1484489902424365,1.7160909856781803,49.7933971526755
2018-08-20,PYPL.OQ,85.74,86.0,84.9,85.75,85.75,1346890,101499917561.0,1202000000.0,12.6849662162162,1184000000.0,0.51222,0.46423,526000000.0,2018-06-30,3850000000.0,1187000000.0,14524000000.0,2037000000.0,2018-07-25,101528000000.0,6.990360782153677,6.759970703775227,0.14792963517453295,1.7160909856781803,49.968213058419245
2018-08-21,PYPL.OQ,85.95,87.38,85.9,86.22,86.22,1864734,102056243639.76,1202000000.0,12.6849662162162,1184000000.0,0.51222,0.46423,526000000.0,2018-06-30,3850000000.0,1187000000.0,14524000000.0,2037000000.0,2018-07-25,102084480000.0,7.028675296061691,6.797022438244898,0.14712324537481095,1.7160909856781803,50.24209131075111
2018-08-22,PYPL.OQ,85.94,87.16,85.63,86.95,86.95,1790557,102920324570.6,1202000000.0,12.6849662162162,1184000000.0,0.51222,0.46423,526000000.0,2018-06-30,3850000000.0,1187000000.0,14524000000.0,2037000000.0,2018-07-25,102948800000.0,7.088185072982649,6.854570876889283,0.14588805309046807,1.7160909856781803,50.667476681394206
2018-08-23,PYPL.OQ,86.77,88.17,86.67,87.38,87.38,1693680,103429303749.04,1202000000.0,12.6849662162162,1184000000.0,0.51222,0.46423,526000000.0,2018-06-30,3850000000.0,1187000000.0,14524000000.0,2037000000.0,2018-07-25,103457920000.0,7.123238777196365,6.888469272255152,0.14517013293907302,1.7160909856781803,50.91804614629356
2018-08-24,PYPL.OQ,87.96,90.13,87.96,90.1,90.1,2589915,106648892970.799,1202000000.0,12.6849662162162,1184000000.0,0.51222,0.46423,526000000.0,2018-06-30,3850000000.0,1187000000.0,14524000000.0,2037000000.0,2018-07-25,106678400000.0,7.344973836408703,7.102896331313678,0.14078763835978025,1.7160909856781803,52.50304369170348
2018-08-27,PYPL.OQ,90.68,91.31,89.78,89.97,89.97,2005937,106495015544.76,1202000000.0,12.6849662162162,1184000000.0,0.51222,0.46423,526000000.0,2018-06-30,3850000000.0,1187000000.0,14524000000.0,2037000000.0,2018-07-25,106524480000.0,7.334376204902231,7.092647979226323,0.14099106609109924,1.7160909856781803,52.42729013254786
2018-08-28,PYPL.OQ,90.1,90.85,89.69,90.61,90.61,1643761,107252565949.88,1202000000.0,12.6849662162162,1184000000.0,0.51222,0.46423,526000000.0,2018-06-30,3850000000.0,1187000000.0,14524000000.0,2037000000.0,2018-07-25,107282240000.0,7.3865491600110165,7.143101404887152,0.13999521262792408,1.7160909856781803,52.80023073146784
2018-08-29,PYPL.OQ,90.78,92.94,90.78,92.62,92.62,2392587,109631747690.96,1202000000.0,12.6849662162162,1184000000.0,0.51222,0.46423,526000000.0,2018-06-30,3850000000.0,1187000000.0,14524000000.0,2037000000.0,2018-07-25,109662080000.0,7.5504048471495455,7.301556694853196,0.13695709583476787,1.7160909856781803,53.97149729995091
2018-08-30,PYPL.OQ,92.29,93.0,91.71,92.09,92.09,2234366,109004401261.72,1202000000.0,12.6849662162162,1184000000.0,0.51222,0.46423,526000000.0,2018-06-30,3850000000.0,1187000000.0,14524000000.0,2037000000.0,2018-07-25,109034560000.0,7.507199118700083,7.259774951727821,0.13774531671425996,1.7160909856781803,53.6626558664703
2018-08-31,PYPL.OQ,91.84,92.7,91.84,92.33,92.33,1918637,109288482663.64,1202000000.0,12.6849662162162,1184000000.0,0.51222,0.46423,526000000.0,2018-06-30,3850000000.0,1187000000.0,14524000000.0,2037000000.0,2018-07-25,109318720000.0,7.526763976865877,7.278694986350632,0.1373872654198657,1.7160909856781803,53.80250859106529
2018-09-04,PYPL.OQ,91.94,93.44,91.63,93.07,93.07,2223078,110164400319.56,1202000000.0,12.6849662162162,1184000000.0,0.51222,0.46423,526000000.0,2018-06-30,3850000000.0,1187000000.0,14524000000.0,2037000000.0,2018-07-25,110194879999.99998,7.587088956210409,7.337031759770966,0.13629489863775868,1.7160909856781803,54.23372115856652
2018-09-05,PYPL.OQ,92.98,93.0,88.7,89.05,89.05,2996758,105406036837.4,1202000000.0,12.6849662162162,1184000000.0,0.51222,0.46423,526000000.0,2018-06-30,3850000000.0,1187000000.0,14524000000.0,2037000000.0,2018-07-25,105435200000.0,7.259377581933352,7.020121179838879,0.1424476835060775,1.7160909856781803,51.89118802160039
2018-09-06,PYPL.OQ,89.18,89.52,88.07,89.0,89.0,2496395,105346853212.0,1202000000.0,12.6849662162162,1184000000.0,0.51222,0.46423,526000000.0,2018-06-30,3850000000.0,1187000000.0,14524000000.0,2037000000.0,2018-07-25,105376000000.0,7.255301569815478,7.016179505959127,0.14252771029456404,1.7160909856781803,51.862052037309766
2018-09-07,PYPL.OQ,88.15,89.67,87.4,88.82,88.82,2241730,105133792160.56,1202000000.0,12.6849662162162,1184000000.0,0.51222,0.46423,526000000.0,2018-06-30,3850000000.0,1187000000.0,14524000000.0,2037000000.0,2018-07-25,105162879999.99998,7.240627926191131,7.001989479992019,0.1428165527608219,1.7160909856781803,51.75716249386352
2018-09-10,PYPL.OQ,89.43,89.98,88.56,89.8,89.8,2070314,106293791218.4,1202000000.0,12.6849662162162,1184000000.0,0.51222,0.46423,526000000.0,2018-06-30,3850000000.0,1187000000.0,14524000000.0,2037000000.0,2018-07-25,106323200000.0,7.32051776370146,7.079246288035164,0.14125797568169488,1.7160909856781803,52.32822778595974
2018-09-11,PYPL.OQ,89.69,91.71,89.05,91.43,91.43,2303724,108223177406.44,1202000000.0,12.6849662162162,1184000000.0,0.51222,0.46423,526000000.0,2018-06-30,3850000000.0,1187000000.0,14524000000.0,2037000000.0,2018-07-25,108253120000.00002,7.453395758744149,7.207744856515091,0.13873965018283058,1.7160909856781803,53.27806087383407
2018-09-12,PYPL.OQ,91.53,92.46,90.22,92.4,92.4,2769790,109371339739.2,1202000000.0,12.6849662162162,1184000000.0,0.51222,0.46423,526000000.0,2018-06-30,3850000000.0,1187000000.0,14524000000.0,2037000000.0,2018-07-25,109401600000.0,7.5324703938309,7.284213329782285,0.13728318415818397,1.7160909856781803,53.843298969072166
2018-09-13,PYPL.OQ,92.6,93.7,92.075,92.19,92.19,2499166,109122768512.52,1202000000.0,12.6849662162162,1184000000.0,0.51222,0.46423,526000000.0,2018-06-30,3850000000.0,1187000000.0,14524000000.0,2037000000.0,2018-07-25,109152960000.0,7.51535114293583,7.267658299487326,0.13759590211754202,1.7160909856781803,53.72092783505155
2018-09-14,PYPL.OQ,92.25,92.67,90.69,90.78,90.78,3264005,107453790276.24,1202000000.0,12.6849662162162,1184000000.0,0.51222,0.46423,526000000.0,2018-06-30,3850000000.0,1187000000.0,14524000000.0,2037000000.0,2018-07-25,107483520000.0,7.400407601211787,7.1565030960783105,0.1397330493083961,1.7160909856781803,52.89929307805596
2018-09-17,PYPL.OQ,90.66,91.26,88.515,88.68,88.68,3164111,104968078009.44,1202000000.0,12.6849662162162,1184000000.0,0.51222,0.46423,526000000.0,2018-06-30,3850000000.0,1187000000.0,14524000000.0,2037000000.0,2018-07-25,104997120000.00002,7.229215092261086,6.990952793128713,0.1430420186763216,1.7160909856781803,51.67558173784978
2018-09-18,PYPL.OQ,88.71,90.08,88.71,89.72,89.72,2146460,106199097417.76,1202000000.0,12.6849662162162,1184000000.0,0.51222,0.46423,526000000.0,2018-06-30,3850000000.0,1187000000.0,14524000000.0,2037000000.0,2018-07-25,106228480000.0,7.313996144312862,7.072939609827561,0.14138393018520062,1.7160909856781803,52.281610211094744
2018-09-19,PYPL.OQ,90.05,90.7,88.24,89.31,89.31,1960469,105713791689.48,1202000000.0,12.6849662162162,1184000000.0,0.51222,0.46423,526000000.0,2018-06-30,3850000000.0,1187000000.0,14524000000.0,2037000000.0,2018-07-25,105743040000.0,7.280572844946295,7.040617884013592,0.14203298864870897,1.7160909856781803,52.042695139911636
2018-09-20,PYPL.OQ,89.84,90.76,89.185,90.6,90.6,2254789,107240729224.799,1202000000.0,12.6849662162162,1184000000.0,0.51222,0.46423,526000000.0,2018-06-30,3850000000.0,1187000000.0,14524000000.0,2037000000.0,2018-07-25,107270400000.0,7.3857339575874414,7.142313070111201,0.1400106646381479,1.7160909856781803,52.794403534609714
2018-09-21,PYPL.OQ,91.05,91.99,90.44,90.62,90.62,14955020,107264402674.96,1202000000.0,12.6849662162162,1184000000.0,0.51222,0.46423,526000000.0,2018-06-30,3850000000.0,1187000000.0,14524000000.0,2037000000.0,2018-07-25,107294080000.0,7.387364362434591,7.143889739663103,0.1399797640279872,1.7160909856781803,52.80605792832597
2018-09-24,PYPL.OQ,89.95,90.26,88.28,89.62,89.62,2991456,106080730166.96,1202000000.0,12.6849662162162,1184000000.0,0.51222,0.46423,526000000.0,2018-06-30,3850000000.0,1187000000.0,14524000000.0,2037000000.0,2018-07-25,106110080000.0,7.305844120077114,7.065056262068056,0.14154168953599866,1.7160909856781803,52.2233382425135
2018-09-25,PYPL.OQ,89.62,90.38,89.29,90.04,90.04,1996977,106577872620.32,1202000000.0,12.6849662162162,1184000000.0,0.51222,0.46423,526000000.0,2018-06-30,3850000000.0,1187000000.0,14524000000.0,2037000000.0,2018-07-25,106607360000.0,7.340082621867254,7.098166322657976,0.14088145508902933,1.7160909856781803,52.46808051055474
2018-09-26,PYPL.OQ,90.34,90.89,89.7,89.85,89.85,2282109,106352974843.799,1202000000.0,12.6849662162162,1184000000.0,0.51222,0.46423,526000000.0,2018-06-30,3850000000.0,1187000000.0,14524000000.0,2037000000.0,2018-07-25,106382400000.0,7.324593775819333,7.083187961914916,0.14117936801576184,1.7160909856781803,52.357363770250366
2018-09-27,PYPL.OQ,90.36,90.58,88.86,88.99,88.99,2627302,105335016486.92,1202000000.0,12.6849662162162,1184000000.0,0.51222,0.46423,526000000.0,2018-06-30,3850000000.0,1187000000.0,14524000000.0,2037000000.0,2018-07-25,105364160000.0,7.254486367391903,7.015391171183176,0.14254372644360266,1.7160909856781803,51.85622484045164
2018-09-28,PYPL.OQ,88.79,89.03,87.61,87.84,87.84,2651101,103973793102.72,1202000000.0,12.6849662162162,1184000000.0,0.51222,0.46423,526000000.0,2018-06-30,3850000000.0,1187000000.0,14524000000.0,2037000000.0,2018-07-25,104002560000.0,7.160738088680804,6.924732671948874,0.14440990683306237,1.7160909856781803,51.1860972017673
2018-10-01,PYPL.OQ,88.13,88.8,87.41,87.55,87.55,3060297,103630528075.4,1202000000.0,12.6849662162162,1184000000.0,0.51222,0.46423,526000000.0,2018-06-30,3850000000.0,1187000000.0,14524000000.0,2037000000.0,2018-07-25,103659200000.0,7.137097218397136,6.90187096344631,0.14488824918579327,1.7160909856781803,51.01710849288169
2018-10-02,PYPL.OQ,87.27,87.34,85.85,86.68,86.68,2263065,102600732993.44,1202000000.0,12.6849662162162,1184000000.0,0.51222,0.46423,526000000.0,2018-06-30,3850000000.0,1187000000.0,14524000000.0,2037000000.0,2018-07-25,102629120000.00002,7.066174607546132,6.833285837938621,0.14634248057471386,1.7160909856781803,50.51014236622484
2018-10-03,PYPL.OQ,87.36,87.94,86.37,87.15,87.15,1864294,103157059072.2,1202000000.0,12.6849662162162,1184000000.0,0.51222,0.46423,526000000.0,2018-06-30,3850000000.0,1187000000.0,14524000000.0,2037000000.0,2018-07-25,103185600000.0,7.104489121454145,6.8703375724082925,0.14555325549301432,1.7160909856781803,50.7840206185567
2018-10-04,PYPL.OQ,86.39,86.49,83.54,84.34,84.34,2892780,99830939324.72,1202000000.0,12.6849662162162,1184000000.0,0.51222,0.46423,526000000.0,2018-06-30,3850000000.0,1187000000.0,14524000000.0,2037000000.0,2018-07-25,99858560000.0,6.875417240429634,6.6488155003662115,0.15040272962077542,1.7160909856781803,49.146578301423666
2018-10-05,PYPL.OQ,84.2,84.83,82.32,83.18,83.18,3575961,98457879215.44,1202000000.0,12.6849662162162,1184000000.0,0.51222,0.46423,526000000.0,2018-06-30,3850000000.0,1187000000.0,14524000000.0,2037000000.0,2018-07-25,98485120000.00002,6.780853759294961,6.557368666355958,0.15250019495330847,1.7160909856781803,48.470623465881204
2018-10-08,PYPL.OQ,82.62,82.85,78.67,80.55,80.55,5207113,95344820519.4,1202000000.0,12.6849662162162,1184000000.0,0.51222,0.46423,526000000.0,2018-06-30,3850000000.0,1187000000.0,14524000000.0,2037000000.0,2018-07-25,95371200000.0,6.566455521894794,6.350036620280985,0.15747940678108258,1.7160909856781803,46.9380706921944
2018-10-09,PYPL.OQ,80.65,81.8,79.44,80.03,80.03,3106949,94729310815.24,1202000000.0,12.6849662162162,1184000000.0,0.51222,0.46423,526000000.0,2018-06-30,3850000000.0,1187000000.0,14524000000.0,2037000000.0,2018-07-25,94755520000.0,6.5240649958689065,6.309043211931562,0.15850263921299762,1.7160909856781803,46.63505645557192
2018-10-10,PYPL.OQ,79.61,79.77,75.32,75.45,75.45,5601775,89308090728.6,1202000000.0,12.6849662162162,1184000000.0,0.51222,0.46423,526000000.0,2018-06-30,3850000000.0,1187000000.0,14524000000.0,2037000000.0,2018-07-25,89332800000.0,6.1507022858716605,5.94798588454625,0.1681241380545553,1.7160909856781803,43.96620029455081
2018-10-11,PYPL.OQ,76.8,77.77,74.67,75.9,75.9,6925774,89840743357.2,1202000000.0,12.6849662162162,1184000000.0,0.51222,0.46423,526000000.0,2018-06-30,3850000000.0,1187000000.0,14524000000.0,2037000000.0,2018-07-25,89865600000.0,6.187386394932526,5.98346094946402,0.1671273546273544,1.7160909856781803,44.22842415316642
2018-10-12,PYPL.OQ,79.0,79.6,77.79,79.03,79.03,4494812,93545638307.24,1202000000.0,12.6849662162162,1184000000.0,0.51222,0.46423,526000000.0,2018-06-30,3850000000.0,1187000000.0,14524000000.0,2037000000.0,2018-07-25,93571520000.0,6.442544753511429,6.2302097343365155,0.1605082401140858,1.7160909856781803,46.05233676975945
2018-10-15,PYPL.OQ,78.6,79.14,77.22,77.23,77.23,2452482,91415027792.84,1202000000.0,12.6849662162162,1184000000.0,0.51222,0.46423,526000000.0,2018-06-30,3850000000.0,1187000000.0,14524000000.0,2037000000.0,2018-07-25,91440320000.0,6.29580831726797,6.088309474665432,0.16424920647696747,1.7160909856781803,45.003441335297005
2018-10-16,PYPL.OQ,78.68,80.91,78.47,80.61,80.61,3188781,95415840869.88,1202000000.0,12.6849662162162,1184000000.0,0.51222,0.46423,526000000.0,2018-06-30,3850000000.0,1187000000.0,14524000000.0,2037000000.0,2018-07-25,95442240000.0,6.571346736436244,6.354766628936688,0.1573621909963553,1.7160909856781803,46.97303387334315
2018-10-17,PYPL.OQ,81.19,81.39,79.51,80.09,80.09,2877144,94374779357.92,1202000000.0,12.6849662162162,1184000000.0,0.51222,0.46423,526000000.0,2018-06-30,3850000000.0,1187000000.0,14524000000.0,2037000000.0,2018-07-25,94826560000.0,6.528956210410355,6.313773220587264,0.1583838958199051,1.7160909856781803,46.67001963672067
2018-10-18,PYPL.OQ,80.17,80.43,77.36,77.48,77.48,5753408,91299262138.24,1199000000.0,12.8310696095076,1178000000.0,0.41998,0.36614,436000000.0,2018-09-30,3679000000.0,1181000000.0,14964000000.0,2093000000.0,2018-10-18,91271440000.0,6.099401229617749,6.038467747270943,0.16560492526468248,1.7722269263336157,43.71900621118012
2018-10-19,PYPL.OQ,83.5,86.16,82.92,84.78,84.78,8532718,99901283480.64,1199000000.0,12.8310696095076,1178000000.0,0.41998,0.36614,436000000.0,2018-09-30,3679000000.0,1181000000.0,14964000000.0,2093000000.0,2018-10-18,99870840000.0,6.674073777064956,6.607399272246134,0.15134547781915073,1.7722269263336157,47.838117534639274
2018-10-22,PYPL.OQ,84.86,86.22,83.58,85.43,85.43,3145578,100667216887.84,1199000000.0,12.8310696095076,1178000000.0,0.41998,0.36614,436000000.0,2018-09-30,3679000000.0,1181000000.0,14964000000.0,2093000000.0,2018-10-18,100636540000.00002,6.72524325046779,6.6580575587165285,0.15019395539631977,1.7722269263336157,48.20488772097468
2018-10-23,PYPL.OQ,83.17,87.8,82.99,87.57,87.57,4530149,103188905336.159,1199000000.0,12.8310696095076,1178000000.0,0.41998,0.36614,436000000.0,2018-09-30,3679000000.0,1181000000.0,14964000000.0,2093000000.0,2018-10-18,103157459999.99998,6.89370890136327,6.824840224942132,0.146523576675889,1.7722269263336157,49.41240802675585
2018-10-24,PYPL.OQ,87.13,87.61,83.01,83.09,83.09,4995882,97909856621.92,1199000000.0,12.8310696095076,1178000000.0,0.41998,0.36614,436000000.0,2018-09-30,3679000000.0,1181000000.0,14964000000.0,2093000000.0,2018-10-18,97880020000.0,6.541033146217589,6.475687727423111,0.1544237526718931,1.7722269263336157,46.884515050167224
2018-10-25,PYPL.OQ,84.21,86.5,83.57,85.96,85.96,3166338,101291747204.48,1199000000.0,12.8310696095076,1178000000.0,0.41998,0.36614,436000000.0,2018-09-30,3679000000.0,1181000000.0,14964000000.0,2093000000.0,2018-10-18,101260880000.0,6.766966051857792,6.699363546146233,0.14926791076672405,1.7722269263336157,48.50394648829431
2018-10-26,PYPL.OQ,83.22,85.66,82.18,83.37,83.37,5511628,98239797166.56,1199000000.0,12.8310696095076,1178000000.0,0.41998,0.36614,436000000.0,2018-09-30,3679000000.0,1181000000.0,14964000000.0,2093000000.0,2018-10-18,98209860000.0,6.563075380914194,6.497509758518049,0.15390511706258364,1.7722269263336157,47.042508361204014
2018-10-29,PYPL.OQ,84.74,85.21,79.0,81.15,81.15,4075068,95623839991.2,1199000000.0,12.8310696095076,1178000000.0,0.41998,0.36614,436000000.0,2018-09-30,3679000000.0,1181000000.0,14964000000.0,2093000000.0,2018-10-18,95594700000.0,6.388311948676824,6.32449222626532,0.15811546037594085,1.7722269263336157,45.78984710941233
2018-10-30,PYPL.OQ,80.33,81.95,79.49,80.9,80.9,4298394,95329250219.2,1199000000.0,12.8310696095076,1178000000.0,0.41998,0.36614,436000000.0,2018-09-30,3679000000.0,1181000000.0,14964000000.0,2093000000.0,2018-10-18,95300200000.0,6.368631381983427,6.305008269930553,0.15860407428315942,1.7722269263336157,45.64878165312948
2018-10-31,PYPL.OQ,82.37,85.33,82.3,84.19,84.19,4039911,99206051618.72,1199000000.0,12.8310696095076,1178000000.0,0.41998,0.36614,436000000.0,2018-09-30,3679000000.0,1181000000.0,14964000000.0,2093000000.0,2018-10-18,99175820000.0,6.627627639668538,6.561417135296084,0.152406100599924,1.7722269263336157,47.50520305781175
2018-11-01,PYPL.OQ,84.3,85.15,83.57,85.04,85.04,2160247,100207656843.52,1199000000.0,12.8310696095076,1178000000.0,0.41998,0.36614,436000000.0,2018-09-30,3679000000.0,1181000000.0,14964000000.0,2093000000.0,2018-10-18,100177120000.0,6.694541566426089,6.627662586834292,0.15088275646175445,1.7722269263336157,47.984825609173434
2018-11-02,PYPL.OQ,85.49,86.1,82.68,83.51,83.51,2768340,98404767438.88,1199000000.0,12.8310696095076,1178000000.0,0.41998,0.36614,436000000.0,2018-09-30,3679000000.0,1181000000.0,14964000000.0,2093000000.0,2018-10-18,98374780000.0,6.574096498262497,6.508420774065519,0.15364710345476706,1.7722269263336157,47.12150501672241
2018-11-05,PYPL.OQ,83.33,84.25,82.25,84.05,84.05,1837037,99041081346.4,1199000000.0,12.8310696095076,1178000000.0,0.41998,0.36614,436000000.0,2018-09-30,3679000000.0,1181000000.0,14964000000.0,2093000000.0,2018-10-18,99010900000.0,6.616606522320235,6.550506119748615,0.15265995966100654,1.7722269263336157,47.42620640229335
2018-11-06,PYPL.OQ,84.1,85.31,83.72,84.69,84.69,1530058,99795231162.72,1199000000.0,12.8310696095076,1178000000.0,0.41998,0.36614,436000000.0,2018-09-30,3679000000.0,1181000000.0,14964000000.0,2093000000.0,2018-10-18,99764820000.0,6.6669887730553326,6.600385047965617,0.15150631254584485,1.7722269263336157,47.787333970377446
2018-11-07,PYPL.OQ,85.9,88.49,85.9,88.23,88.23,2889710,103966622334.24,1199000000.0,12.8310696095076,1178000000.0,0.41998,0.36614,436000000.0,2018-09-30,3679000000.0,1181000000.0,14964000000.0,2093000000.0,2018-10-18,103934940000.0,6.945665597433841,6.876277869665917,0.1454275145586263,1.7722269263336157,49.78482083134257
2018-11-08,PYPL.OQ,87.91,89.05,87.7,89.04,89.04,2567721,104921093195.52,1199000000.0,12.8310696095076,1178000000.0,0.41998,0.36614,436000000.0,2018-09-30,3679000000.0,1181000000.0,14964000000.0,2093000000.0,2018-10-18,104889120000.0,7.0094306335204495,6.939405888190562,0.14410455536284364,1.7722269263336157,50.241872909699
2018-11-09,PYPL.OQ,88.3,88.3,85.56,86.76,86.76,2999809,102234434474.88,1199000000.0,12.8310696095076,1178000000.0,0.41998,0.36614,436000000.0,2018-09-30,3679000000.0,1181000000.0,14964000000.0,2093000000.0,2018-10-18,102203280000.0,6.829943865276664,6.761712206417488,0.1478915353792946,1.7722269263336157,48.95535594839943
2018-11-12,PYPL.OQ,86.17,86.65,83.3,83.78,83.78,2597176,98722924392.64,1199000000.0,12.8310696095076,1178000000.0,0.41998,0.36614,436000000.0,2018-09-30,3679000000.0,1181000000.0,14964000000.0,2093000000.0,2018-10-18,98692840000.0,6.595351510291366,6.529463446907067,0.15315194091080925,1.7722269263336157,47.273855709507885
2018-11-13,PYPL.OQ,84.12,85.22,83.16,83.78,83.78,1815734,98722924392.64,1199000000.0,12.8310696095076,1178000000.0,0.41998,0.36614,436000000.0,2018-09-30,3679000000.0,1181000000.0,14964000000.0,2093000000.0,2018-10-18,98692840000.0,6.595351510291366,6.529463446907067,0.15315194091080925,1.7722269263336157,47.273855709507885
2018-11-14,PYPL.OQ,84.96,85.09,83.1,84.05,84.05,2884091,99041081346.4,1199000000.0,12.8310696095076,1178000000.0,0.41998,0.36614,436000000.0,2018-09-30,3679000000.0,1181000000.0,14964000000.0,2093000000.0,2018-10-18,99010900000.0,6.616606522320235,6.550506119748615,0.15265995966100654,1.7722269263336157,47.42620640229335
2018-11-15,PYPL.OQ,83.79,87.08,83.61,86.74,86.74,4130852,102210867293.12,1199000000.0,12.8310696095076,1178000000.0,0.41998,0.36614,436000000.0,2018-09-30,3679000000.0,1181000000.0,14964000000.0,2093000000.0,2018-10-18,102179720000.0,6.828369419941192,6.760153489910706,0.14792563534133735,1.7722269263336157,48.94407071189679
2018-11-16,PYPL.OQ,85.87,86.72,84.83,85.06,85.06,2868573,100231224025.28,1199000000.0,12.8310696095076,1178000000.0,0.41998,0.36614,436000000.0,2018-09-30,3679000000.0,1181000000.0,14964000000.0,2093000000.0,2018-10-18,100200680000.0,6.6961160117615615,6.629221303341073,0.1508472796791394,1.7722269263336157,47.996110845676064
2018-11-19,PYPL.OQ,84.77,85.11,79.91,80.13,80.13,3490790,94421913721.4399,1199000000.0,12.8310696095076,1178000000.0,0.41998,0.36614,436000000.0,2018-09-30,3679000000.0,1181000000.0,14964000000.0,2093000000.0,2018-10-18,94393140000.0,6.308015236567763,6.24499768441947,0.1601281618558293,1.7722269263336157,45.2143000477783
2018-11-20,PYPL.OQ,76.97,79.07,75.47,77.76,77.76,4358934,91629202682.88,1199000000.0,12.8310696095076,1178000000.0,0.41998,0.36614,436000000.0,2018-09-30,3679000000.0,1181000000.0,14964000000.0,2093000000.0,2018-10-18,91601280000.0,6.121443464314354,6.060289778365881,0.16500861123337962,1.7722269263336157,43.87699952221691
2018-11-21,PYPL.OQ,79.09,79.89,77.65,79.12,79.12,2889503,93231771042.56,1199000000.0,12.8310696095076,1178000000.0,0.41998,0.36614,436000000.0,2018-09-30,3679000000.0,1181000000.0,14964000000.0,2093000000.0,2018-10-18,93203360000.0,6.2285057471264365,6.166282500827013,0.16217226503422144,1.7722269263336157,44.644395604395605
2018-11-23,PYPL.OQ,78.09,79.69,77.9,77.95,77.95,1127237,91853090909.6,1199000000.0,12.8310696095076,1178000000.0,0.41998,0.36614,436000000.0,2018-09-30,3679000000.0,1181000000.0,14964000000.0,2093000000.0,2018-10-18,91825100000.0,6.136400695001337,6.075097585180304,0.16460640935866067,1.7722269263336157,43.984209268991876
2018-11-26,PYPL.OQ,78.97,80.98,78.87,80.86,80.86,2998684,95282115855.68,1199000000.0,12.8310696095076,1178000000.0,0.41998,0.36614,436000000.0,2018-09-30,3679000000.0,1181000000.0,14964000000.0,2093000000.0,2018-10-18,95253080000.0,6.365482491312483,6.30189083691699,0.15868253289027454,1.7722269263336157,45.62621118012422
2018-11-27,PYPL.OQ,81.0,81.99,80.21,81.97,81.97,1762435,96590094443.36,1199000000.0,12.8310696095076,1178000000.0,0.41998,0.36614,436000000.0,2018-09-30,3679000000.0,1181000000.0,14964000000.0,2093000000.0,2018-10-18,96560660000.0,6.452864207431168,6.3883996030433545,0.15653372708927168,1.7722269263336157,46.25254180602006
2018-11-28,PYPL.OQ,82.27,86.0,81.96,85.98,85.98,3113695,101315314386.24,1199000000.0,12.8310696095076,1178000000.0,0.41998,0.36614,436000000.0,2018-09-30,3679000000.0,1181000000.0,14964000000.0,2093000000.0,2018-10-18,101284440000.0,6.768540497193264,6.700922262653015,0.14923318922432657,1.7722269263336157,48.51523172479694
2018-11-29,PYPL.OQ,85.37,85.64,83.8,84.26,84.26,2246904,99288536754.88,1199000000.0,12.8310696095076,1178000000.0,0.41998,0.36614,436000000.0,2018-09-30,3679000000.0,1181000000.0,14964000000.0,2093000000.0,2018-10-18,99258280000.0,6.633138198342689,6.56687264306982,0.15227948741404698,1.7722269263336157,47.54470138557095
2018-11-30,PYPL.OQ,84.39,85.86,83.71,85.81,85.81,4503493,101114993341.28,1199000000.0,12.8310696095076,1178000000.0,0.41998,0.36614,436000000.0,2018-09-30,3679000000.0,1181000000.0,14964000000.0,2093000000.0,2018-10-18,101084180000.0,6.755157711841753,6.687673172345374,0.14952883824155225,1.7722269263336157,48.41930721452461
2018-12-03,PYPL.OQ,87.25,88.83,87.2,87.98,87.98,3650522,103672032562.24,1199000000.0,12.8310696095076,1178000000.0,0.41998,0.36614,436000000.0,2018-09-30,3679000000.0,1181000000.0,14964000000.0,2093000000.0,2018-10-18,103640440000.0,6.925985030740444,6.85679391333115,0.1458407548250466,1.7722269263336157,49.643755375059726
2018-12-04,PYPL.OQ,87.24,88.45,84.03,84.19,84.19,2995006,99206051618.72,1199000000.0,12.8310696095076,1178000000.0,0.41998,0.36614,436000000.0,2018-09-30,3679000000.0,1181000000.0,14964000000.0,2093000000.0,2018-10-18,99175820000.0,6.627627639668538,6.561417135296084,0.152406100599924,1.7722269263336157,47.50520305781175
2018-12-06,PYPL.OQ,81.82,85.86,81.3,85.82,85.82,3473534,101126776932.159,1199000000.0,12.8310696095076,1178000000.0,0.41998,0.36614,436000000.0,2018-09-30,3679000000.0,1181000000.0,14964000000.0,2093000000.0,2018-10-18,101095959999.99998,6.755944934509489,6.688452530598764,0.14951141469945933,1.7722269263336157,48.424949832775916
2018-12-07,PYPL.OQ,84.96,85.98,81.97,82.77,82.77,3144866,97532781713.76,1199000000.0,12.8310696095076,1178000000.0,0.41998,0.36614,436000000.0,2018-09-30,3679000000.0,1181000000.0,14964000000.0,2093000000.0,2018-10-18,97503060000.0,6.51584202085004,6.450748263314608,0.15502077575821674,1.7722269263336157,46.70395126612517
2018-12-10,PYPL.OQ,83.25,85.5,82.76,84.93,84.93,2673902,100078037343.84,1199000000.0,12.8310696095076,1178000000.0,0.41998,0.36614,436000000.0,2018-09-30,3679000000.0,1181000000.0,14964000000.0,2093000000.0,2018-10-18,100047540000.00002,6.685882117080995,6.619089646046994,0.15107817743444718,1.7722269263336157,47.922756808408984
2018-12-11,PYPL.OQ,86.01,86.9,84.56,85.51,85.51,2369112,100761485614.88,1199000000.0,12.8310696095076,1178000000.0,0.41998,0.36614,436000000.0,2018-09-30,3679000000.0,1181000000.0,14964000000.0,2093000000.0,2018-10-18,100730780000.0,6.731541031809677,6.664292424743654,0.15005343947500407,1.7722269263336157,48.25002866698519
2018-12-12,PYPL.OQ,86.84,88.45,86.5,86.5,86.5,3237356,101928061112.0,1199000000.0,12.8310696095076,1178000000.0,0.41998,0.36614,436000000.0,2018-09-30,3679000000.0,1181000000.0,14964000000.0,2093000000.0,2018-10-18,101897000000.0,6.809476075915531,6.74144889182933,0.14833606484979883,1.7722269263336157,48.80864787386526
2018-12-13,PYPL.OQ,87.44,88.7,86.41,87.56,87.56,2713715,103177121745.28,1199000000.0,12.8310696095076,1178000000.0,0.41998,0.36614,436000000.0,2018-09-30,3679000000.0,1181000000.0,14964000000.0,2093000000.0,2018-10-18,103145680000.0,6.892921678695536,6.8240608666887415,0.14654031075271357,1.7722269263336157,49.40676540850454
2018-12-14,PYPL.OQ,86.38,87.94,85.44,85.92,85.92,2380387,101244612840.96,1199000000.0,12.8310696095076,1178000000.0,0.41998,0.36614,436000000.0,2018-09-30,3679000000.0,1181000000.0,14964000000.0,2093000000.0,2018-10-18,101213760000.0,6.763817161186848,6.696246113132671,0.1493374023452933,1.7722269263336157,48.48137601528906
2018-12-17,PYPL.OQ,85.69,86.3,83.36,84.1,84.1,3228969,99099999300.7999,1199000000.0,12.8310696095076,1178000000.0,0.41998,0.36614,436000000.0,2018-09-30,3679000000.0,1181000000.0,14964000000.0,2093000000.0,2018-10-18,99069800000.0,6.620542635658914,6.5544029110155675,0.15256919868617838,1.7722269263336157,47.45441949354992
2018-12-18,PYPL.OQ,84.7,86.36,84.63,85.51,85.51,3350818,100761485614.88,1199000000.0,12.8310696095076,1178000000.0,0.41998,0.36614,436000000.0,2018-09-30,3679000000.0,1181000000.0,14964000000.0,2093000000.0,2018-10-18,100730780000.0,6.731541031809677,6.664292424743654,0.15005343947500407,1.7722269263336157,48.25002866698519
2018-12-19,PYPL.OQ,85.63,87.8,82.93,84.03,84.03,3353438,99017514164.64,1199000000.0,12.8310696095076,1178000000.0,0.41998,0.36614,436000000.0,2018-09-30,3679000000.0,1181000000.0,14964000000.0,2093000000.0,2018-10-18,98987340000.0,6.615032076984764,6.548947403241834,0.15269629429379505,1.7722269263336157,47.41492116579073
2018-12-20,PYPL.OQ,83.78,84.84,80.83,82.44,82.44,3684416,97143923214.72,1199000000.0,12.8310696095076,1178000000.0,0.41998,0.36614,436000000.0,2018-09-30,3679000000.0,1181000000.0,14964000000.0,2093000000.0,2018-10-18,97114320000.0,6.489863672814756,6.425029440952716,0.15564131015899563,1.7722269263336157,46.517744863831815
2018-12-21,PYPL.OQ,82.51,83.76,77.72,78.14,78.14,7907915,92076979136.32,1199000000.0,12.8310696095076,1178000000.0,0.41998,0.36614,436000000.0,2018-09-30,3679000000.0,1181000000.0,14964000000.0,2093000000.0,2018-10-18,92048920000.0,6.151357925688319,6.089905391994726,0.16420616341832095,1.7722269263336157,44.09141901576684
2018-12-24,PYPL.OQ,77.48,79.3,76.7,77.06,77.06,2302574,90804351321.28,1199000000.0,12.8310696095076,1178000000.0,0.41998,0.36614,436000000.0,2018-09-30,3679000000.0,1181000000.0,14964000000.0,2093000000.0,2018-10-18,90776680000.0,6.066337877572842,6.005734700628534,0.16650752153526602,1.7722269263336157,43.48201624462494
2018-12-26,PYPL.OQ,77.7,82.8,77.65,82.8,82.8,4479472,97568132486.4,1199000000.0,12.8310696095076,1178000000.0,0.41998,0.36614,436000000.0,2018-09-30,3679000000.0,1181000000.0,14964000000.0,2093000000.0,2018-10-18,97538400000.0,6.518203688853248,6.4530863380747805,0.15496460881047824,1.7722269263336157,46.72087912087912
2018-12-27,PYPL.OQ,81.33,84.36,80.25,84.31,84.31,3183717,99347454709.28,1199000000.0,12.8310696095076,1178000000.0,0.41998,0.36614,436000000.0,2018-09-30,3679000000.0,1181000000.0,14964000000.0,2093000000.0,2018-10-18,99317180000.0,6.637074311681369,6.570769434336772,0.15218917814621752,1.7722269263336157,47.57291447682752
2018-12-28,PYPL.OQ,85.0,85.23,82.34,83.26,83.26,2458634,98110177666.88,1199000000.0,12.8310696095076,1178000000.0,0.41998,0.36614,436000000.0,2018-09-30,3679000000.0,1181000000.0,14964000000.0,2093000000.0,2018-10-18,98080280000.0,6.554415931569099,6.488936817730752,0.15410845075075183,1.7722269263336157,46.980439560439564
2018-12-31,PYPL.OQ,84.19,84.45,82.57,84.09,84.09,3009529,99088215709.92,1199000000.0,12.8310696095076,1178000000.0,0.41998,0.36614,436000000.0,2018-09-30,3679000000.0,1181000000.0,14964000000.0,2093000000.0,2018-10-18,99058020000.0,6.619755412991179,6.553623552762178,0.152587342246493,1.7722269263336157,47.44877687529861
2019-01-02,PYPL.OQ,82.38,86.2,82.24,85.75,85.75,3726084,101044291796.0,1199000000.0,12.8310696095076,1178000000.0,0.41998,0.36614,436000000.0,2018-09-30,3679000000.0,1181000000.0,14964000000.0,2093000000.0,2018-10-18,101013500000.0,6.750434375835338,6.682997022825029,0.14963346483390788,1.7722269263336157,48.38545150501672
2019-01-03,PYPL.OQ,84.34,84.71,81.91,82.09,82.09,3288375,96731497533.92,1199000000.0,12.8310696095076,1178000000.0,0.41998,0.36614,436000000.0,2018-09-30,3679000000.0,1181000000.0,14964000000.0,2093000000.0,2018-10-18,96702020000.0,6.462310879443999,6.397751902084043,0.15630490448906809,1.7722269263336157,46.320253225035835
2019-01-04,PYPL.OQ,83.71,86.905,83.39,86.27,86.27,3409859,101657038521.76,1199000000.0,12.8310696095076,1178000000.0,0.41998,0.36614,436000000.0,2018-09-30,3679000000.0,1181000000.0,14964000000.0,2093000000.0,2018-10-18,101626060000.0,6.791369954557605,6.723523652001345,0.14873153598594643,1.7722269263336157,48.67886765408504
2019-01-07,PYPL.OQ,86.42,87.54,86.03,86.93,86.93,2916545,102434755519.84,1199000000.0,12.8310696095076,1178000000.0,0.41998,0.36614,436000000.0,2018-09-30,3679000000.0,1181000000.0,14964000000.0,2093000000.0,2018-10-18,102403540000.00002,6.843326650628176,6.774961296725129,0.14760231921669847,1.7722269263336157,49.05128045867176
2019-01-08,PYPL.OQ,88.31,88.89,87.69,88.7,88.7,2494383,104520451105.6,1199000000.0,12.8310696095076,1178000000.0,0.41998,0.36614,436000000.0,2018-09-30,3679000000.0,1181000000.0,14964000000.0,2093000000.0,2018-10-18,104488600000.0,6.9826650628174285,6.912907707575279,0.14465692908125816,1.7722269263336157,50.050023889154325
2019-01-09,PYPL.OQ,88.81,90.31,88.5,89.55,89.55,2952774,105522056330.4,1199000000.0,12.8310696095076,1178000000.0,0.41998,0.36614,436000000.0,2018-09-30,3679000000.0,1181000000.0,14964000000.0,2093000000.0,2018-10-18,105489900000.0,7.04957898957498,6.979153159113485,0.14328385940265326,1.7722269263336157,50.529646440516004
2019-01-10,PYPL.OQ,88.86,90.79,87.93,90.7,90.7,2483229,106877169281.6,1199000000.0,12.8310696095076,1178000000.0,0.41998,0.36614,436000000.0,2018-09-30,3679000000.0,1181000000.0,14964000000.0,2093000000.0,2018-10-18,106844600000.0,7.140109596364608,7.068779358253414,0.1414671401268754,1.7722269263336157,51.1785475394171
2019-01-11,PYPL.OQ,90.19,91.13,90.1,90.65,90.65,2212045,106818251327.2,1199000000.0,12.8310696095076,1178000000.0,0.41998,0.36614,436000000.0,2018-09-30,3679000000.0,1181000000.0,14964000000.0,2093000000.0,2018-10-18,106785700000.0,7.136173483025929,7.06488256698646,0.1415451694374804,1.7722269263336157,51.150334448160535
2019-01-14,PYPL.OQ,89.96,90.81,89.58,90.43,90.43,1930107,106559012327.84,1199000000.0,12.8310696095076,1178000000.0,0.41998,0.36614,436000000.0,2018-09-30,3679000000.0,1181000000.0,14964000000.0,2093000000.0,2018-10-18,106526540000.00002,7.1188545843357405,7.0477366854118655,0.14188952349339376,1.7722269263336157,51.02619684663163
2019-01-15,PYPL.OQ,90.5,91.91,90.36,91.6,91.6,3026684,107937692460.799,1199000000.0,12.8310696095076,1178000000.0,0.41998,0.36614,436000000.0,2018-09-30,3679000000.0,1181000000.0,14964000000.0,2093000000.0,2018-10-18,107904800000.0,7.2109596364608395,7.138921601058573,0.14007717914309606,1.7722269263336157,51.68638318203535
2019-01-16,PYPL.OQ,91.72,92.35,90.22,90.55,90.55,2738768,106700415418.4,1199000000.0,12.8310696095076,1178000000.0,0.41998,0.36614,436000000.0,2018-09-30,3679000000.0,1181000000.0,14964000000.0,2093000000.0,2018-10-18,106667900000.0,7.1283012563485695,7.057088984452553,0.141701486576561,1.7722269263336157,51.09390826564739
2019-01-17,PYPL.OQ,90.25,90.87,89.81,90.4,90.4,2074296,106523661555.2,1199000000.0,12.8310696095076,1178000000.0,0.41998,0.36614,436000000.0,2018-09-30,3679000000.0,1181000000.0,14964000000.0,2093000000.0,2018-10-18,106491200000.0,7.116492916332532,7.045398610651693,0.1419366107246416,1.7722269263336157,51.00926899187769
2019-01-18,PYPL.OQ,91.44,91.44,89.81,91.12,91.12,3904485,107372080098.56,1199000000.0,12.8310696095076,1178000000.0,0.41998,0.36614,436000000.0,2018-09-30,3679000000.0,1181000000.0,14964000000.0,2093000000.0,2018-10-18,107339360000.0,7.173172948409516,7.101512404895821,0.1408150747312072,1.7722269263336157,51.41553750597229
2019-01-22,PYPL.OQ,90.33,90.97,89.09,89.94,89.94,2841407,105981616374.72,1199000000.0,12.8310696095076,1178000000.0,0.41998,0.36614,436000000.0,2018-09-30,3679000000.0,1181000000.0,14964000000.0,2093000000.0,2018-10-18,105949320000.0,7.08028067361668,7.0095481309957215,0.14266254847128754,1.7722269263336157,50.749708552317244
2019-01-23,PYPL.OQ,90.74,91.16,89.58,90.5,90.5,2316737,106641497464.0,1199000000.0,12.8310696095076,1178000000.0,0.41998,0.36614,436000000.0,2018-09-30,3679000000.0,1181000000.0,14964000000.0,2093000000.0,2018-10-18,106609000000.0,7.12436514300989,7.053192193185599,0.14177977469069172,1.7722269263336157,51.065695174390825
2019-01-24,PYPL.OQ,90.67,92.99,90.59,92.2,92.2,2992071,108644707913.6,1199000000.0,12.8310696095076,1178000000.0,0.41998,0.36614,436000000.0,2018-09-30,3679000000.0,1181000000.0,14964000000.0,2093000000.0,2018-10-18,108611600000.0,7.258192996524993,7.185683096262014,0.13916561398598262,1.7722269263336157,52.02494027711419
2019-01-25,PYPL.OQ,93.0,94.57,92.69,94.28,94.28,3884704,111095694816.64,1199000000.0,12.8310696095076,1178000000.0,0.41998,0.36614,436000000.0,2018-09-30,3679000000.0,1181000000.0,14964000000.0,2093000000.0,2018-10-18,111061840000.0,7.42193531141406,7.347789612967275,0.13609535012205767,1.7722269263336157,53.19860487338748
2019-01-28,PYPL.OQ,93.3,93.35,90.7,92.3,92.3,2438130,108762543822.4,1199000000.0,12.8310696095076,1178000000.0,0.41998,0.36614,436000000.0,2018-09-30,3679000000.0,1181000000.0,14964000000.0,2093000000.0,2018-10-18,108729400000.0,7.266065223202352,7.19347667879592,0.1390148386728884,1.7722269263336157,52.081366459627326
2019-01-29,PYPL.OQ,92.33,92.85,90.57,91.12,91.12,1965881,107372080098.56,1199000000.0,12.8310696095076,1178000000.0,0.41998,0.36614,436000000.0,2018-09-30,3679000000.0,1181000000.0,14964000000.0,2093000000.0,2018-10-18,107339360000.0,7.173172948409516,7.101512404895821,0.1408150747312072,1.7722269263336157,51.41553750597229
2019-01-30,PYPL.OQ,92.02,93.33,90.915,92.42,92.42,3341658,108903946912.96,1194000000.0,13.1056218057922,1174000000.0,0.49702,0.47404,584000000.0,2018-12-31,4224000000.0,1175000000.0,15444000000.0,2057000000.0,2019-01-30,108501080000.0,7.025451955451955,7.051935525802658,0.14180504009729714,1.7506382978723405,52.79217306757413
2019-01-31,PYPL.OQ,89.02,90.05,86.67,88.76,88.76,6596126,104134063414.92,1194000000.0,13.1056218057922,1174000000.0,0.49702,0.47404,584000000.0,2018-12-31,4224000000.0,1175000000.0,15444000000.0,2057000000.0,2019-01-30,104204240000.0,6.747231287231287,6.7726660600545765,0.14765234120991663,1.7506382978723405,50.701507049100634
2019-02-01,PYPL.OQ,88.36,90.49,88.25,90.01,90.01,3397736,105600575123.67,1194000000.0,13.1056218057922,1174000000.0,0.49702,0.47404,584000000.0,2018-12-31,4224000000.0,1175000000.0,15444000000.0,2057000000.0,2019-01-30,105671740000.0,6.842252007252007,6.868044975952145,0.14560184208190424,1.7506382978723405,51.41553232863394
2019-02-04,PYPL.OQ,89.88,92.11,89.71,91.66,91.66,2202939,107536370579.22,1194000000.0,13.1056218057922,1174000000.0,0.49702,0.47404,584000000.0,2018-12-31,4224000000.0,1175000000.0,15444000000.0,2057000000.0,2019-01-30,107608840000.0,6.967679357679358,6.993945144936935,0.1429808183045189,1.7506382978723405,52.35804569761789
2019-02-05,PYPL.OQ,91.91,92.35,91.37,92.27,92.27,1920811,108252028293.09,1194000000.0,13.1056218057922,1174000000.0,0.49702,0.47404,584000000.0,2018-12-31,4224000000.0,1175000000.0,15444000000.0,2057000000.0,2019-01-30,108324980000.0,7.0140494690494695,7.040490055894949,0.14203556741944512,1.7506382978723405,52.70649003403014
2019-02-06,PYPL.OQ,90.8,92.29,90.19,92.25,92.25,1896354,108228564105.75,1194000000.0,13.1056218057922,1174000000.0,0.49702,0.47404,584000000.0,2018-12-31,4224000000.0,1175000000.0,15444000000.0,2057000000.0,2019-01-30,108301500000.0,7.012529137529137,7.038963993240588,0.14206636103839784,1.7506382978723405,52.695065629557604
2019-02-07,PYPL.OQ,91.11,91.7,90.01,90.85,90.85,2351592,106586070991.95,1194000000.0,13.1056218057922,1174000000.0,0.49702,0.47404,584000000.0,2018-12-31,4224000000.0,1175000000.0,15444000000.0,2057000000.0,2019-01-30,106657900000.0,6.906105931105931,6.932139607435311,0.14425560600761916,1.7506382978723405,51.89535731648031
2019-02-08,PYPL.OQ,90.02,91.9,90.01,91.87,91.87,2181035,107782744546.29,1194000000.0,13.1056218057922,1174000000.0,0.49702,0.47404,584000000.0,2018-12-31,4224000000.0,1175000000.0,15444000000.0,2057000000.0,2019-01-30,107855380000.0,6.983642838642838,7.009968802807728,0.14265398721881137,1.7506382978723405,52.47800194457948
2019-02-11,PYPL.OQ,92.25,93.75,92.15,92.69,92.69,2558272,108744776227.23,1194000000.0,13.1056218057922,1174000000.0,0.49702,0.47404,584000000.0,2018-12-31,4224000000.0,1175000000.0,15444000000.0,2057000000.0,2019-01-30,108818060000.0,7.045976430976431,7.072537371636533,0.14139197114890711,1.7506382978723405,52.946402527953325
2019-02-12,PYPL.OQ,93.44,94.51,93.2,94.38,94.38,2396458,110727500057.459,1194000000.0,13.1056218057922,1174000000.0,0.49702,0.47404,584000000.0,2018-12-31,4224000000.0,1175000000.0,15444000000.0,2057000000.0,2019-01-30,110802120000.0,7.174444444444444,7.201489665930046,0.13886015899334817,1.7506382978723405,53.91176470588235
2019-02-13,PYPL.OQ,94.52,96.04,93.85,94.01,94.01,2428571,110293412591.67,1194000000.0,13.1056218057922,1174000000.0,0.49702,0.47404,584000000.0,2018-12-31,4224000000.0,1175000000.0,15444000000.0,2057000000.0,2019-01-30,110367740000.0,7.1463183113183115,7.173257506824366,0.13940667807458992,1.7506382978723405,53.700413223140494
2019-02-14,PYPL.OQ,93.65,94.98,93.22,94.42,94.42,1880564,110774428432.14,1194000000.0,13.1056218057922,1174000000.0,0.49702,0.47404,584000000.0,2018-12-31,4224000000.0,1175000000.0,15444000000.0,2057000000.0,2019-01-30,110849080000.0,7.177485107485108,7.204541791238769,0.13880133240618725,1.7506382978723405,53.93461351482742
2019-02-15,PYPL.OQ,95.16,95.42,94.45,94.91,94.91,2360647,111349301021.97,1194000000.0,13.1056218057922,1174000000.0,0.49702,0.47404,584000000.0,2018-12-31,4224000000.0,1175000000.0,15444000000.0,2057000000.0,2019-01-30,111424340000.0,7.21473322973323,7.241930326270615,0.13808473085862608,1.7506382978723405,54.21451142440447
2019-02-19,PYPL.OQ,94.45,95.3,94.09,95.02,95.02,2541615,111478354052.34,1194000000.0,13.1056218057922,1174000000.0,0.49702,0.47404,584000000.0,2018-12-31,4224000000.0,1175000000.0,15444000000.0,2057000000.0,2019-01-30,111553480000.0,7.2230950530950535,7.2503236708696015,0.13792487692898547,1.7506382978723405,54.2773456490034
2019-02-20,PYPL.OQ,95.0,95.72,93.98,94.73,94.73,2708495,111138123335.91,1194000000.0,13.1056218057922,1174000000.0,0.49702,0.47404,584000000.0,2018-12-31,4224000000.0,1175000000.0,15444000000.0,2057000000.0,2019-01-30,111213020000.0,7.201050246050246,7.2281957623813655,0.13834711079691966,1.7506382978723405,54.11169178415168
2019-02-21,PYPL.OQ,94.87,95.5,94.33,94.96,94.96,1857817,111407961490.319,1194000000.0,13.1056218057922,1174000000.0,0.49702,0.47404,584000000.0,2018-12-31,4224000000.0,1175000000.0,15444000000.0,2057000000.0,2019-01-30,111483040000.0,7.2185340585340585,7.245745482906518,0.13801202407110574,1.7506382978723405,54.2430724355858
2019-02-22,PYPL.OQ,95.24,96.0,95.07,95.98,95.98,1565004,112604635044.66,1194000000.0,13.1056218057922,1174000000.0,0.49702,0.47404,584000000.0,2018-12-31,4224000000.0,1175000000.0,15444000000.0,2057000000.0,2019-01-30,112680520000.0,7.296070966070966,7.323574678278935,0.1365453407563263,1.7506382978723405,54.825717063684976
2019-02-25,PYPL.OQ,96.07,97.3,96.07,96.7,96.7,2495045,113449345788.9,1194000000.0,13.1056218057922,1174000000.0,0.49702,0.47404,584000000.0,2018-12-31,4224000000.0,1175000000.0,15444000000.0,2057000000.0,2019-01-30,113525800000.0,7.3508029008029006,7.3785129338359345,0.13552866396889554,1.7506382978723405,55.236995624696156
2019-02-26,PYPL.OQ,96.34,96.81,95.53,96.59,96.59,1922272,113320292758.53,1194000000.0,13.1056218057922,1174000000.0,0.49702,0.47404,584000000.0,2018-12-31,4224000000.0,1175000000.0,15444000000.0,2057000000.0,2019-01-30,113396660000.0,7.3424410774410775,7.370119589236948,0.13568300865298893,1.7506382978723405,55.174161400097226
2019-02-27,PYPL.OQ,96.11,98.04,95.98,97.86,97.86,1806013,114810268654.62,1194000000.0,13.1056218057922,1174000000.0,0.49702,0.47404,584000000.0,2018-12-31,4224000000.0,1175000000.0,15444000000.0,2057000000.0,2019-01-30,114887640000.0,7.438982128982129,7.4670245677888785,0.13392215211314326,1.7506382978723405,55.89961108410306
2019-02-28,PYPL.OQ,97.66,98.52,97.1,98.07,98.07,2241529,115056642621.689,1194000000.0,13.1056218057922,1174000000.0,0.49702,0.47404,584000000.0,2018-12-31,4224000000.0,1175000000.0,15444000000.0,2057000000.0,2019-01-30,115134179999.99998,7.454945609945609,7.483048225659669,0.13363538090947488,1.7506382978723405,56.01956733106465
2019-03-01,PYPL.OQ,98.92,99.43,98.34,98.8,98.8,1703232,115913085459.599,1194000000.0,13.1056218057922,1174000000.0,0.49702,0.47404,584000000.0,2018-12-31,4224000000.0,1175000000.0,15444000000.0,2057000000.0,2019-01-30,115991200000.0,7.51043771043771,7.538749512543849,0.13264799398575103,1.7506382978723405,56.436558094312105
2019-03-04,PYPL.OQ,98.03,98.5,95.34,96.57,96.57,2882766,113296828571.189,1194000000.0,13.1056218057922,1174000000.0,0.49702,0.47404,584000000.0,2018-12-31,4224000000.0,1175000000.0,15444000000.0,2057000000.0,2019-01-30,113373179999.99998,7.340920745920745,7.368593526582586,0.13571110910005385,1.7506382978723405,55.16273699562469
2019-03-05,PYPL.OQ,96.65,97.135,96.15,96.53,96.53,2554258,113249900196.51,1194000000.0,13.1056218057922,1174000000.0,0.49702,0.47404,584000000.0,2018-12-31,4224000000.0,1175000000.0,15444000000.0,2057000000.0,2019-01-30,113326220000.0,7.3378800828800825,7.365541401273865,0.13576734492688491,1.7506382978723405,55.13988818667963
2019-03-06,PYPL.OQ,96.52,97.27,95.92,96.46,96.46,1268092,113167775540.819,1194000000.0,13.1056218057922,1174000000.0,0.49702,0.47404,584000000.0,2018-12-31,4224000000.0,1175000000.0,15444000000.0,2057000000.0,2019-01-30,113244040000.0,7.332558922558922,7.3602001819836005,0.13586586985063448,1.7506382978723405,55.09990277102576
2019-03-07,PYPL.OQ,96.17,96.75,95.3,96.21,96.21,1804439,112874473199.069,1194000000.0,13.1056218057922,1174000000.0,0.49702,0.47404,584000000.0,2018-12-31,4224000000.0,1175000000.0,15444000000.0,2057000000.0,2019-01-30,112950540000.0,7.313554778554779,7.341124398804086,0.1362189149339175,1.7506382978723405,54.9570977151191
2019-03-08,PYPL.OQ,95.34,95.76,94.52,95.69,95.69,1829076,112264404328.23,1194000000.0,13.1056218057922,1174000000.0,0.49702,0.47404,584000000.0,2018-12-31,4224000000.0,1175000000.0,15444000000.0,2057000000.0,2019-01-30,112340060000.0,7.2740261590261595,7.301446769790698,0.13695915775725992,1.7506382978723405,54.66006319883325
2019-03-11,PYPL.OQ,96.01,97.57,96.0,97.45,97.45,2634032,114329252814.15,1194000000.0,13.1056218057922,1174000000.0,0.49702,0.47404,584000000.0,2018-12-31,4224000000.0,1175000000.0,15444000000.0,2057000000.0,2019-01-30,114406300000.0,7.407815332815333,7.435740283374476,0.13448560088037148,1.7506382978723405,55.66541079241614
2019-03-12,PYPL.OQ,98.0,98.07,96.9,97.5,97.5,2406085,114387913282.5,1194000000.0,13.1056218057922,1174000000.0,0.49702,0.47404,584000000.0,2018-12-31,4224000000.0,1175000000.0,15444000000.0,2057000000.0,2019-01-30,114465000000.0,7.411616161616162,7.439555440010378,0.13441663390556102,1.7506382978723405,55.69397180359747
2019-03-13,PYPL.OQ,98.14,100.59,98.14,99.31,99.31,3010546,116511422236.77,1194000000.0,13.1056218057922,1174000000.0,0.49702,0.47404,584000000.0,2018-12-31,4224000000.0,1175000000.0,15444000000.0,2057000000.0,2019-01-30,116589940000.0,7.549206164206164,7.577664110230058,0.13196678890134125,1.7506382978723405,56.72788040836169
2019-03-14,PYPL.OQ,99.46,99.66,98.94,99.03,99.03,2012205,116182923614.01,1194000000.0,13.1056218057922,1174000000.0,0.49702,0.47404,584000000.0,2018-12-31,4224000000.0,1175000000.0,15444000000.0,2057000000.0,2019-01-30,116261220000.0,7.527921522921523,7.556299233069002,0.13233991523570837,1.7506382978723405,56.56793874574623
2019-03-15,PYPL.OQ,99.4,101.25,99.33,100.73,100.73,4606999,118177379537.91,1194000000.0,13.1056218057922,1174000000.0,0.49702,0.47404,584000000.0,2018-12-31,4224000000.0,1175000000.0,15444000000.0,2057000000.0,2019-01-30,118257020000.0,7.657149702149702,7.686014558689696,0.1301064410383421,1.7506382978723405,57.539013125911524
2019-03-18,PYPL.OQ,101.21,101.82,99.39,100.27,100.27,1946057,117637703229.09,1194000000.0,13.1056218057922,1174000000.0,0.49702,0.47404,584000000.0,2018-12-31,4224000000.0,1175000000.0,15444000000.0,2057000000.0,2019-01-30,117716980000.0,7.622182077182077,7.650915117639391,0.13070331909636182,1.7506382978723405,57.27625182304326
2019-03-19,PYPL.OQ,100.6,101.67,100.6,101.54,101.54,2357673,119127679125.18,1194000000.0,13.1056218057922,1174000000.0,0.49702,0.47404,584000000.0,2018-12-31,4224000000.0,1175000000.0,15444000000.0,2057000000.0,2019-01-30,119207960000.0,7.718723128723129,7.7478200961913215,0.12906856220004137,1.7506382978723405,58.001701507049106
2019-03-20,PYPL.OQ,101.45,103.02,100.86,102.31,102.31,2353418,120031050337.77,1194000000.0,13.1056218057922,1174000000.0,0.49702,0.47404,584000000.0,2018-12-31,4224000000.0,1175000000.0,15444000000.0,2057000000.0,2019-01-30,120111940000.0,7.7772558922558925,7.806573508384224,0.12809717335345713,1.7506382978723405,58.44154107924161
2019-03-21,PYPL.OQ,102.15,104.56,102.11,104.15,104.15,2463178,122189755573.05,1194000000.0,13.1056218057922,1174000000.0,0.49702,0.47404,584000000.0,2018-12-31,4224000000.0,1175000000.0,15444000000.0,2057000000.0,2019-01-30,122272100000.0,7.917126392126392,7.946971272585445,0.12583410279205184,1.7506382978723405,59.492586290714634
2019-03-22,PYPL.OQ,103.62,103.99,101.26,101.27,101.27,2876359,118810912596.09,1194000000.0,13.1056218057922,1174000000.0,0.49702,0.47404,584000000.0,2018-12-31,4224000000.0,1175000000.0,15444000000.0,2057000000.0,2019-01-30,118890980000.0,7.698198653198653,7.727218250357446,0.1294126770592693,1.7506382978723405,57.84747204666991
2019-03-25,PYPL.OQ,100.94,102.17,100.65,101.55,101.55,1780903,119139411218.849,1194000000.0,13.1056218057922,1174000000.0,0.49702,0.47404,584000000.0,2018-12-31,4224000000.0,1175000000.0,15444000000.0,2057000000.0,2019-01-30,119219700000.0,7.719483294483294,7.7485831275185015,0.12905585234655048,1.7506382978723405,58.007413709285366
2019-03-26,PYPL.OQ,102.34,103.28,101.77,103.15,103.15,1471057,121016546206.05,1194000000.0,13.1056218057922,1174000000.0,0.49702,0.47404,584000000.0,2018-12-31,4224000000.0,1175000000.0,15444000000.0,2057000000.0,2019-01-30,121098100000.0,7.8411098161098165,7.87066813986739,0.1270540165370063,1.7506382978723405,58.921366067087995
2019-03-27,PYPL.OQ,103.21,104.16,101.76,103.07,103.07,1722892,120922689456.689,1194000000.0,13.1056218057922,1174000000.0,0.49702,0.47404,584000000.0,2018-12-31,4224000000.0,1175000000.0,15444000000.0,2057000000.0,2019-01-30,121004179999.99998,7.835028490028489,7.864563889249945,0.12715263224791112,1.7506382978723405,58.87566844919785
2019-03-28,PYPL.OQ,103.45,104.0,102.68,103.86,103.86,1606932,121849524856.62,1194000000.0,13.1056218057922,1174000000.0,0.49702,0.47404,584000000.0,2018-12-31,4224000000.0,1175000000.0,15444000000.0,2057000000.0,2019-01-30,121931640000.0,7.895081585081585,7.924843364097209,0.12618545932786635,1.7506382978723405,59.32693242586291
2019-03-29,PYPL.OQ,104.52,104.64,103.46,103.84,103.84,2529338,121720488618.08,1194000000.0,13.1056218057922,1174000000.0,0.49702,0.47404,584000000.0,2018-12-31,4224000000.0,1175000000.0,15444000000.0,2057000000.0,2019-01-30,121908160000.0,7.893561253561254,7.923317301442848,0.12620976315285246,1.7506382978723405,59.31550802139037
2019-04-01,PYPL.OQ,104.99,105.75,103.85,105.55,105.55,2014200,123724938112.849,1194000000.0,13.1056218057922,1174000000.0,0.49702,0.47404,584000000.0,2018-12-31,4224000000.0,1175000000.0,15444000000.0,2057000000.0,2019-01-30,123915700000.0,8.023549598549598,8.053795658390722,0.12416505737368262,1.7506382978723405,60.29229460379192
2019-04-02,PYPL.OQ,105.57,105.7,104.66,105.23,105.23,1432320,123349836453.01,1194000000.0,13.1056218057922,1174000000.0,0.49702,0.47404,584000000.0,2018-12-31,4224000000.0,1175000000.0,15444000000.0,2057000000.0,2019-01-30,123540020000.0,7.999224294224295,8.029378655920945,0.12454263808602299,1.7506382978723405,60.10950413223141
2019-04-03,PYPL.OQ,105.93,105.96,104.5,104.69,104.69,2266298,122716852402.03,1194000000.0,13.1056218057922,1174000000.0,0.49702,0.47404,584000000.0,2018-12-31,4224000000.0,1175000000.0,15444000000.0,2057000000.0,2019-01-30,122906060000.0,7.958175343175343,7.9881749642531945,0.12518503969617156,1.7506382978723405,59.80104521147302
2019-04-04,PYPL.OQ,104.7,104.8,102.66,104.46,104.46,2203900,122447248084.019,1194000000.0,13.1056218057922,1174000000.0,0.49702,0.47404,584000000.0,2018-12-31,4224000000.0,1175000000.0,15444000000.0,2057000000.0,2019-01-30,122636040000.0,7.940691530691531,7.970625243728041,0.12546067208301936,1.7506382978723405,59.66966456003889
2019-04-05,PYPL.OQ,104.84,105.79,104.62,105.73,105.73,2318201,123935932796.51,1194000000.0,13.1056218057922,1174000000.0,0.49702,0.47404,584000000.0,2018-12-31,4224000000.0,1175000000.0,15444000000.0,2057000000.0,2019-01-30,124127020000.0,8.037232582232582,8.067530222279972,0.12395367261696964,1.7506382978723405,60.39511424404473
2019-04-08,PYPL.OQ,105.66,106.99,104.68,106.57,106.57,2368519,124920574653.59,1194000000.0,13.1056218057922,1174000000.0,0.49702,0.47404,584000000.0,2018-12-31,4224000000.0,1175000000.0,15444000000.0,2057000000.0,2019-01-30,125113179999.99998,8.101086506086505,8.131624853763139,0.12297665202019517,1.7506382978723405,60.8749392318911
2019-04-09,PYPL.OQ,106.06,107.5,105.84,106.93,106.93,1949933,125342564020.91,1194000000.0,13.1056218057922,1174000000.0,0.49702,0.47404,584000000.0,2018-12-31,4224000000.0,1175000000.0,15444000000.0,2057000000.0,2019-01-30,125535820000.00002,8.128452473452475,8.15909398154164,0.1225626279415711,1.7506382978723405,61.0805785123967
2019-04-10,PYPL.OQ,107.15,107.77,106.42,107.51,107.51,2055476,126022435779.37,1194000000.0,13.1056218057922,1174000000.0,0.49702,0.47404,584000000.0,2018-12-31,4224000000.0,1175000000.0,15444000000.0,2057000000.0,2019-01-30,126216740000.0,8.172542087542087,8.203349798518111,0.12190142131701422,1.7506382978723405,61.411886242100145
2019-04-11,PYPL.OQ,107.51,107.7,105.91,106.46,106.46,1963868,124791633458.019,1194000000.0,13.1056218057922,1174000000.0,0.49702,0.47404,584000000.0,2018-12-31,4224000000.0,1175000000.0,15444000000.0,2057000000.0,2019-01-30,124984040000.0,8.092724682724683,8.123231509164151,0.12310371788269962,1.7506382978723405,60.81210500729217
2019-04-12,PYPL.OQ,107.03,108.54,106.41,108.48,108.48,2080255,127159462685.76,1194000000.0,13.1056218057922,1174000000.0,0.49702,0.47404,584000000.0,2018-12-31,4224000000.0,1175000000.0,15444000000.0,2057000000.0,2019-01-30,127355520000.0,8.246278166278167,8.277363837254624,0.12081141045162426,1.7506382978723405,61.96596985901799
2019-04-15,PYPL.OQ,108.58,108.99,107.31,108.14,108.14,1563130,126760917172.18,1194000000.0,13.1056218057922,1174000000.0,0.49702,0.47404,584000000.0,2018-12-31,4224000000.0,1175000000.0,15444000000.0,2057000000.0,2019-01-30,126956360000.0,8.22043253043253,8.251420772130485,0.12119125028474385,1.7506382978723405,61.77175498298493
2019-04-16,PYPL.OQ,108.8,108.8,107.59,108.2,108.2,1101961,126831248733.4,1194000000.0,13.1056218057922,1174000000.0,0.49702,0.47404,584000000.0,2018-12-31,4224000000.0,1175000000.0,15444000000.0,2057000000.0,2019-01-30,127026800000.0,8.224993524993526,8.255998960093569,0.12112404626425323,1.7506382978723405,61.80602819640253
2019-04-17,PYPL.OQ,108.0,108.86,107.25,108.81,108.81,1624106,127546286272.47,1194000000.0,13.1056218057922,1174000000.0,0.49702,0.47404,584000000.0,2018-12-31,4224000000.0,1175000000.0,15444000000.0,2057000000.0,2019-01-30,127742940000.0,8.271363636363636,8.302543871051583,0.12044501246018012,1.7506382978723405,62.15447253281478
2019-04-18,PYPL.OQ,108.36,108.37,105.1,107.36,107.36,3353649,125846606876.319,1194000000.0,13.1056218057922,1174000000.0,0.49702,0.47404,584000000.0,2018-12-31,4224000000.0,1175000000.0,15444000000.0,2057000000.0,2019-01-30,126040640000.0,8.1611396011396,8.191904328610402,0.12207173813144746,1.7506382978723405,61.326203208556144
2019-04-22,PYPL.OQ,106.79,107.18,106.05,106.81,106.81,1963489,125494595118.53,1194000000.0,13.1056218057922,1174000000.0,0.49702,0.47404,584000000.0,2018-12-31,4224000000.0,1175000000.0,15444000000.0,2057000000.0,2019-01-30,125394940000.0,8.119330484330485,8.149937605615472,0.12270032586641888,1.7506382978723405,61.01203208556149
2019-04-23,PYPL.OQ,107.1,107.51,106.45,106.9,106.9,2872587,125600339089.7,1194000000.0,13.1056218057922,1174000000.0,0.49702,0.47404,584000000.0,2018-12-31,4224000000.0,1175000000.0,15444000000.0,2057000000.0,2019-01-30,125500600000.0,8.126171976171976,8.156804887560098,0.12259702344052571,1.7506382978723405,61.063441905687895
2019-04-24,PYPL.OQ,107.11,108.38,106.43,107.22,107.22,2784603,125976317653.86,1188000000.0,12.9325938566553,1172000000.0,0.70709,0.56145,667000000.0,2019-03-31,4128000000.0,1171000000.0,15881000000.0,2213000000.0,2019-04-24,125661840000.0,7.912715823940558,8.290680213762611,0.120617364826108,1.8898377455166524,56.73502937189336
2019-04-25,PYPL.OQ,108.58,110.91,108.55,110.22,110.22,3521439,129501116692.86,1188000000.0,12.9325938566553,1172000000.0,0.70709,0.56145,667000000.0,2019-03-31,4128000000.0,1171000000.0,15881000000.0,2213000000.0,2019-04-24,129177840000.0,8.134112461431899,8.522652239889153,0.11733436632784704,1.8898377455166524,58.32246723904203
2019-04-26,PYPL.OQ,109.72,110.56,107.89,110.56,110.56,2542625,129900593917.28,1188000000.0,12.9325938566553,1172000000.0,0.70709,0.56145,667000000.0,2019-03-31,4128000000.0,1171000000.0,15881000000.0,2213000000.0,2019-04-24,129576320000.0,8.159204080347585,8.548942402850162,0.11697353343573895,1.8898377455166524,58.50237686398554
2019-04-29,PYPL.OQ,110.7,112.99,110.5,112.44,112.44,2256191,132109467981.72,1188000000.0,12.9325938566553,1172000000.0,0.70709,0.56145,667000000.0,2019-03-31,4128000000.0,1171000000.0,15881000000.0,2213000000.0,2019-04-24,131779680000.0,8.297945973175493,8.694311539222795,0.11501773262767075,1.8898377455166524,59.49717126073204
2019-04-30,PYPL.OQ,112.44,113.21,111.21,112.77,112.77,2580022,132497195876.01,1188000000.0,12.9325938566553,1172000000.0,0.70709,0.56145,667000000.0,2019-03-31,4128000000.0,1171000000.0,15881000000.0,2213000000.0,2019-04-24,132166440000.0,8.322299603299541,8.719828462096714,0.11468115506478052,1.8898377455166524,59.67178942611839
2019-05-01,PYPL.OQ,113.21,113.69,110.92,110.94,110.94,1776890,130347068462.22,1188000000.0,12.9325938566553,1172000000.0,0.70709,0.56145,667000000.0,2019-03-31,4128000000.0,1171000000.0,15881000000.0,2213000000.0,2019-04-24,130021680000.0,8.187247654429822,8.578325526159523,0.11657286692496216,1.8898377455166524,58.703452327157706
2019-05-02,PYPL.OQ,110.6,111.16,108.91,109.7,109.7,1810855,128890151526.1,1188000000.0,12.9325938566553,1172000000.0,0.70709,0.56145,667000000.0,2019-03-31,4128000000.0,1171000000.0,15881000000.0,2213000000.0,2019-04-24,128568400000.0,8.095737044266734,8.482443755360553,0.11789055475528988,1.8898377455166524,58.04731134206959
2019-05-03,PYPL.OQ,110.57,112.12,110.25,111.96,111.96,1689236,131545500135.48,1188000000.0,12.9325938566553,1172000000.0,0.70709,0.56145,667000000.0,2019-03-31,4128000000.0,1171000000.0,15881000000.0,2213000000.0,2019-04-24,131217120000.0,8.262522511176877,8.657196015042548,0.11551084187795016,1.8898377455166524,59.24318120198825
2019-05-06,PYPL.OQ,109.26,111.12,108.67,110.85,110.85,2059656,130241324491.049,1188000000.0,12.9325938566553,1172000000.0,0.70709,0.56145,667000000.0,2019-03-31,4128000000.0,1171000000.0,15881000000.0,2213000000.0,2019-04-24,129916200000.0,8.180605755305082,8.571366365375727,0.11666751336630853,1.8898377455166524,58.65582919114324
2019-05-07,PYPL.OQ,109.64,109.94,107.65,108.95,108.95,2726054,128008951766.35,1188000000.0,12.9325938566553,1172000000.0,0.70709,0.56145,667000000.0,2019-03-31,4128000000.0,1171000000.0,15881000000.0,2213000000.0,2019-04-24,127689400000.0,8.040387884893898,8.424450748828917,0.11870210056590455,1.8898377455166524,57.65045187528242
2019-05-08,PYPL.OQ,108.58,109.88,108.15,109.07,109.07,1688133,128149943727.909,1188000000.0,12.9325938566553,1172000000.0,0.70709,0.56145,667000000.0,2019-03-31,4128000000.0,1171000000.0,15881000000.0,2213000000.0,2019-04-24,127830039999.99998,8.04924375039355,8.433729629873978,0.11857150322412488,1.8898377455166524,57.71394938996836
2019-05-09,PYPL.OQ,107.69,110.11,107.36,109.73,109.73,1909520,128925399516.49,1188000000.0,12.9325938566553,1172000000.0,0.70709,0.56145,667000000.0,2019-03-31,4128000000.0,1171000000.0,15881000000.0,2213000000.0,2019-04-24,128603560000.0,8.097951010641648,8.484763475621818,0.11785832367315502,1.8898377455166524,58.06318572074108
2019-05-10,PYPL.OQ,109.22,110.68,107.49,110.41,110.41,1428120,129724353965.33,1188000000.0,12.9325938566553,1172000000.0,0.70709,0.56145,667000000.0,2019-03-31,4128000000.0,1171000000.0,15881000000.0,2213000000.0,2019-04-24,129400520000.0,8.148134248473019,8.537343801543834,0.11713245047237841,1.8898377455166524,58.42300497062811
2019-05-13,PYPL.OQ,107.59,108.59,106.52,106.83,106.83,2427612,125518093778.79,1188000000.0,12.9325938566553,1172000000.0,0.70709,0.56145,667000000.0,2019-03-31,4128000000.0,1171000000.0,15881000000.0,2213000000.0,2019-04-24,125204760000.0,7.883934261066684,8.26052385036616,0.12105769780637743,1.8898377455166524,56.52866244916403
2019-05-14,PYPL.OQ,107.56,110.4,107.38,109.09,109.09,1886800,128173442388.17,1188000000.0,12.9325938566553,1172000000.0,0.70709,0.56145,667000000.0,2019-03-31,4128000000.0,1171000000.0,15881000000.0,2213000000.0,2019-04-24,127853480000.0,8.050719727976828,8.435276110048155,0.11854976493404805,1.8898377455166524,57.7245323090827
2019-05-15,PYPL.OQ,108.59,111.92,108.31,111.5,111.5,2039565,131005030949.5,1188000000.0,12.9325938566553,1172000000.0,0.70709,0.56145,667000000.0,2019-03-31,4128000000.0,1171000000.0,15881000000.0,2213000000.0,2019-04-24,130678000000.0,8.228575026761538,8.621626971036479,0.11598738884892645,1.8898377455166524,58.99977406235879
2019-05-16,PYPL.OQ,111.33,114.65,111.19,113.87,113.87,2252756,133789622190.31,1188000000.0,12.9325938566553,1172000000.0,0.70709,0.56145,667000000.0,2019-03-31,4128000000.0,1171000000.0,15881000000.0,2213000000.0,2019-04-24,133455640000.0,8.403478370379698,8.804884871676446,0.11357331919430316,1.8898377455166524,60.25384997740624
2019-05-17,PYPL.OQ,113.07,114.23,112.25,112.8,112.8,1970979,132532443866.4,1188000000.0,12.9325938566553,1172000000.0,0.70709,0.56145,667000000.0,2019-03-31,4128000000.0,1171000000.0,15881000000.0,2213000000.0,2019-04-24,132201600000.0,8.324513569674453,8.72214818235798,0.11465065475758245,1.8898377455166524,59.68766380478988
2019-05-20,PYPL.OQ,111.97,113.31,111.24,112.15,112.15,1440934,131768737407.95,1188000000.0,12.9325938566553,1172000000.0,0.70709,0.56145,667000000.0,2019-03-31,4128000000.0,1171000000.0,15881000000.0,2213000000.0,2019-04-24,131439800000.0,8.276544298217996,8.671887576697229,0.11531514807539278,1.8898377455166524,59.34371893357434
2019-05-21,PYPL.OQ,112.67,113.12,111.7,112.43,112.43,1446255,132097718651.59,1188000000.0,12.9325938566553,1172000000.0,0.70709,0.56145,667000000.0,2019-03-31,4128000000.0,1171000000.0,15881000000.0,2213000000.0,2019-04-24,131767960000.00002,8.297207984383856,8.693538299135707,0.11502796279156186,1.8898377455166524,59.49187980117488
2019-05-22,PYPL.OQ,112.28,113.95,112.21,112.47,112.47,1222694,132144715972.11,1188000000.0,12.9325938566553,1172000000.0,0.70709,0.56145,667000000.0,2019-03-31,4128000000.0,1171000000.0,15881000000.0,2213000000.0,2019-04-24,131814840000.0,8.300159939550406,8.69663125948406,0.11498705305108296,1.8898377455166524,59.51304563940352
2019-05-23,PYPL.OQ,111.47,111.5,109.08,109.9,109.9,2734133,129125138128.7,1188000000.0,12.9325938566553,1172000000.0,0.70709,0.56145,667000000.0,2019-03-31,4128000000.0,1171000000.0,15881000000.0,2213000000.0,2019-04-24,128802800000.0,8.11049682009949,8.497908557102322,0.11767601325437034,1.8898377455166524,58.153140533212834
2019-05-24,PYPL.OQ,110.79,111.21,109.46,109.85,109.85,1911160,129066391478.049,1188000000.0,12.9325938566553,1172000000.0,0.70709,0.56145,667000000.0,2019-03-31,4128000000.0,1171000000.0,15881000000.0,2213000000.0,2019-04-24,128744200000.0,8.1068068761413,8.49404235666688,0.1177295753905808,1.8898377455166524,58.12668323542702
2019-05-28,PYPL.OQ,110.57,113.14,110.57,111.74,111.74,3238383,131287014872.62,1188000000.0,12.9325938566553,1172000000.0,0.70709,0.56145,667000000.0,2019-03-31,4128000000.0,1171000000.0,15881000000.0,2213000000.0,2019-04-24,130959280000.0,8.246286757760846,8.6401847331266,0.11573826612363793,1.8898377455166524,59.12676909173068
2019-05-29,PYPL.OQ,110.75,110.96,109.31,110.08,110.08,2588803,129336626071.04,1188000000.0,12.9325938566553,1172000000.0,0.70709,0.56145,667000000.0,2019-03-31,4128000000.0,1171000000.0,15881000000.0,2213000000.0,2019-04-24,129013760000.0,8.12378061834897,8.511826878669915,0.11748359244781341,1.8898377455166524,58.24838680524175
2019-05-30,PYPL.OQ,110.64,111.56,110.1,111.41,111.41,1478784,130899286978.33,1188000000.0,12.9325938566553,1172000000.0,0.70709,0.56145,667000000.0,2019-03-31,4128000000.0,1171000000.0,15881000000.0,2213000000.0,2019-04-24,130572520000.0,8.221933127636799,8.614667810252682,0.11608108658697873,1.8898377455166524,58.95215092634433
2019-05-31,PYPL.OQ,110.02,110.8,108.74,109.75,109.75,2047193,128948898176.75,1188000000.0,12.9325938566553,1172000000.0,0.70709,0.56145,667000000.0,2019-03-31,4128000000.0,1171000000.0,15881000000.0,2213000000.0,2019-04-24,128627000000.0,8.099426988224923,8.486309955795996,0.11783684607430797,1.8898377455166524,58.0737686398554
2019-06-03,PYPL.OQ,109.86,110.6,103.96,105.52,105.52,4496967,123978931531.76,1188000000.0,12.9325938566553,1172000000.0,0.70709,0.56145,667000000.0,2019-03-31,4128000000.0,1171000000.0,15881000000.0,2213000000.0,2019-04-24,123669440000.0,7.787257729362131,8.15922939895757,0.12256059378937927,1.8898377455166524,55.83548124717578
2019-06-04,PYPL.OQ,106.83,108.82,105.78,108.73,108.73,2716876,127750466503.49,1188000000.0,12.9325938566553,1172000000.0,0.70709,0.56145,667000000.0,2019-03-31,4128000000.0,1171000000.0,15881000000.0,2213000000.0,2019-04-24,127431560000.0,8.024152131477866,8.40743946691297,0.11894227772146879,1.8898377455166524,57.53403976502486
2019-06-05,PYPL.OQ,110.04,110.88,109.48,110.77,110.77,2405622,130147329850.01,1188000000.0,12.9325938566553,1172000000.0,0.70709,0.56145,667000000.0,2019-03-31,4128000000.0,1171000000.0,15881000000.0,2213000000.0,2019-04-24,129822440000.0,8.17470184497198,8.565180444679019,0.11675177265193916,1.8898377455166524,58.613497514685946
2019-06-06,PYPL.OQ,111.11,112.04,110.28,111.78,111.78,1832229,131334012193.14,1188000000.0,12.9325938566553,1172000000.0,0.70709,0.56145,667000000.0,2019-03-31,4128000000.0,1171000000.0,15881000000.0,2213000000.0,2019-04-24,131006160000.0,8.249238712927397,8.643277693474955,0.11569684967485508,1.8898377455166524,59.147934929959334
2019-06-07,PYPL.OQ,112.3,115.14,112.08,114.02,114.02,2342608,133965862142.26,1188000000.0,12.9325938566553,1172000000.0,0.70709,0.56145,667000000.0,2019-03-31,4128000000.0,1171000000.0,15881000000.0,2213000000.0,2019-04-24,133631440000.0,8.414548202254267,8.816483472982773,0.11342390682911156,1.8898377455166524,60.333221870763666
2019-06-10,PYPL.OQ,115.12,117.35,114.85,115.62,115.62,2356239,135845754963.06,1188000000.0,12.9325938566553,1172000000.0,0.70709,0.56145,667000000.0,2019-03-31,4128000000.0,1171000000.0,15881000000.0,2213000000.0,2019-04-24,135506640000.0,8.532626408916315,8.94020188691693,0.11185429732447068,1.8898377455166524,61.17985539990963
2019-06-11,PYPL.OQ,116.97,117.45,113.31,114.6,114.6,2042937,134647323289.799,1188000000.0,12.9325938566553,1172000000.0,0.70709,0.56145,667000000.0,2019-03-31,4128000000.0,1171000000.0,15881000000.0,2213000000.0,2019-04-24,134311200000.0,8.457351552169259,8.861331398033904,0.1128498591331178,1.8898377455166524,60.640126525079076
2019-06-12,PYPL.OQ,114.44,114.89,113.49,114.5,114.5,1254686,134529829988.5,1188000000.0,12.9325938566553,1172000000.0,0.70709,0.56145,667000000.0,2019-03-31,4128000000.0,1171000000.0,15881000000.0,2213000000.0,2019-04-24,134194000000.0,8.44997166425288,8.85359899716302,0.11294841796205501,1.8898377455166524,60.587211929507454
2019-06-13,PYPL.OQ,114.82,115.81,114.59,115.72,115.72,1750654,135963248264.36,1188000000.0,12.9325938566553,1172000000.0,0.70709,0.56145,667000000.0,2019-03-31,4128000000.0,1171000000.0,15881000000.0,2213000000.0,2019-04-24,135623840000.0,8.540006296832694,8.947934287787813,0.11175763789021173,1.8898377455166524,61.23276999548125
2019-06-14,PYPL.OQ,115.87,116.73,115.27,116.17,116.17,1744746,136491968120.21,1188000000.0,12.9325938566553,1172000000.0,0.70709,0.56145,667000000.0,2019-03-31,4128000000.0,1171000000.0,15881000000.0,2213000000.0,2019-04-24,136151240000.0,8.573215792456395,8.982730091706795,0.11132472976375399,1.8898377455166524,61.470885675553546
2019-06-17,PYPL.OQ,116.58,117.335,116.37,117.16,117.16,1589529,137655151803.08,1188000000.0,12.9325938566553,1172000000.0,0.70709,0.56145,667000000.0,2019-03-31,4128000000.0,1171000000.0,15881000000.0,2213000000.0,2019-04-24,137311520000.0,8.646276682828537,9.059280860328554,0.11038403769763827,1.8898377455166524,61.99474017171261
2019-06-18,PYPL.OQ,118.6,118.6,115.84,115.98,115.98,2359724,136268730847.74,1188000000.0,12.9325938566553,1172000000.0,0.70709,0.56145,667000000.0,2019-03-31,4128000000.0,1171000000.0,15881000000.0,2213000000.0,2019-04-24,135928560000.0,8.559194005415277,8.968038530052114,0.11150710343727625,1.8898377455166524,61.37034794396747
2019-06-19,PYPL.OQ,116.0,117.34,115.22,117.14,117.14,2081162,137631653142.82,1188000000.0,12.9325938566553,1172000000.0,0.70709,0.56145,667000000.0,2019-03-31,4128000000.0,1171000000.0,15881000000.0,2213000000.0,2019-04-24,137288080000.0,8.644800705245261,9.057734380154377,0.11040288421252603,1.8898377455166524,61.98415725259829
2019-06-20,PYPL.OQ,118.93,119.94,117.84,118.79,118.79,1744142,139570292614.27,1188000000.0,12.9325938566553,1172000000.0,0.70709,0.56145,667000000.0,2019-03-31,4128000000.0,1171000000.0,15881000000.0,2213000000.0,2019-04-24,139221880000.0,8.766568855865499,9.185318994523975,0.10886938173798552,1.8898377455166524,62.85724807953005
2019-06-21,PYPL.OQ,116.25,117.25,115.98,116.21,116.21,4743266,136538965440.73,1188000000.0,12.9325938566553,1172000000.0,0.70709,0.56145,667000000.0,2019-03-31,4128000000.0,1171000000.0,15881000000.0,2213000000.0,2019-04-24,136198120000.0,8.576167747622947,8.985823052055148,0.11128641129554515,1.8898377455166524,61.492051513782194
2019-06-24,PYPL.OQ,116.51,116.77,115.66,116.5,116.5,1234244,136879696014.5,1188000000.0,12.9325938566553,1172000000.0,0.70709,0.56145,667000000.0,2019-03-31,4128000000.0,1171000000.0,15881000000.0,2213000000.0,2019-04-24,136538000000.0,8.597569422580442,9.008247014580714,0.11100938932751331,1.8898377455166524,61.6455038409399
2019-06-25,PYPL.OQ,116.58,116.96,113.39,114.44,114.44,2298302,134459334007.72,1188000000.0,12.9325938566553,1172000000.0,0.70709,0.56145,667000000.0,2019-03-31,4128000000.0,1171000000.0,15881000000.0,2213000000.0,2019-04-24,134123680000.0,8.445543731503054,8.848959556640489,0.11300763593721863,1.8898377455166524,60.55546317216448
2019-06-26,PYPL.OQ,115.7,116.37,114.12,114.15,114.15,1822071,134118603433.95,1188000000.0,12.9325938566553,1172000000.0,0.70709,0.56145,667000000.0,2019-03-31,4128000000.0,1171000000.0,15881000000.0,2213000000.0,2019-04-24,133783800000.0,8.424142056545557,8.826535594114924,0.11329473374205255,1.8898377455166524,60.402010845006785
2019-06-27,PYPL.OQ,114.51,114.87,113.08,113.67,113.67,1770404,133554635587.71,1188000000.0,12.9325938566553,1172000000.0,0.70709,0.56145,667000000.0,2019-03-31,4128000000.0,1171000000.0,15881000000.0,2213000000.0,2019-04-24,133221240000.0,8.388718594546942,8.789420069934677,0.11377314908643706,1.8898377455166524,60.148020786263
2019-06-28,PYPL.OQ,114.24,114.62,113.35,114.46,114.46,2916909,134482832667.98,1188000000.0,12.9325938566553,1172000000.0,0.70709,0.56145,667000000.0,2019-03-31,4128000000.0,1171000000.0,15881000000.0,2213000000.0,2019-04-24,134147120000.0,8.44701970908633,8.850506036814666,0.11298788971392015,1.8898377455166524,60.56604609127881
2019-07-01,PYPL.OQ,116.72,116.75,114.35,115.03,115.03,1929050,135152544485.39,1188000000.0,12.9325938566553,1172000000.0,0.70709,0.56145,667000000.0,2019-03-31,4128000000.0,1171000000.0,15881000000.0,2213000000.0,2019-04-24,134815160000.0,8.489085070209685,8.89458072177871,0.11242800883817526,1.8898377455166524,60.86765928603705
2019-07-02,PYPL.OQ,115.18,116.2,114.6,116.17,116.17,1635495,136491968120.21,1188000000.0,12.9325938566553,1172000000.0,0.70709,0.56145,667000000.0,2019-03-31,4128000000.0,1171000000.0,15881000000.0,2213000000.0,2019-04-24,136151240000.0,8.573215792456395,8.982730091706795,0.11132472976375399,1.8898377455166524,61.470885675553546
2019-07-03,PYPL.OQ,116.88,117.72,116.06,117.68,117.68,1419199,138266116969.84,1188000000.0,12.9325938566553,1172000000.0,0.70709,0.56145,667000000.0,2019-03-31,4128000000.0,1171000000.0,15881000000.0,2213000000.0,2019-04-24,137920960000.0,8.684652099993704,9.099489344857155,0.10989627682405932,1.8898377455166524,62.26989606868505
2019-07-05,PYPL.OQ,116.54,117.4,114.69,117.16,117.16,1733017,137655151803.08,1188000000.0,12.9325938566553,1172000000.0,0.70709,0.56145,667000000.0,2019-03-31,4128000000.0,1171000000.0,15881000000.0,2213000000.0,2019-04-24,137311520000.0,8.646276682828537,9.059280860328554,0.11038403769763827,1.8898377455166524,61.99474017171261
2019-07-08,PYPL.OQ,116.34,117.22,115.15,116.95,116.95,1907368,137408415870.35,1188000000.0,12.9325938566553,1172000000.0,0.70709,0.56145,667000000.0,2019-03-31,4128000000.0,1171000000.0,15881000000.0,2213000000.0,2019-04-24,137065400000.0,8.630778918204143,9.043042818499696,0.1105822475985917,1.8898377455166524,61.8836195210122
2019-07-09,PYPL.OQ,116.37,118.62,116.25,118.37,118.37,2196574,139076820748.81,1188000000.0,12.9325938566553,1172000000.0,0.70709,0.56145,667000000.0,2019-03-31,4128000000.0,1171000000.0,15881000000.0,2213000000.0,2019-04-24,138729640000.0,8.735573326616711,9.15284291086626,0.10925567167910195,1.8898377455166524,62.63500677812924
2019-07-10,PYPL.OQ,119.11,120.2,118.78,119.64,119.64,2223377,140568985675.32,1188000000.0,12.9325938566553,1172000000.0,0.70709,0.56145,667000000.0,2019-03-31,4128000000.0,1171000000.0,15881000000.0,2213000000.0,2019-04-24,140218080000.0,8.829297903154712,9.251044401926496,0.10809590318167252,1.8898377455166524,63.30702214188884
2019-07-11,PYPL.OQ,120.23,120.73,119.24,120.65,120.65,1913955,141755668018.45,1188000000.0,12.9325938566553,1172000000.0,0.70709,0.56145,667000000.0,2019-03-31,4128000000.0,1171000000.0,15881000000.0,2213000000.0,2019-04-24,141401800000.0,8.903834771110132,9.329141650722432,0.10719099756863074,1.8898377455166524,63.841459557162224
2019-07-12,PYPL.OQ,120.92,121.0,119.315,120.12,120.12,1839543,141132953521.56,1188000000.0,12.9325938566553,1172000000.0,0.70709,0.56145,667000000.0,2019-03-31,4128000000.0,1171000000.0,15881000000.0,2213000000.0,2019-04-24,140780640000.0,8.864721365153327,9.288159926106742,0.1076639515206069,1.8898377455166524,63.56101220063263
2019-07-15,PYPL.OQ,120.77,121.035,119.81,120.9,120.9,1467652,142049401271.7,1188000000.0,12.9325938566553,1172000000.0,0.70709,0.56145,667000000.0,2019-03-31,4128000000.0,1171000000.0,15881000000.0,2213000000.0,2019-04-24,141694800000.0,8.922284490901077,9.348472652899643,0.10696934538176427,1.8898377455166524,63.973746046091286
2019-07-16,PYPL.OQ,121.1,121.48,119.53,119.71,119.71,1683956,140651230986.229,1188000000.0,12.9325938566553,1172000000.0,0.70709,0.56145,667000000.0,2019-03-31,4128000000.0,1171000000.0,15881000000.0,2213000000.0,2019-04-24,140300120000.0,8.834463824696178,9.256457082536114,0.10803269448379668,1.8898377455166524,63.344062358788975
2019-07-17,PYPL.OQ,119.72,119.98,118.8,118.81,118.81,1654813,139593791274.53,1188000000.0,12.9325938566553,1172000000.0,0.70709,0.56145,667000000.0,2019-03-31,4128000000.0,1171000000.0,15881000000.0,2213000000.0,2019-04-24,139245320000.0,8.768044833448775,9.186865474698152,0.10885105510188789,1.8898377455166524,62.86783099864438
2019-07-18,PYPL.OQ,118.99,120.79,118.63,119.87,119.87,1875051,140839220268.31,1188000000.0,12.9325938566553,1172000000.0,0.70709,0.56145,667000000.0,2019-03-31,4128000000.0,1171000000.0,15881000000.0,2213000000.0,2019-04-24,140487640000.0,8.846271645362382,9.268828923929531,0.10788849467469173,1.8898377455166524,63.42872571170357
2019-07-19,PYPL.OQ,120.74,121.35,118.6,118.63,118.63,2022894,139589004481.449,1188000000.0,12.9325938566553,1172000000.0,0.70709,0.56145,667000000.0,2019-03-31,4128000000.0,1171000000.0,15881000000.0,2213000000.0,2019-04-24,139034360000.0,8.754761035199294,9.17294715313056,0.10901621728614432,1.8898377455166524,62.772584726615456
2019-07-22,PYPL.OQ,118.99,119.2,118.13,118.69,118.69,2111194,139659605006.35,1188000000.0,12.9325938566553,1172000000.0,0.70709,0.56145,667000000.0,2019-03-31,4128000000.0,1171000000.0,15881000000.0,2213000000.0,2019-04-24,139104680000.0,8.759188967949122,9.177586593653091,0.10896110756302384,1.8898377455166524,62.80433348395843
2019-07-23,PYPL.OQ,119.49,120.27,118.7,120.22,120.22,1933314,141459918391.3,1188000000.0,12.9325938566553,1172000000.0,0.70709,0.56145,667000000.0,2019-03-31,4128000000.0,1171000000.0,15881000000.0,2213000000.0,2019-04-24,140897840000.0,8.872101253069706,9.295892326977627,0.10757439574659207,1.8898377455166524,63.61392679620425
2019-07-24,PYPL.OQ,120.0,121.32,118.955,121.3,121.3,3335824,142730727839.5,1187000000.0,13.7119796091759,1177000000.0,0.69106,0.69334,823000000.0,2019-06-30,4305000000.0,1175000000.0,16336000000.0,2510000000.0,2019-07-24,142770100000.0,8.739599657198825,8.846279199454719,0.11304187641530007,2.1361702127659576,56.78386454183266
2019-07-25,PYPL.OQ,116.68,117.55,113.24,115.12,115.12,6240993,135458873774.8,1187000000.0,13.7119796091759,1177000000.0,0.69106,0.69334,823000000.0,2019-06-30,4305000000.0,1175000000.0,16336000000.0,2510000000.0,2019-07-24,135496240000.0,8.294333986287953,8.395578412541031,0.11911031627150713,2.1361702127659576,53.89083665338645
2019-07-26,PYPL.OQ,115.71,116.26,114.35,115.49,115.49,2990863,135894243678.349,1187000000.0,13.7119796091759,1177000000.0,0.69106,0.69334,823000000.0,2019-06-30,4305000000.0,1175000000.0,16336000000.0,2510000000.0,2019-07-24,135931730000.0,8.320992286973555,8.422562116611916,0.11872871771734263,2.1361702127659576,54.06404382470119
2019-07-29,PYPL.OQ,113.7,114.25,111.23,111.45,111.45,4607659,131140475001.75,1187000000.0,13.7119796091759,1177000000.0,0.69106,0.69334,823000000.0,2019-06-30,4305000000.0,1175000000.0,16336000000.0,2510000000.0,2019-07-24,131176650000.0,8.029912463271303,8.127929239729829,0.12303256715276717,2.1361702127659576,52.172808764940235
2019-07-30,PYPL.OQ,110.72,112.29,108.78,112.04,112.04,3131148,131834713496.6,1187000000.0,13.7119796091759,1177000000.0,0.69106,0.69334,823000000.0,2019-06-30,4305000000.0,1175000000.0,16336000000.0,2510000000.0,2019-07-24,131871080000.0,8.072421645445642,8.170957308383402,0.1223846805531587,2.1361702127659576,52.449003984063744
2019-07-31,PYPL.OQ,112.2,112.3,109.43,110.4,110.4,3873213,129904965816.0,1187000000.0,13.7119796091759,1177000000.0,0.69106,0.69334,823000000.0,2019-06-30,4305000000.0,1175000000.0,16336000000.0,2510000000.0,2019-07-24,129940800000.0,7.954260528893242,8.051353863312457,0.12420271385123097,2.1361702127659576,51.68127490039841
2019-08-01,PYPL.OQ,110.45,112.44,109.665,110.8,110.8,2894360,130375635982.0,1187000000.0,13.7119796091759,1177000000.0,0.69106,0.69334,823000000.0,2019-06-30,4305000000.0,1175000000.0,16336000000.0,2510000000.0,2019-07-24,130411600000.0,7.983080313418218,8.080525435280979,0.12375432860267058,2.1361702127659576,51.86852589641433
2019-08-02,PYPL.OQ,109.47,109.6,105.86,107.09,107.09,3831492,126010170192.35,1187000000.0,13.7119796091759,1177000000.0,0.69106,0.69334,823000000.0,2019-06-30,4305000000.0,1175000000.0,16336000000.0,2510000000.0,2019-07-24,126044930000.0,7.71577681194907,7.809959105272925,0.12804164356313288,2.1361702127659576,50.13177290836653
2019-08-05,PYPL.OQ,103.96,105.37,102.42,103.6,103.6,4298397,121903572994.0,1187000000.0,13.7119796091759,1177000000.0,0.69106,0.69334,823000000.0,2019-06-30,4305000000.0,1175000000.0,16336000000.0,2510000000.0,2019-07-24,121937200000.0,7.464324191968658,7.555437139847558,0.1323550155325859,2.1361702127659576,48.49800796812748
2019-08-06,PYPL.OQ,105.0,106.0,104.5,105.03,105.03,2578702,123586218837.45,1187000000.0,13.7119796091759,1177000000.0,0.69106,0.69334,823000000.0,2019-06-30,4305000000.0,1175000000.0,16336000000.0,2510000000.0,2019-07-24,123620310000.0,7.567354921645445,7.659725509635029,0.13055298114039704,2.1361702127659576,49.16743027888446
2019-08-07,PYPL.OQ,104.06,107.145,103.3,106.63,106.63,2973885,125468899501.45,1187000000.0,13.7119796091759,1177000000.0,0.69106,0.69334,823000000.0,2019-06-30,4305000000.0,1175000000.0,16336000000.0,2510000000.0,2019-07-24,125503510000.0,7.6826340597453475,7.776411797509122,0.12859401302800244,2.1361702127659576,49.9164342629482
2019-08-08,PYPL.OQ,107.35,108.14,106.08,106.79,106.79,2860980,125657167567.85,1187000000.0,13.7119796091759,1177000000.0,0.69106,0.69334,823000000.0,2019-06-30,4305000000.0,1175000000.0,16336000000.0,2510000000.0,2019-07-24,125691830000.0,7.694161973555338,7.788080426296532,0.1284013447811209,2.1361702127659576,49.99133466135458
2019-08-09,PYPL.OQ,106.4,106.52,104.46,104.82,104.82,3301270,123339117000.299,1187000000.0,13.7119796091759,1177000000.0,0.69106,0.69334,823000000.0,2019-06-30,4305000000.0,1175000000.0,16336000000.0,2510000000.0,2019-07-24,123373139999.99998,7.552224534769833,7.6444104343515535,0.1308145354815484,2.1361702127659576,49.06912350597609
2019-08-12,PYPL.OQ,104.01,104.37,102.21,102.72,102.72,2810553,120868098628.8,1187000000.0,13.7119796091759,1177000000.0,0.69106,0.69334,823000000.0,2019-06-30,4305000000.0,1175000000.0,16336000000.0,2510000000.0,2019-07-24,120901440000.0,7.400920666013712,7.491259681516806,0.13348889806440714,2.1361702127659576,48.08605577689242
2019-08-13,PYPL.OQ,103.39,106.69,102.7,106.04,106.04,3747244,124774661006.6,1187000000.0,13.7119796091759,1177000000.0,0.69106,0.69334,823000000.0,2019-06-30,4305000000.0,1175000000.0,16336000000.0,2510000000.0,2019-07-24,124809080000.0,7.640124877571009,7.733383728855551,0.12930950216122122,2.1361702127659576,49.6402390438247
2019-08-14,PYPL.OQ,104.17,105.08,102.45,103.27,103.27,3436330,121515270107.049,1187000000.0,13.7119796091759,1177000000.0,0.69106,0.69334,823000000.0,2019-06-30,4305000000.0,1175000000.0,16336000000.0,2510000000.0,2019-07-24,121548790000.0,7.440547869735553,7.531370592973526,0.13277795690109326,2.1361702127659576,48.343525896414334
2019-08-15,PYPL.OQ,103.9,105.79,103.13,104.95,104.95,2373843,123492084804.25,1187000000.0,13.7119796091759,1177000000.0,0.69106,0.69334,823000000.0,2019-06-30,4305000000.0,1175000000.0,16336000000.0,2510000000.0,2019-07-24,123526150000.0,7.561590964740451,7.653891195241324,0.13065249746713578,2.1361702127659576,49.129980079681275
2019-08-16,PYPL.OQ,106.08,106.61,105.55,106.16,106.16,2421733,124915862056.4,1187000000.0,13.7119796091759,1177000000.0,0.69106,0.69334,823000000.0,2019-06-30,4305000000.0,1175000000.0,16336000000.0,2510000000.0,2019-07-24,124950320000.0,7.648770812928501,7.742135200446107,0.12916333467573382,2.1361702127659576,49.696414342629474
2019-08-19,PYPL.OQ,107.87,108.44,106.83,107.67,107.67,2056506,126692641933.05,1187000000.0,13.7119796091759,1177000000.0,0.69106,0.69334,823000000.0,2019-06-30,4305000000.0,1175000000.0,16336000000.0,2510000000.0,2019-07-24,126727590000.0,7.757565499510284,7.852257884627283,0.12735190497980775,2.1361702127659576,50.40328685258964
2019-08-20,PYPL.OQ,107.91,108.58,107.03,107.37,107.37,1785991,126339639308.55,1187000000.0,13.7119796091759,1177000000.0,0.69106,0.69334,823000000.0,2019-06-30,4305000000.0,1175000000.0,16336000000.0,2510000000.0,2019-07-24,126374490000.0,7.7359506611165525,7.830379205650892,0.12770773595208995,2.1361702127659576,50.26284860557769
2019-08-21,PYPL.OQ,108.54,110.02,108.41,109.82,109.82,1979073,129222494075.299,1187000000.0,13.7119796091759,1177000000.0,0.69106,0.69334,823000000.0,2019-06-30,4305000000.0,1175000000.0,16336000000.0,2510000000.0,2019-07-24,129258139999.99998,7.912471841332026,8.009055083958096,0.12485867427768987,2.1361702127659576,51.40976095617529
2019-08-22,PYPL.OQ,110.08,110.29,107.68,108.77,108.77,1507770,127986984889.549,1187000000.0,13.7119796091759,1177000000.0,0.69106,0.69334,823000000.0,2019-06-30,4305000000.0,1175000000.0,16336000000.0,2510000000.0,2019-07-24,128022290000.0,7.836819906953966,7.932479707540723,0.12606398463892526,2.1361702127659576,50.91822709163346
2019-08-23,PYPL.OQ,108.72,110.13,105.51,106.04,106.04,2826128,124774661006.6,1187000000.0,13.7119796091759,1177000000.0,0.69106,0.69334,823000000.0,2019-06-30,4305000000.0,1175000000.0,16336000000.0,2510000000.0,2019-07-24,124809080000.0,7.640124877571009,7.733383728855551,0.12930950216122122,2.1361702127659576,49.6402390438247
2019-08-26,PYPL.OQ,107.23,107.8,106.31,107.66,107.66,1443674,126680875178.9,1187000000.0,13.7119796091759,1177000000.0,0.69106,0.69334,823000000.0,2019-06-30,4305000000.0,1175000000.0,16336000000.0,2510000000.0,2019-07-24,126715820000.0,7.756845004897159,7.8515285953280705,0.1273637340625664,2.1361702127659576,50.39860557768924
2019-08-27,PYPL.OQ,108.39,108.68,106.96,107.45,107.45,1601835,126433773341.75,1187000000.0,13.7119796091759,1177000000.0,0.69106,0.69334,823000000.0,2019-06-30,4305000000.0,1175000000.0,16336000000.0,2510000000.0,2019-07-24,126468650000.0,7.741714618021548,7.836213520044596,0.12761265341252584,2.1361702127659576,50.30029880478087
2019-08-28,PYPL.OQ,106.71,107.63,105.36,107.47,107.47,1289748,126457306850.05,1187000000.0,13.7119796091759,1177000000.0,0.69106,0.69334,823000000.0,2019-06-30,4305000000.0,1175000000.0,16336000000.0,2510000000.0,2019-07-24,126492190000.0,7.743155607247796,7.837672098643021,0.12758890489602587,2.1361702127659576,50.30966135458167
2019-08-29,PYPL.OQ,108.96,109.75,108.79,109.21,109.21,1292095,128504722072.15,1187000000.0,13.7119796091759,1177000000.0,0.69106,0.69334,823000000.0,2019-06-30,4305000000.0,1175000000.0,16336000000.0,2510000000.0,2019-07-24,128540170000.0,7.8685216699314395,7.964568436706098,0.12555608102898913,2.1361702127659576,51.12420318725099
2019-08-30,PYPL.OQ,110.13,110.96,108.55,109.05,109.05,1680255,128316454005.75,1187000000.0,13.7119796091759,1177000000.0,0.69106,0.69334,823000000.0,2019-06-30,4305000000.0,1175000000.0,16336000000.0,2510000000.0,2019-07-24,128351850000.0,7.856993756121449,7.952899807918689,0.12574029902958186,2.1361702127659576,51.049302788844614
2019-09-03,PYPL.OQ,107.92,108.86,106.47,106.75,106.75,1681344,125610100551.25,1187000000.0,13.7119796091759,1177000000.0,0.69106,0.69334,823000000.0,2019-06-30,4305000000.0,1175000000.0,16336000000.0,2510000000.0,2019-07-24,125644750000.0,7.691279995102841,7.785163269099679,0.12844945769719815,2.1361702127659576,49.97260956175298
2019-09-04,PYPL.OQ,107.71,109.235,107.29,108.73,108.73,1429763,127939917872.95,1187000000.0,13.7119796091759,1177000000.0,0.69106,0.69334,823000000.0,2019-06-30,4305000000.0,1175000000.0,16336000000.0,2510000000.0,2019-07-24,127975210000.0,7.833937928501469,7.929562550343871,0.12611036153017474,2.1361702127659576,50.89950199203187
2019-09-05,PYPL.OQ,110.0,111.63,109.6,111.46,111.46,2110295,131152241755.9,1187000000.0,13.7119796091759,1177000000.0,0.69106,0.69334,823000000.0,2019-06-30,4305000000.0,1175000000.0,16336000000.0,2510000000.0,2019-07-24,131188420000.0,8.030632957884427,8.128658529029043,0.12302152888189395,2.1361702127659576,52.17749003984063
2019-09-06,PYPL.OQ,111.66,111.67,109.63,110.05,110.05,1682965,129493129420.75,1187000000.0,13.7119796091759,1177000000.0,0.69106,0.69334,823000000.0,2019-06-30,4305000000.0,1175000000.0,16336000000.0,2510000000.0,2019-07-24,129528850000.0,7.929043217433889,8.025828737839998,0.12459772475398365,2.1361702127659576,51.517430278884454
2019-09-09,PYPL.OQ,110.62,110.63,103.9,105.43,105.43,3616482,124056889003.45,1187000000.0,13.7119796091759,1177000000.0,0.69106,0.69334,823000000.0,2019-06-30,4305000000.0,1175000000.0,16336000000.0,2510000000.0,2019-07-24,124091110000.00002,7.596174706170422,7.688897081603553,0.13005766488832304,2.1361702127659576,49.3546812749004
2019-09-10,PYPL.OQ,104.77,104.81,101.31,103.05,103.05,3749463,121256401515.75,1187000000.0,13.7119796091759,1177000000.0,0.69106,0.69334,823000000.0,2019-06-30,4305000000.0,1175000000.0,16336000000.0,2510000000.0,2019-07-24,121289850000.0,7.424696988246817,7.515326228390838,0.1330614226994265,2.1361702127659576,48.24053784860557
2019-09-11,PYPL.OQ,104.15,104.45,103.12,104.02,104.02,2380122,122397776668.299,1187000000.0,13.7119796091759,1177000000.0,0.69106,0.69334,823000000.0,2019-06-30,4305000000.0,1175000000.0,16336000000.0,2510000000.0,2019-07-24,122431540000.0,7.494584965719882,7.5860672904145074,0.13182060766367912,2.1361702127659576,48.69462151394422
2019-09-12,PYPL.OQ,105.71,107.91,105.66,107.1,107.1,3569844,126021936946.5,1187000000.0,13.7119796091759,1177000000.0,0.69106,0.69334,823000000.0,2019-06-30,4305000000.0,1175000000.0,16336000000.0,2510000000.0,2019-07-24,126056700000.0,7.716497306562194,7.8106883945721375,0.12802968822759944,2.1361702127659576,50.13645418326693
2019-09-13,PYPL.OQ,106.66,107.28,105.25,107.0,107.0,3121308,125904269405.0,1187000000.0,13.7119796091759,1177000000.0,0.69106,0.69334,823000000.0,2019-06-30,4305000000.0,1175000000.0,16336000000.0,2510000000.0,2019-07-24,125939000000.0,7.7092923604309505,7.803395501580007,0.12814934214183085,2.1361702127659576,50.089641434262944
2019-09-16,PYPL.OQ,106.13,108.0,105.99,106.52,106.52,1913940,125339465205.799,1187000000.0,13.7119796091759,1177000000.0,0.69106,0.69334,823000000.0,2019-06-30,4305000000.0,1175000000.0,16336000000.0,2510000000.0,2019-07-24,125374040000.0,7.674708619000979,7.768389615217778,0.12872680819729534,2.1361702127659576,49.86494023904382
2019-09-17,PYPL.OQ,106.81,107.88,106.46,107.5,107.5,1346471,126492607112.5,1187000000.0,13.7119796091759,1177000000.0,0.69106,0.69334,823000000.0,2019-06-30,4305000000.0,1175000000.0,16336000000.0,2510000000.0,2019-07-24,126527500000.0,7.74531709108717,7.839859966540661,0.12755329869000837,2.1361702127659576,50.32370517928286
2019-09-18,PYPL.OQ,107.78,107.78,103.74,105.6,105.6,2220767,124256923824.0,1187000000.0,13.7119796091759,1177000000.0,0.69106,0.69334,823000000.0,2019-06-30,4305000000.0,1175000000.0,16336000000.0,2510000000.0,2019-07-24,124291200000.0,7.608423114593536,7.701294999690175,0.12984829175355966,2.1361702127659576,49.43426294820716
2019-09-19,PYPL.OQ,105.64,107.02,105.62,106.12,106.12,1834548,124868795039.8,1187000000.0,13.7119796091759,1177000000.0,0.69106,0.69334,823000000.0,2019-06-30,4305000000.0,1175000000.0,16336000000.0,2510000000.0,2019-07-24,124903240000.0,7.645888834476004,7.739218043249256,0.12921202044078306,2.1361702127659576,49.677689243027885
2019-09-20,PYPL.OQ,104.61,105.45,103.94,104.64,104.64,5173081,123127315425.6,1187000000.0,13.7119796091759,1177000000.0,0.69106,0.69334,823000000.0,2019-06-30,4305000000.0,1175000000.0,16336000000.0,2510000000.0,2019-07-24,123161280000.0,7.539255631733594,7.631283226965719,0.1310395604852437,2.1361702127659576,48.98486055776892
2019-09-23,PYPL.OQ,104.73,105.31,104.35,105.11,105.11,1225887,123680352870.65,1187000000.0,13.7119796091759,1177000000.0,0.69106,0.69334,823000000.0,2019-06-30,4305000000.0,1175000000.0,16336000000.0,2510000000.0,2019-07-24,123714470000.0,7.57311887855044,7.665559824028734,0.13045361629888594,2.1361702127659576,49.204880478087645
2019-09-24,PYPL.OQ,105.41,106.1,102.75,103.69,103.69,2201536,122009473781.349,1187000000.0,13.7119796091759,1177000000.0,0.69106,0.69334,823000000.0,2019-06-30,4305000000.0,1175000000.0,16336000000.0,2510000000.0,2019-07-24,122043130000.0,7.4708086434867775,7.562000743540476,0.13224013510633523,2.1361702127659576,48.54013944223107
2019-09-25,PYPL.OQ,103.34,104.45,101.61,104.14,104.14,1840902,122538977718.1,1187000000.0,13.7119796091759,1177000000.0,0.69106,0.69334,823000000.0,2019-06-30,4305000000.0,1175000000.0,16336000000.0,2510000000.0,2019-07-24,122572780000.0,7.503230901077375,7.5948187620050644,0.13166871143821682,2.1361702127659576,48.750796812749
2019-09-26,PYPL.OQ,104.43,104.87,103.23,104.55,104.55,2079195,123021414638.25,1187000000.0,13.7119796091759,1177000000.0,0.69106,0.69334,823000000.0,2019-06-30,4305000000.0,1175000000.0,16336000000.0,2510000000.0,2019-07-24,123055350000.0,7.532771180215475,7.624719623272801,0.1311523635502238,2.1361702127659576,48.942729083665334
2019-09-27,PYPL.OQ,104.87,105.17,101.11,102.2,102.2,2813933,120256227413.0,1187000000.0,13.7119796091759,1177000000.0,0.69106,0.69334,823000000.0,2019-06-30,4305000000.0,1175000000.0,16336000000.0,2510000000.0,2019-07-24,120289400000.0,7.3634549461312435,7.453336637957726,0.13416809793714188,2.1361702127659576,47.84262948207171
2019-09-30,PYPL.OQ,102.68,104.06,101.49,103.59,103.59,2714138,121891806239.85,1187000000.0,13.7119796091759,1177000000.0,0.69106,0.69334,823000000.0,2019-06-30,4305000000.0,1175000000.0,16336000000.0,2510000000.0,2019-07-24,121925430000.0,7.463603697355534,7.554707850548345,0.13236779234651896,2.1361702127659576,48.49332669322709
2019-10-01,PYPL.OQ,104.0,104.63,102.25,102.53,102.53,1984105,120644530299.95,1187000000.0,13.7119796091759,1177000000.0,0.69106,0.69334,823000000.0,2019-06-30,4305000000.0,1175000000.0,16336000000.0,2510000000.0,2019-07-24,120677810000.0,7.387231268364348,7.477403184831758,0.13373626849874087,2.1361702127659576,47.997111553784855
2019-10-02,PYPL.OQ,101.82,101.83,99.38,99.73,99.73,3130717,117349839137.95,1187000000.0,13.7119796091759,1177000000.0,0.69106,0.69334,823000000.0,2019-06-30,4305000000.0,1175000000.0,16336000000.0,2510000000.0,2019-07-24,117382210000.0,7.18549277668952,7.273202181052095,0.13749102185075604,2.1361702127659576,46.68635458167331
2019-10-03,PYPL.OQ,99.54,101.3,98.63,101.03,101.03,1611730,118879517177.45,1187000000.0,13.7119796091759,1177000000.0,0.69106,0.69334,823000000.0,2019-06-30,4305000000.0,1175000000.0,16336000000.0,2510000000.0,2019-07-24,118912310000.0,7.27915707639569,7.368009789949795,0.13572186092423935,2.1361702127659576,47.2949203187251
2019-10-04,PYPL.OQ,101.84,102.98,100.85,102.79,102.79,2119641,120950465907.85,1187000000.0,13.7119796091759,1177000000.0,0.69106,0.69334,823000000.0,2019-06-30,4305000000.0,1175000000.0,16336000000.0,2510000000.0,2019-07-24,120983830000.0,7.405964128305583,7.496364706611298,0.1333979921118387,2.1361702127659576,48.118824701195216
2019-10-07,PYPL.OQ,102.11,102.57,101.525,101.62,101.62,1364037,119573755672.3,1187000000.0,13.7119796091759,1177000000.0,0.69106,0.69334,823000000.0,2019-06-30,4305000000.0,1175000000.0,16336000000.0,2510000000.0,2019-07-24,119606740000.0,7.321666258570029,7.411037858603367,0.13493386743924327,2.1361702127659576,47.571115537848605
2019-10-08,PYPL.OQ,100.85,101.15,99.29,99.33,99.33,3476479,116879168971.95,1187000000.0,13.7119796091759,1177000000.0,0.69106,0.69334,823000000.0,2019-06-30,4305000000.0,1175000000.0,16336000000.0,2510000000.0,2019-07-24,116911410000.0,7.156672992164545,7.244030609083571,0.13804469555195711,2.1361702127659576,46.499103585657366
2019-10-09,PYPL.OQ,99.44,100.69,99.4,99.89,99.89,1854814,117538107204.35,1187000000.0,13.7119796091759,1177000000.0,0.69106,0.69334,823000000.0,2019-06-30,4305000000.0,1175000000.0,16336000000.0,2510000000.0,2019-07-24,117570530000.0,7.19702069049951,7.284870809839504,0.13727079396512062,2.1361702127659576,46.76125498007968
2019-10-10,PYPL.OQ,99.5,101.0,99.4,100.54,100.54,1374584,118302946224.1,1187000000.0,13.7119796091759,1177000000.0,0.69106,0.69334,823000000.0,2019-06-30,4305000000.0,1175000000.0,16336000000.0,2510000000.0,2019-07-24,118335580000.0,7.243852840352596,7.332274614288354,0.13638332613065346,2.1361702127659576,47.06553784860558
2019-10-11,PYPL.OQ,101.78,103.96,101.47,101.58,101.58,1834292,119526688655.7,1187000000.0,13.7119796091759,1177000000.0,0.69106,0.69334,823000000.0,2019-06-30,4305000000.0,1175000000.0,16336000000.0,2510000000.0,2019-07-24,119559660000.0,7.318784280117532,7.4081207014065145,0.13498700146855583,2.1361702127659576,47.55239043824701
2019-10-14,PYPL.OQ,101.59,102.35,101.38,101.75,101.75,1346085,119726723476.25,1187000000.0,13.7119796091759,1177000000.0,0.69106,0.69334,823000000.0,2019-06-30,4305000000.0,1175000000.0,16336000000.0,2510000000.0,2019-07-24,119759750000.0,7.331032688540646,7.420518619493137,0.1347614703604511,2.1361702127659576,47.63197211155378
2019-10-15,PYPL.OQ,101.98,103.66,101.92,103.59,103.59,1617747,121891806239.85,1187000000.0,13.7119796091759,1177000000.0,0.69106,0.69334,823000000.0,2019-06-30,4305000000.0,1175000000.0,16336000000.0,2510000000.0,2019-07-24,121925430000.0,7.463603697355534,7.554707850548345,0.13236779234651896,2.1361702127659576,48.49332669322709
2019-10-16,PYPL.OQ,103.21,103.23,101.9,103.09,103.09,1626588,121303468532.35,1187000000.0,13.7119796091759,1177000000.0,0.69106,0.69334,823000000.0,2019-06-30,4305000000.0,1175000000.0,16336000000.0,2510000000.0,2019-07-24,121336930000.0,7.427578966699315,7.518243385587691,0.13300979347343,2.1361702127659576,48.259262948207166
2019-10-17,PYPL.OQ,103.89,104.32,102.84,103.63,103.63,1525318,121938873256.45,1187000000.0,13.7119796091759,1177000000.0,0.69106,0.69334,823000000.0,2019-06-30,4305000000.0,1175000000.0,16336000000.0,2510000000.0,2019-07-24,121972510000.0,7.466485675808031,7.557625007745197,0.1323166998859008,2.1361702127659576,48.51205179282868
2019-10-18,PYPL.OQ,104.08,104.3,100.75,101.22,101.22,2657046,118851759687.78,1187000000.0,13.7119796091759,1177000000.0,0.69106,0.69334,823000000.0,2019-06-30,4305000000.0,1175000000.0,16336000000.0,2510000000.0,2019-07-24,119135940000.0,7.292846474045054,7.3818662866348435,0.1354670975022318,2.1361702127659576,47.383864541832665
2019-10-21,PYPL.OQ,101.75,102.0,100.47,101.44,101.44,2250383,119110082026.56,1187000000.0,13.7119796091759,1177000000.0,0.69106,0.69334,823000000.0,2019-06-30,4305000000.0,1175000000.0,16336000000.0,2510000000.0,2019-07-24,119394880000.0,7.30869735553379,7.397910651217532,0.13517330056364255,2.1361702127659576,47.48685258964143
2019-10-22,PYPL.OQ,101.36,101.94,97.115,97.36,97.36,3431464,114319376834.64,1187000000.0,13.7119796091759,1177000000.0,0.69106,0.69334,823000000.0,2019-06-30,4305000000.0,1175000000.0,16336000000.0,2510000000.0,2019-07-24,114592720000.0,7.01473555337904,7.100360617138593,0.14083791710328575,2.1361702127659576,45.57689243027888
2019-10-23,PYPL.OQ,97.42,97.56,94.77,96.64,96.64,4697749,113473958271.36,1188000000.0,14.0400340715503,1174000000.0,0.36681,0.38889,462000000.0,2019-09-30,4378000000.0,1175000000.0,17035000000.0,2536000000.0,2019-10-23,113455360000.0,6.660132668036396,6.883174179457601,0.1452818095152142,2.1582978723404254,44.776025236593064
2019-10-24,PYPL.OQ,105.91,106.98,103.19,104.91,104.91,5868074,123184529824.59,1188000000.0,14.0400340715503,1174000000.0,0.36681,0.38889,462000000.0,2019-09-30,4378000000.0,1175000000.0,17035000000.0,2536000000.0,2019-10-23,123164340000.0,7.230075726445553,7.472204089061433,0.13382932105185683,2.1582978723404254,48.60774842271294
2019-10-25,PYPL.OQ,104.46,107.49,104.46,107.19,107.19,3633230,125861688608.31,1188000000.0,14.0400340715503,1174000000.0,0.36681,0.38889,462000000.0,2019-09-30,4378000000.0,1175000000.0,17035000000.0,2536000000.0,2019-10-23,125841060000.0,7.387206339888465,7.634596857368173,0.13098268561946358,2.1582978723404254,49.66413643533123
2019-10-28,PYPL.OQ,107.99,108.43,106.46,106.6,106.6,2022676,125168915063.4,1188000000.0,14.0400340715503,1174000000.0,0.36681,0.38889,462000000.0,2019-09-30,4378000000.0,1175000000.0,17035000000.0,2536000000.0,2019-10-23,125148400000.0,7.346545347813326,7.5925741673238845,0.13170763669371766,2.1582978723404254,49.39077287066246
2019-10-29,PYPL.OQ,106.62,107.02,104.7,105.0,105.0,1884055,123290207145.0,1188000000.0,14.0400340715503,1174000000.0,0.36681,0.38889,462000000.0,2019-09-30,4378000000.0,1175000000.0,17035000000.0,2536000000.0,2019-10-23,123270000000.0,7.236278250660405,7.478614329915647,0.13371461020524095,2.1582978723404254,48.64944794952682
2019-10-30,PYPL.OQ,105.29,106.59,104.0,106.5,106.5,1513141,125051495818.5,1188000000.0,14.0400340715503,1174000000.0,0.36681,0.38889,462000000.0,2019-09-30,4378000000.0,1175000000.0,17035000000.0,2536000000.0,2019-10-23,125031000000.0,7.339653654241268,7.58545167748587,0.13183130583615307,2.1582978723404254,49.34444006309149
2019-10-31,PYPL.OQ,106.47,106.49,103.27,104.1,104.1,2127330,122233433940.9,1188000000.0,14.0400340715503,1174000000.0,0.36681,0.38889,462000000.0,2019-09-30,4378000000.0,1175000000.0,17035000000.0,2536000000.0,2019-10-23,122213400000.0,7.174253008511887,7.414511921373513,0.1348706442992344,2.1582978723404254,48.23245268138801
2019-11-01,PYPL.OQ,104.64,105.29,103.94,104.98,104.98,2292577,123266723296.02,1188000000.0,14.0400340715503,1174000000.0,0.36681,0.38889,462000000.0,2019-09-30,4378000000.0,1175000000.0,17035000000.0,2536000000.0,2019-10-23,123246520000.0,7.234899911945994,7.477189831948044,0.13374008450705183,2.1582978723404254,48.64018138801262
2019-11-04,PYPL.OQ,105.72,105.76,102.605,102.81,102.81,2036580,120718725681.69,1188000000.0,14.0400340715503,1174000000.0,0.36681,0.38889,462000000.0,2019-09-30,4378000000.0,1175000000.0,17035000000.0,2536000000.0,2019-10-23,120698940000.0,7.085350161432345,7.32263180246312,0.1365629225907042,2.1582978723404254,47.6347594637224
2019-11-05,PYPL.OQ,103.05,103.18,100.29,100.99,100.99,2803611,118581695424.51,1188000000.0,14.0400340715503,1174000000.0,0.36681,0.38889,462000000.0,2019-09-30,4378000000.0,1175000000.0,17035000000.0,2536000000.0,2019-10-23,118562260000.0,6.959921338420898,7.193002487411249,0.13902400308496188,2.1582978723404254,46.7915023659306
2019-11-06,PYPL.OQ,101.2,101.32,100.17,100.63,100.63,2780555,118158986142.87,1188000000.0,14.0400340715503,1174000000.0,0.36681,0.38889,462000000.0,2019-09-30,4378000000.0,1175000000.0,17035000000.0,2536000000.0,2019-10-23,118139620000.0,6.935111241561491,7.167361523994395,0.13952135617162179,2.1582978723404254,46.62470425867508
2019-11-07,PYPL.OQ,100.94,101.72,100.29,100.47,100.47,2421397,117971115351.03,1188000000.0,14.0400340715503,1174000000.0,0.36681,0.38889,462000000.0,2019-09-30,4378000000.0,1175000000.0,17035000000.0,2536000000.0,2019-10-23,117951780000.0,6.924084531846199,7.155965540253572,0.13974354604907235,2.1582978723404254,46.55057176656152
2019-11-08,PYPL.OQ,100.04,101.71,99.62,101.42,101.42,1878119,119086598177.58,1188000000.0,14.0400340715503,1174000000.0,0.36681,0.38889,462000000.0,2019-09-30,4378000000.0,1175000000.0,17035000000.0,2536000000.0,2019-10-23,119067080000.0,6.989555620780745,7.2236291937147135,0.13843456982400218,2.1582978723404254,46.99073343848581
2019-11-11,PYPL.OQ,101.04,103.02,100.68,102.67,102.67,1727243,120554338738.83,1188000000.0,14.0400340715503,1174000000.0,0.36681,0.38889,462000000.0,2019-09-30,4378000000.0,1175000000.0,17035000000.0,2536000000.0,2019-10-23,120534580000.0,7.075701790431465,7.312660316689899,0.1367491387118954,2.1582978723404254,47.569893533123036
2019-11-12,PYPL.OQ,102.97,103.09,100.92,102.03,102.03,2016290,119802855571.47,1188000000.0,14.0400340715503,1174000000.0,0.36681,0.38889,462000000.0,2019-09-30,4378000000.0,1175000000.0,17035000000.0,2536000000.0,2019-10-23,119783220000.0,7.0315949515702965,7.267076381726604,0.13760692023473783,2.1582978723404254,47.27336356466878
2019-11-13,PYPL.OQ,102.0,103.6,101.63,102.12,102.12,1899681,119908532891.88,1188000000.0,14.0400340715503,1174000000.0,0.36681,0.38889,462000000.0,2019-09-30,4378000000.0,1175000000.0,17035000000.0,2536000000.0,2019-10-23,119888880000.0,7.0377974757851485,7.273486622580818,0.1374856450406414,2.1582978723404254,47.315063091482656
2019-11-14,PYPL.OQ,101.87,103.85,101.4,103.73,103.73,1556562,121798982734.77,1188000000.0,14.0400340715503,1174000000.0,0.36681,0.38889,462000000.0,2019-09-30,4378000000.0,1175000000.0,17035000000.0,2536000000.0,2019-10-23,121779020000.0,7.148753742295274,7.388158708972858,0.13535172150342523,2.1582978723404254,48.0610212933754
2019-11-15,PYPL.OQ,104.35,104.48,103.11,104.2,104.2,2208592,122350853185.8,1188000000.0,14.0400340715503,1174000000.0,0.36681,0.38889,462000000.0,2019-09-30,4378000000.0,1175000000.0,17035000000.0,2536000000.0,2019-10-23,122330800000.0,7.1811447020839445,7.421634411211528,0.13474120989971497,2.1582978723404254,48.278785488958995
2019-11-18,PYPL.OQ,103.85,104.2,102.98,103.66,103.66,1654411,121716789263.34,1188000000.0,14.0400340715503,1174000000.0,0.36681,0.38889,462000000.0,2019-09-30,4378000000.0,1175000000.0,17035000000.0,2536000000.0,2019-10-23,121696840000.0,7.143929556794834,7.383172966086247,0.13544312243440385,2.1582978723404254,48.02858832807571
2019-11-19,PYPL.OQ,104.08,106.16,104.05,104.95,104.95,2858581,123231497522.55,1188000000.0,14.0400340715503,1174000000.0,0.36681,0.38889,462000000.0,2019-09-30,4378000000.0,1175000000.0,17035000000.0,2536000000.0,2019-10-23,123211300000.0,7.232832403874376,7.47505308499664,0.13377831416436683,2.1582978723404254,48.62628154574133
2019-11-20,PYPL.OQ,105.22,105.35,103.12,104.09,104.09,2330624,122221692016.41,1188000000.0,14.0400340715503,1174000000.0,0.36681,0.38889,462000000.0,2019-09-30,4378000000.0,1175000000.0,17035000000.0,2536000000.0,2019-10-23,122201660000.0,7.173563839154681,7.413799672389712,0.13488360141752617,2.1582978723404254,48.22781940063092
2019-11-21,PYPL.OQ,103.0,104.41,102.15,102.55,102.55,2570088,120413435644.95,1188000000.0,14.0400340715503,1174000000.0,0.36681,0.38889,462000000.0,2019-09-30,4378000000.0,1175000000.0,17035000000.0,2536000000.0,2019-10-23,120393700000.0,7.067431758144996,7.304113328884282,0.13690915720673136,2.1582978723404254,47.51429416403786
2019-11-22,PYPL.OQ,102.92,103.22,100.72,101.77,101.77,2053503,119497565534.73,1188000000.0,14.0400340715503,1174000000.0,0.36681,0.38889,462000000.0,2019-09-30,4378000000.0,1175000000.0,17035000000.0,2536000000.0,2019-10-23,119477980000.0,7.013676548282947,7.248557908147765,0.1379584756956893,2.1582978723404254,47.15289826498423
2019-11-25,PYPL.OQ,102.07,104.56,102.06,104.45,104.45,3095177,122644401298.05,1188000000.0,14.0400340715503,1174000000.0,0.36681,0.38889,462000000.0,2019-09-30,4378000000.0,1175000000.0,17035000000.0,2536000000.0,2019-10-23,122624300000.0,7.198373936014089,7.439440635806565,0.1344187082005773,2.1582978723404254,48.39461750788644
2019-11-26,PYPL.OQ,104.8,106.78,104.55,106.2,106.2,5738653,124699238083.8,1188000000.0,14.0400340715503,1174000000.0,0.36681,0.38889,462000000.0,2019-09-30,4378000000.0,1175000000.0,17035000000.0,2536000000.0,2019-10-23,124678800000.0,7.318978573525095,7.564084207971826,0.13220371065489925,2.1582978723404254,49.20544164037855
2019-11-27,PYPL.OQ,106.89,108.24,106.89,107.75,107.75,2190346,126519236379.75,1188000000.0,14.0400340715503,1174000000.0,0.36681,0.38889,462000000.0,2019-09-30,4378000000.0,1175000000.0,17035000000.0,2536000000.0,2019-10-23,126498500000.0,7.425799823891987,7.674482800461057,0.1303019403392139,2.1582978723404254,49.923600157728714
2019-11-29,PYPL.OQ,107.91,108.38,106.9,108.01,108.01,1401324,126824526416.49,1188000000.0,14.0400340715503,1174000000.0,0.36681,0.38889,462000000.0,2019-09-30,4378000000.0,1175000000.0,17035000000.0,2536000000.0,2019-10-23,126803740000.0,7.443718227179336,7.693001274039895,0.12998827952550968,2.1582978723404254,50.044065457413254
2019-12-02,PYPL.OQ,107.96,108.46,104.66,106.21,106.21,2561533,124710980008.29,1188000000.0,14.0400340715503,1174000000.0,0.36681,0.38889,462000000.0,2019-09-30,4378000000.0,1175000000.0,17035000000.0,2536000000.0,2019-10-23,124690540000.0,7.319667742882301,7.5647964569556265,0.1321912632666444,2.1582978723404254,49.21007492113565
2019-12-03,PYPL.OQ,105.0,106.12,104.51,105.59,105.59,3415405,123982980689.91,1188000000.0,14.0400340715503,1174000000.0,0.36681,0.38889,462000000.0,2019-09-30,4378000000.0,1175000000.0,17035000000.0,2536000000.0,2019-10-23,123962660000.0,7.276939242735544,7.520637019959935,0.1329674597173056,2.1582978723404254,48.92281151419559
2019-12-04,PYPL.OQ,106.29,106.29,104.66,105.0,105.0,2452657,123290207145.0,1188000000.0,14.0400340715503,1174000000.0,0.36681,0.38889,462000000.0,2019-09-30,4378000000.0,1175000000.0,17035000000.0,2536000000.0,2019-10-23,123270000000.0,7.236278250660405,7.478614329915647,0.13371461020524095,2.1582978723404254,48.64944794952682
2019-12-05,PYPL.OQ,105.45,105.45,104.12,104.59,104.59,1770995,122808788240.91,1188000000.0,14.0400340715503,1174000000.0,0.36681,0.38889,462000000.0,2019-09-30,4378000000.0,1175000000.0,17035000000.0,2536000000.0,2019-10-23,122788660000.0,7.20802230701497,7.449412121579786,0.13423878068219045,2.1582978723404254,48.45948343848581
2019-12-06,PYPL.OQ,104.79,105.34,104.16,104.34,104.34,2578379,122515240128.66,1188000000.0,14.0400340715503,1174000000.0,0.36681,0.38889,462000000.0,2019-09-30,4378000000.0,1175000000.0,17035000000.0,2536000000.0,2019-10-23,122495160000.0,7.1907930730848255,7.431605896984749,0.13456041855041498,2.1582978723404254,48.34365141955836
2019-12-09,PYPL.OQ,104.51,105.1,103.61,103.78,103.78,1855821,121857692357.22,1188000000.0,14.0400340715503,1174000000.0,0.36681,0.38889,462000000.0,2019-09-30,4378000000.0,1175000000.0,17035000000.0,2536000000.0,2019-10-23,121837720000.0,7.152199589081303,7.391719953891865,0.1352865106142831,2.1582978723404254,48.084187697160885
2019-12-10,PYPL.OQ,103.72,104.13,103.27,103.62,103.62,1803320,121669821565.38,1188000000.0,14.0400340715503,1174000000.0,0.36681,0.38889,462000000.0,2019-09-30,4378000000.0,1175000000.0,17035000000.0,2536000000.0,2019-10-23,121649880000.0,7.141172879366011,7.380323970151042,0.13549540698272822,2.1582978723404254,48.01005520504732
2019-12-11,PYPL.OQ,103.72,105.87,103.61,105.51,105.51,1799732,123889045293.99,1188000000.0,14.0400340715503,1174000000.0,0.36681,0.38889,462000000.0,2019-09-30,4378000000.0,1175000000.0,17035000000.0,2536000000.0,2019-10-23,123868740000.0,7.271425887877898,7.514939028089524,0.13306827856648942,2.1582978723404254,48.885745268138805
2019-12-12,PYPL.OQ,105.21,106.205,104.16,105.67,105.67,2479509,124076916085.83,1188000000.0,14.0400340715503,1174000000.0,0.36681,0.38889,462000000.0,2019-09-30,4378000000.0,1175000000.0,17035000000.0,2536000000.0,2019-10-23,124056580000.0,7.28245259759319,7.526335011830347,0.13286679352276237,2.1582978723404254,48.95987776025237
2019-12-13,PYPL.OQ,105.83,107.9,105.53,107.65,107.65,2504984,126401817134.85,1188000000.0,14.0400340715503,1174000000.0,0.36681,0.38889,462000000.0,2019-09-30,4378000000.0,1175000000.0,17035000000.0,2536000000.0,2019-10-23,126381100000.0,7.418908130319929,7.667360310623042,0.13042298255039758,2.1582978723404254,49.87726735015774
2019-12-16,PYPL.OQ,108.39,109.82,108.39,109.57,109.57,3476690,128656266636.93,1188000000.0,14.0400340715503,1174000000.0,0.36681,0.38889,462000000.0,2019-09-30,4378000000.0,1175000000.0,17035000000.0,2536000000.0,2019-10-23,128635179999.99998,7.551228646903433,7.804112115512927,0.12813757480651913,2.1582978723404254,50.766857255520506
2019-12-17,PYPL.OQ,109.57,109.57,107.79,108.46,108.46,3065432,127352913018.54,1188000000.0,14.0400340715503,1174000000.0,0.36681,0.38889,462000000.0,2019-09-30,4378000000.0,1175000000.0,17035000000.0,2536000000.0,2019-10-23,127332040000.0,7.4747308482535955,7.725052478310962,0.1294489588009432,2.1582978723404254,50.25256309148265
2019-12-18,PYPL.OQ,108.65,109.44,107.76,107.83,107.83,2187371,126613171775.67,1188000000.0,14.0400340715503,1174000000.0,0.36681,0.38889,462000000.0,2019-09-30,4378000000.0,1175000000.0,17035000000.0,2536000000.0,2019-10-23,126592420000.0,7.431313178749633,7.680180792331469,0.1302052682143216,2.1582978723404254,49.960666403785496
2019-12-19,PYPL.OQ,107.8,108.93,107.47,108.88,108.88,2426942,127846073847.12,1188000000.0,14.0400340715503,1174000000.0,0.36681,0.38889,462000000.0,2019-09-30,4378000000.0,1175000000.0,17035000000.0,2536000000.0,2019-10-23,127825120000.0,7.503675961256238,7.754966935630625,0.12894961491137308,2.1582978723404254,50.44716088328076
2019-12-20,PYPL.OQ,109.36,109.6,108.15,108.75,108.75,5312180,127693428828.75,1188000000.0,14.0400340715503,1174000000.0,0.36681,0.38889,462000000.0,2019-09-30,4378000000.0,1175000000.0,17035000000.0,2536000000.0,2019-10-23,127672500000.0,7.494716759612563,7.745707698841206,0.12910376157747402,2.1582978723404254,50.38692823343849
2019-12-23,PYPL.OQ,109.04,109.45,108.39,108.61,108.61,1403075,127529041885.89,1188000000.0,14.0400340715503,1174000000.0,0.36681,0.38889,462000000.0,2019-09-30,4378000000.0,1175000000.0,17035000000.0,2536000000.0,2019-10-23,127508140000.0,7.4850683886116816,7.735736213067985,0.1292701783588095,2.1582978723404254,50.32206230283912
2019-12-24,PYPL.OQ,108.64,109.25,108.38,108.69,108.69,659157,127622977281.81,1188000000.0,14.0400340715503,1174000000.0,0.36681,0.38889,462000000.0,2019-09-30,4378000000.0,1175000000.0,17035000000.0,2536000000.0,2019-10-23,127602060000.0,7.490581743469328,7.741434204938397,0.12917503055985188,2.1582978723404254,50.3591285488959
2019-12-26,PYPL.OQ,109.13,109.75,108.57,109.75,109.75,1261392,128867621277.75,1188000000.0,14.0400340715503,1174000000.0,0.36681,0.38889,462000000.0,2019-09-30,4378000000.0,1175000000.0,17035000000.0,2536000000.0,2019-10-23,128846500000.0,7.563633695333138,7.816932597221355,0.12792741750843098,2.1582978723404254,50.85025630914827
2019-12-27,PYPL.OQ,110.0,110.0,108.91,109.4,109.4,1347312,128456653920.6,1188000000.0,14.0400340715503,1174000000.0,0.36681,0.38889,462000000.0,2019-09-30,4378000000.0,1175000000.0,17035000000.0,2536000000.0,2019-10-23,128435600000.0,7.539512767830936,7.792003882788303,0.1283366916960722,2.1582978723404254,50.688091482649845
2019-12-30,PYPL.OQ,109.48,109.6,107.73,107.97,107.97,1362063,126777558718.53,1188000000.0,14.0400340715503,1174000000.0,0.36681,0.38889,462000000.0,2019-09-30,4378000000.0,1175000000.0,17035000000.0,2536000000.0,2019-10-23,126756780000.0,7.440961549750513,7.690152278104689,0.13003643670973697,2.1582978723404254,50.02553233438486
2019-12-31,PYPL.OQ,107.54,108.45,107.25,108.17,108.17,1544792,127012397208.33,1188000000.0,14.0400340715503,1174000000.0,0.36681,0.38889,462000000.0,2019-09-30,4378000000.0,1175000000.0,17035000000.0,2536000000.0,2019-10-23,126991580000.0,7.454744936894628,7.70439725778072,0.1297960069478626,2.1582978723404254,50.11819794952682
2020-01-02,PYPL.OQ,109.47,111.21,109.28,110.75,110.75,2556233,130041813726.75,1188000000.0,14.0400340715503,1174000000.0,0.36681,0.38889,462000000.0,2019-09-30,4378000000.0,1175000000.0,17035000000.0,2536000000.0,2019-10-23,130020500000.0,7.632550631053713,7.8881574956015035,0.1267723166731404,2.1582978723404254,51.313584384858046
2020-01-03,PYPL.OQ,109.44,110.41,108.76,108.76,108.76,2196553,127705170753.24,1188000000.0,14.0400340715503,1174000000.0,0.36681,0.38889,462000000.0,2019-09-30,4378000000.0,1175000000.0,17035000000.0,2536000000.0,2019-10-23,127684240000.0,7.4954059289697685,7.746419947825007,0.129091891058756,2.1582978723404254,50.39156151419559
2020-01-06,PYPL.OQ,107.57,110.22,107.46,110.17,110.17,1998026,129360782106.33,1188000000.0,14.0400340715503,1174000000.0,0.36681,0.38889,462000000.0,2019-09-30,4378000000.0,1175000000.0,17035000000.0,2536000000.0,2019-10-23,129339580000.0,7.592578808335779,7.846847054541017,0.1274397210815131,2.1582978723404254,51.044854100946374
2020-01-07,PYPL.OQ,111.5,111.56,109.54,109.67,109.67,1717175,128773685881.83,1188000000.0,14.0400340715503,1174000000.0,0.36681,0.38889,462000000.0,2019-09-30,4378000000.0,1175000000.0,17035000000.0,2536000000.0,2019-10-23,128752580000.0,7.558120340475492,7.8112346053509425,0.12802073558448346,2.1582978723404254,50.81319006309149
2020-01-08,PYPL.OQ,110.4,112.64,109.82,111.82,111.82,2586668,131298199647.18,1188000000.0,14.0400340715503,1174000000.0,0.36681,0.38889,462000000.0,2019-09-30,4378000000.0,1175000000.0,17035000000.0,2536000000.0,2019-10-23,131276679999.99998,7.706291752274727,7.964368136868263,0.12555923870104008,2.1582978723404254,51.80934542586751
2020-01-09,PYPL.OQ,112.99,113.54,111.59,112.57,112.57,2016564,132178843983.93,1188000000.0,14.0400340715503,1174000000.0,0.36681,0.38889,462000000.0,2019-09-30,4378000000.0,1175000000.0,17035000000.0,2536000000.0,2019-10-23,132157179999.99998,7.757979454065159,8.017786810653375,0.12472269762414764,2.1582978723404254,52.156841482649845
2020-01-10,PYPL.OQ,113.64,113.7,112.27,112.93,112.93,2555926,132601553265.57,1188000000.0,14.0400340715503,1174000000.0,0.36681,0.38889,462000000.0,2019-09-30,4378000000.0,1175000000.0,17035000000.0,2536000000.0,2019-10-23,132579820000.00002,7.782789550924568,8.04342777407023,0.1243251046803356,2.1582978723404254,52.32363958990537
2020-01-13,PYPL.OQ,113.98,115.88,113.875,115.28,115.28,2496544,135360905520.72,1188000000.0,14.0400340715503,1174000000.0,0.36681,0.38889,462000000.0,2019-09-30,4378000000.0,1175000000.0,17035000000.0,2536000000.0,2019-10-23,135338720000.0,7.944744349867919,8.21080628526358,0.12179071887187976,2.1582978723404254,53.41246056782335
2020-01-14,PYPL.OQ,115.5,115.59,114.12,114.64,114.64,2277619,134609422353.36,1188000000.0,14.0400340715503,1174000000.0,0.36681,0.38889,462000000.0,2019-09-30,4378000000.0,1175000000.0,17035000000.0,2536000000.0,2019-10-23,134587360000.0,7.90063751100675,8.165222350300283,0.12247063914471651,2.1582978723404254,53.11593059936909
2020-01-15,PYPL.OQ,115.14,115.93,114.62,114.85,114.85,1746206,134856002767.65,1188000000.0,14.0400340715503,1174000000.0,0.36681,0.38889,462000000.0,2019-09-30,4378000000.0,1175000000.0,17035000000.0,2536000000.0,2019-10-23,134833900000.0,7.9151100675080714,8.180179578960114,0.12224670502002874,2.1582978723404254,53.21322949526814
2020-01-16,PYPL.OQ,115.92,115.93,114.86,115.4,115.4,1594056,135501808614.6,1188000000.0,14.0400340715503,1174000000.0,0.36681,0.38889,462000000.0,2019-09-30,4378000000.0,1175000000.0,17035000000.0,2536000000.0,2019-10-23,135479600000.0,7.953014382154388,8.219353273069197,0.12166407341031454,2.1582978723404254,53.468059936908524
2020-01-17,PYPL.OQ,116.62,116.7,115.48,116.04,116.04,3137143,136253291781.96,1188000000.0,14.0400340715503,1174000000.0,0.36681,0.38889,462000000.0,2019-09-30,4378000000.0,1175000000.0,17035000000.0,2536000000.0,2019-10-23,136230960000.0,7.997121221015556,8.264937208032492,0.12099305473586952,2.1582978723404254,53.76458990536278
2020-01-21,PYPL.OQ,115.31,116.39,115.12,116.15,116.15,3265667,136382452951.35,1188000000.0,14.0400340715503,1174000000.0,0.36681,0.38889,462000000.0,2019-09-30,4378000000.0,1175000000.0,17035000000.0,2536000000.0,2019-10-23,136360100000.0,8.004702083944819,8.27277194685431,0.12087846811494016,2.1582978723404254,53.81555599369086
2020-01-22,PYPL.OQ,116.73,117.45,115.48,115.5,115.5,2073424,135619227859.5,1188000000.0,14.0400340715503,1174000000.0,0.36681,0.38889,462000000.0,2019-09-30,4378000000.0,1175000000.0,17035000000.0,2536000000.0,2019-10-23,135597000000.0,7.959906075726446,8.226475762907212,0.12155873655021905,2.1582978723404254,53.5143927444795
2020-01-23,PYPL.OQ,117.42,117.93,115.8,117.89,117.89,2649340,138425547812.61,1188000000.0,14.0400340715503,1174000000.0,0.36681,0.38889,462000000.0,2019-09-30,4378000000.0,1175000000.0,17035000000.0,2536000000.0,2019-10-23,138402860000.0,8.12461755209862,8.396703270035768,0.11909435975528289,2.1582978723404254,54.621746845425875
2020-01-24,PYPL.OQ,118.5,119.57,116.51,116.98,116.98,2126027,137357032684.02,1188000000.0,14.0400340715503,1174000000.0,0.36681,0.38889,462000000.0,2019-09-30,4378000000.0,1175000000.0,17035000000.0,2536000000.0,2019-10-23,137334520000.0,8.061903140592896,8.331888612509832,0.12002080758719695,2.1582978723404254,54.20011829652997
2020-01-27,PYPL.OQ,113.63,115.97,112.34,115.24,115.24,2587989,135313937822.76,1188000000.0,14.0400340715503,1174000000.0,0.36681,0.38889,462000000.0,2019-09-30,4378000000.0,1175000000.0,17035000000.0,2536000000.0,2019-10-23,135291760000.0,7.941987672439096,8.207957289328373,0.12183299263754165,2.1582978723404254,53.393927444794954
2020-01-28,PYPL.OQ,115.83,117.2,114.75,116.52,116.52,2078308,136816904157.48,1188000000.0,14.0400340715503,1174000000.0,0.36681,0.38889,462000000.0,2019-09-30,4378000000.0,1175000000.0,17035000000.0,2536000000.0,2019-10-23,136794480000.0,8.030201350161432,8.299125159254963,0.12049462814581446,2.1582978723404254,53.98698738170347
2020-01-29,PYPL.OQ,117.47,117.53,115.16,116.66,116.66,3084680,136981291100.34,1188000000.0,14.3947144075021,1173000000.0,0.43697,0.42677,507000000.0,2019-12-31,4961000000.0,1174000000.0,17772000000.0,2459000000.0,2020-01-29,136842180000.0,7.69987508440243,8.104363636363654,0.12339031722528801,2.094548551959114,55.69696624644165
2020-01-30,PYPL.OQ,112.59,117.2,112.5,117.12,117.12,3874241,137521419626.88,1188000000.0,14.3947144075021,1173000000.0,0.43697,0.42677,507000000.0,2019-12-31,4961000000.0,1174000000.0,17772000000.0,2459000000.0,2020-01-29,137381760000.0,7.730236326806212,8.136319810482695,0.1229056899547652,2.094548551959114,55.91658397722652
2020-01-31,PYPL.OQ,116.65,117.3,113.15,113.89,113.89,3029265,133587900186.65,1188000000.0,14.3947144075021,1173000000.0,0.43697,0.42677,507000000.0,2019-12-31,4961000000.0,1174000000.0,17772000000.0,2459000000.0,2020-01-29,133592970000.0,7.517047602970965,7.911931892212039,0.12639138122312846,2.094548551959114,54.374485563237094
2020-02-03,PYPL.OQ,114.3,117.24,114.18,116.51,116.51,2940686,136661043557.35,1188000000.0,14.3947144075021,1173000000.0,0.43697,0.42677,507000000.0,2019-12-31,4961000000.0,1174000000.0,17772000000.0,2459000000.0,2020-01-29,136666230000.0,7.689974679270763,8.093943144803097,0.12354917524248649,2.094548551959114,55.6253517690118
2020-02-04,PYPL.OQ,118.0,120.33,117.3,120.08,120.08,2505834,140848494638.8,1188000000.0,14.3947144075021,1173000000.0,0.43697,0.42677,507000000.0,2019-12-31,4961000000.0,1174000000.0,17772000000.0,2459000000.0,2020-01-29,140853840000.0,7.925604321404457,8.341950843944348,0.11987603603849183,2.094548551959114,57.32977633184221
2020-02-05,PYPL.OQ,121.2,122.19,118.92,119.72,119.72,2728534,140426230664.2,1188000000.0,14.3947144075021,1173000000.0,0.43697,0.42677,507000000.0,2019-12-31,4961000000.0,1174000000.0,17772000000.0,2459000000.0,2020-01-29,140431560000.0,7.901843349088454,8.31694166419901,0.12023650524141415,2.094548551959114,57.157901586010574
2020-02-06,PYPL.OQ,120.09,120.6,119.48,119.89,119.89,1909913,140625633096.65,1188000000.0,14.3947144075021,1173000000.0,0.43697,0.42677,507000000.0,2019-12-31,4961000000.0,1174000000.0,17772000000.0,2459000000.0,2020-01-29,140630970000.0,7.913063808237677,8.328751554634309,0.12006601390860039,2.094548551959114,57.23906466043107
2020-02-07,PYPL.OQ,119.6,119.66,118.41,118.88,118.88,1552085,139440948056.8,1188000000.0,14.3947144075021,1173000000.0,0.43697,0.42677,507000000.0,2019-12-31,4961000000.0,1174000000.0,17772000000.0,2459000000.0,2020-01-29,139446240000.0,7.846401080351114,8.258586911459894,0.12108609023807285,2.094548551959114,56.756860512403414
2020-02-10,PYPL.OQ,118.56,120.14,118.56,120.06,120.06,1926514,140825035529.1,1188000000.0,14.3947144075021,1173000000.0,0.43697,0.42677,507000000.0,2019-12-31,4961000000.0,1174000000.0,17772000000.0,2459000000.0,2020-01-29,140830380000.0,7.924284267386901,8.340561445069607,0.11989600539315425,2.094548551959114,57.32022773485157
2020-02-11,PYPL.OQ,120.76,121.0,118.41,118.84,118.84,1478820,139394029837.4,1188000000.0,14.3947144075021,1173000000.0,0.43697,0.42677,507000000.0,2019-12-31,4961000000.0,1174000000.0,17772000000.0,2459000000.0,2020-01-29,139399320000.0,7.8437609723160024,8.255808113710412,0.1211268462428652,2.094548551959114,56.737763318422125
2020-02-12,PYPL.OQ,118.85,119.9,117.87,118.56,118.56,2329655,139065602301.6,1188000000.0,14.3947144075021,1173000000.0,0.43697,0.42677,507000000.0,2019-12-31,4961000000.0,1174000000.0,17772000000.0,2459000000.0,2020-01-29,139070880000.0,7.825280216070222,8.23635652946404,0.12141290829539558,2.094548551959114,56.60408296055307
2020-02-13,PYPL.OQ,118.04,121.1,117.8,120.51,120.51,2027409,141352865497.35,1188000000.0,14.3947144075021,1173000000.0,0.43697,0.42677,507000000.0,2019-12-31,4961000000.0,1174000000.0,17772000000.0,2459000000.0,2020-01-29,141358230000.0,7.9539854827819045,8.371822919751278,0.1194482981288034,2.094548551959114,57.53507116714112
2020-02-14,PYPL.OQ,120.89,123.0,120.8,122.99,122.99,1950480,144261795100.15,1188000000.0,14.3947144075021,1173000000.0,0.43697,0.42677,507000000.0,2019-12-31,4961000000.0,1174000000.0,17772000000.0,2459000000.0,2020-01-29,144267270000.0,8.117672180958811,8.544108380219148,0.11703971385886738,2.094548551959114,58.71909719398129
2020-02-18,PYPL.OQ,122.31,122.99,121.68,122.27,122.27,1915853,143417267150.949,1188000000.0,14.3947144075021,1173000000.0,0.43697,0.42677,507000000.0,2019-12-31,4961000000.0,1174000000.0,17772000000.0,2459000000.0,2020-01-29,143422710000.0,8.070150236326807,8.494090020728475,0.11772891475833894,2.094548551959114,58.37534770231802
2020-02-19,PYPL.OQ,122.63,124.45,122.31,123.91,123.91,1723338,145340914146.35,1188000000.0,14.3947144075021,1173000000.0,0.43697,0.42677,507000000.0,2019-12-31,4961000000.0,1174000000.0,17772000000.0,2459000000.0,2020-01-29,145346430000.0,8.178394665766374,8.608020728457229,0.11617072397306191,2.094548551959114,59.158332655551035
2020-02-20,PYPL.OQ,123.86,124.3,120.41,122.43,122.43,2516947,143604940028.55,1188000000.0,14.3947144075021,1173000000.0,0.43697,0.42677,507000000.0,2019-12-31,4961000000.0,1174000000.0,17772000000.0,2459000000.0,2020-01-29,143610390000.0,8.080710668467251,8.505205211726404,0.11757505846199541,2.094548551959114,58.45173647824319
2020-02-21,PYPL.OQ,121.78,121.82,118.53,119.49,119.49,2567568,140156450902.65,1188000000.0,14.3947144075021,1173000000.0,0.43697,0.42677,507000000.0,2019-12-31,4961000000.0,1174000000.0,17772000000.0,2459000000.0,2020-01-29,140161770000.0,7.886662727886563,8.300963577139491,0.12046794214998828,2.094548551959114,57.048092720618136
2020-02-24,PYPL.OQ,114.44,116.77,113.52,116.44,116.44,3821033,136578936673.4,1188000000.0,14.3947144075021,1173000000.0,0.43697,0.42677,507000000.0,2019-12-31,4961000000.0,1174000000.0,17772000000.0,2459000000.0,2020-01-29,136584120000.0,7.685354490209318,8.089080248741505,0.12362344905103143,2.094548551959114,55.59193167954453
2020-02-25,PYPL.OQ,115.67,116.4,109.33,109.66,109.66,5351762,128626298485.099,1188000000.0,14.3947144075021,1173000000.0,0.43697,0.42677,507000000.0,2019-12-31,4961000000.0,1174000000.0,17772000000.0,2459000000.0,2020-01-29,128631180000.0,7.237856178257934,7.6180740302043395,0.1312667737324649,2.094548551959114,52.35495729971533
2020-02-26,PYPL.OQ,109.81,112.63,108.62,109.11,109.11,3942454,127981172968.35,1188000000.0,14.3947144075021,1173000000.0,0.43697,0.42677,507000000.0,2019-12-31,4961000000.0,1174000000.0,17772000000.0,2459000000.0,2020-01-29,127986030000.0,7.201554692775152,7.579865561148965,0.13192846125471633,2.094548551959114,52.09237088247255
2020-02-27,PYPL.OQ,106.71,112.05,106.65,107.84,107.84,6136872,126491519502.4,1188000000.0,14.3947144075021,1173000000.0,0.43697,0.42677,507000000.0,2019-12-31,4961000000.0,1174000000.0,17772000000.0,2459000000.0,2020-01-29,126496320000.0,7.117731262660365,7.491638732602919,0.1334821439864809,2.094548551959114,51.4860349735665
2020-02-28,PYPL.OQ,104.26,108.72,103.72,107.99,107.99,6933109,126667462825.15,1188000000.0,14.3947144075021,1173000000.0,0.43697,0.42677,507000000.0,2019-12-31,4961000000.0,1174000000.0,17772000000.0,2459000000.0,2020-01-29,126672270000.0,7.127631667792032,7.5020592241634745,0.13329673495232985,2.094548551959114,51.55764945099634
2020-03-02,PYPL.OQ,107.48,112.98,106.53,112.86,112.86,5738266,132379756037.1,1188000000.0,14.3947144075021,1173000000.0,0.43697,0.42677,507000000.0,2019-12-31,4961000000.0,1174000000.0,17772000000.0,2459000000.0,2020-01-29,132384780000.0,7.449064821066846,7.840377850162883,0.1275448733608196,2.094548551959114,53.88273281821879
2020-03-03,PYPL.OQ,112.82,114.56,108.26,109.76,109.76,4988622,128743594033.6,1188000000.0,14.3947144075021,1173000000.0,0.43697,0.42677,507000000.0,2019-12-31,4961000000.0,1174000000.0,17772000000.0,2459000000.0,2020-01-29,128748480000.0,7.244456448345712,7.625021024578045,0.13114717936864156,2.094548551959114,52.40270028466857
2020-03-04,PYPL.OQ,112.04,115.39,110.64,115.3,115.3,3123982,135241767420.5,1188000000.0,14.3947144075021,1173000000.0,0.43697,0.42677,507000000.0,2019-12-31,4961000000.0,1174000000.0,17772000000.0,2459000000.0,2020-01-29,135246900000.0,7.610111411208643,8.009884512881273,0.12484574507807546,2.094548551959114,55.047661651077675
2020-03-05,PYPL.OQ,112.03,114.9,111.26,112.18,112.18,3245132,131582146307.3,1188000000.0,14.3947144075021,1173000000.0,0.43697,0.42677,507000000.0,2019-12-31,4961000000.0,1174000000.0,17772000000.0,2459000000.0,2020-01-29,131587140000.00002,7.404182984469953,7.7931382884216935,0.1283180104073997,2.094548551959114,53.55808052053681
2020-03-06,PYPL.OQ,108.1,111.56,107.59,110.89,110.89,3700909,130069033731.65,1188000000.0,14.3947144075021,1173000000.0,0.43697,0.42677,507000000.0,2019-12-31,4961000000.0,1174000000.0,17772000000.0,2459000000.0,2020-01-29,130073970000.0,7.31903950033761,7.703522061000905,0.12981075306612047,2.094548551959114,52.9421960146401
2020-03-09,PYPL.OQ,102.72,106.9,99.75,101.63,101.63,5437682,119207465940.549,1188000000.0,14.3947144075021,1173000000.0,0.43697,0.42677,507000000.0,2019-12-31,4961000000.0,1174000000.0,17772000000.0,2459000000.0,2020-01-29,119211990000.0,6.707854490209318,7.060230381995869,0.14163843754306898,2.094548551959114,48.52119560797072
2020-03-10,PYPL.OQ,105.49,109.74,103.17,109.74,109.74,4935578,128720134923.9,1188000000.0,14.3947144075021,1173000000.0,0.43697,0.42677,507000000.0,2019-12-31,4961000000.0,1174000000.0,17772000000.0,2459000000.0,2020-01-29,128725020000.0,7.243136394328157,7.623631625703303,0.13117108080464826,2.094548551959114,52.393151687677914
2020-03-11,PYPL.OQ,106.74,107.75,101.99,103.9,103.9,4461818,121870074891.5,1188000000.0,14.3947144075021,1173000000.0,0.43697,0.42677,507000000.0,2019-12-31,4961000000.0,1174000000.0,17772000000.0,2459000000.0,2020-01-29,121874700000.0,6.857680621201891,7.217927154278962,0.13854393077480365,2.094548551959114,49.604961366409114
2020-03-12,PYPL.OQ,96.06,104.77,94.65,96.96,96.96,8182717,113729763825.599,1188000000.0,14.3947144075021,1173000000.0,0.43697,0.42677,507000000.0,2019-12-31,4961000000.0,1174000000.0,17772000000.0,2459000000.0,2020-01-29,113734080000.0,6.399621877110061,6.735805744743869,0.14846033836120154,2.094548551959114,46.29159821065473
2020-03-13,PYPL.OQ,100.52,110.59,99.8,110.15,110.15,6414638,129201046672.75,1188000000.0,14.3947144075021,1173000000.0,0.43697,0.42677,507000000.0,2019-12-31,4961000000.0,1174000000.0,17772000000.0,2459000000.0,2020-01-29,129205950000.0,7.270197501688049,7.652114302635492,0.13068283620065457,2.094548551959114,52.58889792598618
2020-03-16,PYPL.OQ,94.0,103.12,91.29,92.72,92.72,7545144,108756432569.2,1188000000.0,14.3947144075021,1173000000.0,0.43697,0.42677,507000000.0,2019-12-31,4961000000.0,1174000000.0,17772000000.0,2459000000.0,2020-01-29,108760560000.0,6.119770425388251,6.4412531832988,0.15524929257444026,2.094548551959114,44.267295648637656
2020-03-17,PYPL.OQ,94.5,101.07,90.52,97.87,97.87,6947685,114797153316.95,1188000000.0,14.3947144075021,1173000000.0,0.43697,0.42677,507000000.0,2019-12-31,4961000000.0,1174000000.0,17772000000.0,2459000000.0,2020-01-29,114801510000.0,6.459684334908846,6.799023393544581,0.14707994694494841,2.094548551959114,46.726059373729164
2020-03-18,PYPL.OQ,91.06,95.07,86.16,91.46,91.46,6392350,107278508658.099,1188000000.0,14.3947144075021,1173000000.0,0.43697,0.42677,507000000.0,2019-12-31,4961000000.0,1174000000.0,17772000000.0,2459000000.0,2020-01-29,107282580000.0,6.036607022282242,6.353721054190123,0.15738808667725893,2.094548551959114,43.66573403822692
2020-03-19,PYPL.OQ,91.56,98.03,87.06,93.69,93.69,4478316,109894199389.65,1188000000.0,14.3947144075021,1173000000.0,0.43697,0.42677,507000000.0,2019-12-31,4961000000.0,1174000000.0,17772000000.0,2459000000.0,2020-01-29,109898370000.0,6.183793045239703,6.508639028723733,0.15364195119545415,2.094548551959114,44.730402602684016
2020-03-20,PYPL.OQ,95.64,96.23,86.24,86.68,86.68,6356486,101671781439.8,1188000000.0,14.3947144075021,1173000000.0,0.43697,0.42677,507000000.0,2019-12-31,4961000000.0,1174000000.0,17772000000.0,2459000000.0,2020-01-29,101675640000.00002,5.721114112086429,6.02165472312705,0.16606730973121941,2.094548551959114,41.383619357462386
2020-03-23,PYPL.OQ,86.31,88.12,82.12,85.26,85.26,4958315,100006184651.1,1188000000.0,14.3947144075021,1173000000.0,0.43697,0.42677,507000000.0,2019-12-31,4961000000.0,1174000000.0,17772000000.0,2459000000.0,2020-01-29,100009980000.0,5.627390276839973,5.923007403020446,0.16883315045158456,2.094548551959114,40.70566897112648
2020-03-24,PYPL.OQ,89.51,97.99,89.5,97.29,97.29,5008614,114116839135.65,1188000000.0,14.3947144075021,1173000000.0,0.43697,0.42677,507000000.0,2019-12-31,4961000000.0,1174000000.0,17772000000.0,2459000000.0,2020-01-29,114121170000.0,6.42140276839973,6.7587308261770955,0.14795677261282864,2.094548551959114,46.44915006100041
2020-03-25,PYPL.OQ,97.43,100.39,95.27,95.71,95.71,4438304,112263569469.349,1188000000.0,14.3947144075021,1173000000.0,0.43697,0.42677,507000000.0,2019-12-31,4961000000.0,1174000000.0,17772000000.0,2459000000.0,2020-01-29,112267830000.0,6.317118501012829,6.648968315072564,0.1503992728816435,2.094548551959114,45.69481089873933
2020-03-26,PYPL.OQ,96.31,100.93,95.64,100.63,100.63,3573842,118034510455.549,1188000000.0,14.3947144075021,1173000000.0,0.43697,0.42677,507000000.0,2019-12-31,4961000000.0,1174000000.0,17772000000.0,2459000000.0,2020-01-29,118038990000.0,6.6418517893315325,6.990760438258825,0.1430459545612849,2.094548551959114,48.04376575843839
2020-03-27,PYPL.OQ,97.0,97.05,93.1,93.48,93.48,3906135,109641857877.96,1188000000.0,14.3947144075021,1173000000.0,0.43697,0.42677,507000000.0,2019-12-31,4961000000.0,1174000000.0,17772000000.0,2459000000.0,2020-01-29,109652040000.0,6.169932478055368,6.494050340538954,0.15398710320391634,2.094548551959114,44.63014233428223
2020-03-30,PYPL.OQ,95.5,98.22,94.4,97.03,97.03,3071741,113805621201.31,1188000000.0,14.3947144075021,1173000000.0,0.43697,0.42677,507000000.0,2019-12-31,4961000000.0,1174000000.0,17772000000.0,2459000000.0,2020-01-29,113816190000.0,6.404242066171506,6.740668640805463,0.14835323515925075,2.094548551959114,46.325018300122004
2020-03-31,PYPL.OQ,96.38,99.42,94.9,95.74,95.74,3532533,112292591711.98,1188000000.0,14.3947144075021,1173000000.0,0.43697,0.42677,507000000.0,2019-12-31,4961000000.0,1174000000.0,17772000000.0,2459000000.0,2020-01-29,112303020000.0,6.319098582039163,6.651052413384675,0.1503521454721339,2.094548551959114,45.709133794225295
2020-04-01,PYPL.OQ,92.77,94.67,90.38,91.38,91.38,3623247,107178786616.26,1188000000.0,14.3947144075021,1173000000.0,0.43697,0.42677,507000000.0,2019-12-31,4961000000.0,1174000000.0,17772000000.0,2459000000.0,2020-01-29,107188740000.0,6.031326806212019,6.348163458691159,0.15752587445285732,2.094548551959114,43.62753965026433
2020-04-02,PYPL.OQ,91.01,94.67,91.0,93.52,93.52,2530129,109688773521.04,1188000000.0,14.3947144075021,1173000000.0,0.43697,0.42677,507000000.0,2019-12-31,4961000000.0,1174000000.0,17772000000.0,2459000000.0,2020-01-29,109698960000.0,6.172572586090479,6.496829138288436,0.1539212404566093,2.094548551959114,44.64923952826352
2020-04-03,PYPL.OQ,92.8,92.95,89.9,92.39,92.39,2939838,108363406604.03,1188000000.0,14.3947144075021,1173000000.0,0.43697,0.42677,507000000.0,2019-12-31,4961000000.0,1174000000.0,17772000000.0,2459000000.0,2020-01-29,108373470000.0,6.097989534098582,6.418328101865575,0.1558038143468135,2.094548551959114,44.109743798291994
2020-04-06,PYPL.OQ,97.66,102.5,96.3,101.67,101.67,4486196,119247835798.59,1188000000.0,14.3947144075021,1173000000.0,0.43697,0.42677,507000000.0,2019-12-31,4961000000.0,1174000000.0,17772000000.0,2459000000.0,2020-01-29,119258910000.0,6.71049459824443,7.063009179745351,0.14158271277173307,2.094548551959114,48.54029280195201
2020-04-07,PYPL.OQ,105.15,106.23,99.915,100.28,100.28,3525959,117617517201.56,1188000000.0,14.3947144075021,1173000000.0,0.43697,0.42677,507000000.0,2019-12-31,4961000000.0,1174000000.0,17772000000.0,2459000000.0,2020-01-29,117628440000.0,6.618750844024308,6.966445957950859,0.14354521746611587,2.094548551959114,47.87666531110208
2020-04-08,PYPL.OQ,101.61,105.5,100.75,105.06,105.06,3543019,123223936549.62,1188000000.0,14.3947144075021,1173000000.0,0.43697,0.42677,507000000.0,2019-12-31,4961000000.0,1174000000.0,17772000000.0,2459000000.0,2020-01-29,123235380000.0,6.934243754220121,7.298512289013933,0.1370142243242157,2.094548551959114,50.158779991866616
2020-04-09,PYPL.OQ,105.63,108.69,104.78,105.84,105.84,4014178,124138791589.68,1188000000.0,14.3947144075021,1173000000.0,0.43697,0.42677,507000000.0,2019-12-31,4961000000.0,1174000000.0,17772000000.0,2459000000.0,2020-01-29,124150320000.0,6.985725860904794,7.352698845128828,0.1360044823082209,2.094548551959114,50.531175274501834
2020-04-13,PYPL.OQ,104.65,106.28,102.35,105.98,105.98,2513397,124302996340.46,1188000000.0,14.3947144075021,1173000000.0,0.43697,0.42677,507000000.0,2019-12-31,4961000000.0,1174000000.0,17772000000.0,2459000000.0,2020-01-29,124314540000.0,6.994966239027684,7.3624246372520155,0.13582481984810435,2.094548551959114,50.59801545343636
2020-04-14,PYPL.OQ,109.18,110.98,108.0,109.785,109.785,2945242,128765846888.444,1188000000.0,14.3947144075021,1173000000.0,0.43697,0.42677,507000000.0,2019-12-31,4961000000.0,1174000000.0,17772000000.0,2459000000.0,2020-01-29,128777805000.0,7.246106515867657,7.62675777317147,0.13111731481989433,2.094548551959114,52.41463603090688
2020-04-15,PYPL.OQ,107.46,109.08,106.43,107.95,107.95,3051872,126613591762.15,1188000000.0,14.3947144075021,1173000000.0,0.43697,0.42677,507000000.0,2019-12-31,4961000000.0,1174000000.0,17772000000.0,2459000000.0,2020-01-29,126625350000.0,7.124991559756921,7.499280426413994,0.1333461269801028,2.094548551959114,51.53855225701505
2020-04-16,PYPL.OQ,109.5,109.5,106.57,108.31,108.31,3003347,127035832549.87,1188000000.0,14.3947144075021,1173000000.0,0.43697,0.42677,507000000.0,2019-12-31,4961000000.0,1174000000.0,17772000000.0,2459000000.0,2020-01-29,127047630000.0,7.1487525320729235,7.524289606159329,0.132902912081083,2.094548551959114,51.710427002846686
2020-04-17,PYPL.OQ,110.3,112.12,110.07,111.85,111.85,4194702,131187866962.45,1188000000.0,14.3947144075021,1173000000.0,0.43697,0.42677,507000000.0,2019-12-31,4961000000.0,1174000000.0,17772000000.0,2459000000.0,2020-01-29,131200050000.0,7.382402093180284,7.770213206988468,0.1286965972955038,2.094548551959114,53.400528670191136
2020-04-20,PYPL.OQ,110.82,114.3,110.03,112.17,112.17,3424562,131563192107.09,1188000000.0,14.3947144075021,1173000000.0,0.43697,0.42677,507000000.0,2019-12-31,4961000000.0,1174000000.0,17772000000.0,2459000000.0,2020-01-29,131575410000.0,7.403522957461175,7.792443588984322,0.12832945000893375,2.094548551959114,53.553306222041485
2020-04-21,PYPL.OQ,111.0,112.85,107.41,107.54,107.54,4334477,126132706420.58,1188000000.0,14.3947144075021,1173000000.0,0.43697,0.42677,507000000.0,2019-12-31,4961000000.0,1174000000.0,17772000000.0,2459000000.0,2020-01-29,126144420000.0,7.097930452397029,7.470797749481806,0.13385451373909335,2.094548551959114,51.342806018706796
2020-04-22,PYPL.OQ,110.29,116.0,109.91,115.19,115.19,4485176,135105323159.63,1188000000.0,14.3947144075021,1173000000.0,0.43697,0.42677,507000000.0,2019-12-31,4961000000.0,1174000000.0,17772000000.0,2459000000.0,2020-01-29,135117870000.0,7.602851114112086,8.002242819070197,0.12496496577395695,2.094548551959114,54.995144367629116
2020-04-23,PYPL.OQ,115.93,118.38,115.01,115.24,115.24,2685748,135163967713.48,1188000000.0,14.3947144075021,1173000000.0,0.43697,0.42677,507000000.0,2019-12-31,4961000000.0,1174000000.0,17772000000.0,2459000000.0,2020-01-29,135176520000.0,7.6061512491559755,8.00571631625705,0.12491074633375651,2.094548551959114,55.01901586010573
2020-04-24,PYPL.OQ,115.47,120.46,115.4,120.18,120.18,3197019,140958049633.86,1188000000.0,14.3947144075021,1173000000.0,0.43697,0.42677,507000000.0,2019-12-31,4961000000.0,1174000000.0,17772000000.0,2459000000.0,2020-01-29,140971140000.0,7.932204591492235,8.348897838318052,0.11977628896240722,2.094548551959114,57.37751931679545
2020-04-27,PYPL.OQ,121.25,122.3,120.06,120.53,120.53,2392511,141368561510.81,1188000000.0,14.3947144075021,1173000000.0,0.43697,0.42677,507000000.0,2019-12-31,4961000000.0,1174000000.0,17772000000.0,2459000000.0,2020-01-29,141381690000.0,7.95530553679946,8.373212318626017,0.11942847761969719,2.094548551959114,57.54461976413177
2020-04-28,PYPL.OQ,121.66,122.0,115.91,116.14,116.14,3379676,136219569682.78,1188000000.0,14.3947144075021,1173000000.0,0.43697,0.42677,507000000.0,2019-12-31,4961000000.0,1174000000.0,17772000000.0,2459000000.0,2020-01-29,136232220000.0,7.665553679945982,8.06823926562039,0.12394277946876271,2.094548551959114,55.448702724684836
2020-04-29,PYPL.OQ,119.3,124.03,118.68,123.58,123.58,3981226,144945879295.66,1188000000.0,14.3947144075021,1173000000.0,0.43697,0.42677,507000000.0,2019-12-31,4961000000.0,1174000000.0,17772000000.0,2459000000.0,2020-01-29,144959340000.0,8.156613774476705,8.585095647024005,0.11648093872392053,2.094548551959114,59.00078080520537
2020-04-30,PYPL.OQ,121.35,123.45,120.65,123.0,123.0,3215266,144265602471.0,1188000000.0,14.3947144075021,1173000000.0,0.43697,0.42677,507000000.0,2019-12-31,4961000000.0,1174000000.0,17772000000.0,2459000000.0,2020-01-29,144279000000.0,8.118332207967589,8.544803079656518,0.11703019843497643,2.094548551959114,58.72387149247662
2020-05-01,PYPL.OQ,119.85,122.7,119.44,120.61,120.61,2109998,141593927650.77,1188000000.0,14.3947144075021,1173000000.0,0.43697,0.42677,507000000.0,2019-12-31,4961000000.0,1174000000.0,17772000000.0,2459000000.0,2020-01-29,141475530000.0,7.960585752869683,8.37876991412498,0.11934926131748695,2.094548551959114,57.58281415209435
2020-05-04,PYPL.OQ,121.26,124.16,120.31,123.66,123.66,2615170,145174571704.62,1188000000.0,14.3947144075021,1173000000.0,0.43697,0.42677,507000000.0,2019-12-31,4961000000.0,1174000000.0,17772000000.0,2459000000.0,2020-01-29,145053180000.0,8.161893990546927,8.590653242522968,0.11640558311096635,2.094548551959114,59.03897519316796
2020-05-05,PYPL.OQ,125.0,127.94,124.9,125.43,125.43,2494481,147252519237.51,1188000000.0,14.3947144075021,1173000000.0,0.43697,0.42677,507000000.0,2019-12-31,4961000000.0,1174000000.0,17772000000.0,2459000000.0,2020-01-29,147129390000.0,8.278718771100607,8.713615042937539,0.11476293077813998,2.094548551959114,59.88402602684018
2020-05-06,PYPL.OQ,126.99,129.57,126.16,128.31,128.31,3940718,150633586409.67,1185000000.0,13.61210571185,1173000000.0,0.06479,0.07089,84000000.0,2020-03-31,4618000000.0,1173000000.0,18262000000.0,1876000000.0,2020-05-06,150507630000.0,8.241574307304786,9.426168347216104,0.10608764485893539,1.5993179880647912,80.22794776119403
2020-05-07,PYPL.OQ,139.91,147.2,139.39,146.29,146.29,8827942,171741776602.53,1185000000.0,13.61210571185,1173000000.0,0.06479,0.07089,84000000.0,2020-03-31,4618000000.0,1173000000.0,18262000000.0,1876000000.0,2020-05-06,171598170000.0,9.39646095717884,10.747051418550726,0.09304877785118601,1.5993179880647912,91.47023987206822
2020-05-08,PYPL.OQ,143.19,146.4,142.12,144.96,144.96,4421779,170180380998.72,1185000000.0,13.61210571185,1173000000.0,0.06479,0.07089,84000000.0,2020-03-31,4618000000.0,1173000000.0,18262000000.0,1876000000.0,2020-05-06,170038080000.0,9.31103274559194,10.649344272562127,0.09390249525282836,1.5993179880647912,90.63863539445629
2020-05-11,PYPL.OQ,142.89,145.24,142.2,143.96,143.96,3304665,169006399341.72,1185000000.0,13.61210571185,1173000000.0,0.06479,0.07089,84000000.0,2020-03-31,4618000000.0,1173000000.0,18262000000.0,1876000000.0,2020-05-06,168865080000.0,9.246801007556675,10.575880253021824,0.09455477710370937,1.5993179880647912,90.01336886993603
2020-05-12,PYPL.OQ,144.0,145.64,140.92,141.03,141.03,3166915,165566633086.71,1185000000.0,13.61210571185,1173000000.0,0.06479,0.07089,84000000.0,2020-03-31,4618000000.0,1173000000.0,18262000000.0,1876000000.0,2020-05-06,165428190000.0,9.05860201511335,10.360630675768741,0.09651922081720202,1.5993179880647912,88.18133795309168
2020-05-13,PYPL.OQ,140.12,145.08,139.61,143.73,143.73,3711276,168736383560.61,1185000000.0,13.61210571185,1173000000.0,0.06479,0.07089,84000000.0,2020-03-31,4618000000.0,1173000000.0,18262000000.0,1876000000.0,2020-05-06,168595290000.0,9.232027707808564,10.558983528527554,0.09470608579871984,1.5993179880647912,89.86955756929636
2020-05-14,PYPL.OQ,142.28,144.7,141.43,144.41,144.41,2946574,169534691087.37,1185000000.0,13.61210571185,1173000000.0,0.06479,0.07089,84000000.0,2020-03-31,4618000000.0,1173000000.0,18262000000.0,1876000000.0,2020-05-06,169392930000.0,9.275705289672544,10.60893906181496,0.09426013234436674,1.5993179880647912,90.29473880597014
2020-05-15,PYPL.OQ,143.42,145.87,141.63,145.51,145.51,2753553,170826070910.069,1185000000.0,13.61210571185,1173000000.0,0.06479,0.07089,84000000.0,2020-03-31,4618000000.0,1173000000.0,18262000000.0,1876000000.0,2020-05-06,170683230000.0,9.346360201511335,10.68974948330929,0.09354756176104737,1.5993179880647912,90.98253198294242
2020-05-18,PYPL.OQ,147.61,149.18,145.99,146.24,146.24,3270509,171683077519.68,1185000000.0,13.61210571185,1173000000.0,0.06479,0.07089,84000000.0,2020-03-31,4618000000.0,1173000000.0,18262000000.0,1876000000.0,2020-05-06,171539520000.0,9.393249370277077,10.743378217573712,0.09308059157446663,1.5993179880647912,91.43897654584222
2020-05-19,PYPL.OQ,145.87,149.68,145.23,145.39,145.39,2469070,170685193111.229,1185000000.0,13.61210571185,1173000000.0,0.06479,0.07089,84000000.0,2020-03-31,4618000000.0,1173000000.0,18262000000.0,1876000000.0,2020-05-06,170542469999.99997,9.338652392947102,10.680933800964453,0.09362477276188186,1.5993179880647912,90.90749999999998
2020-05-20,PYPL.OQ,148.0,151.08,147.94,150.94,150.94,2814888,177200791307.58,1185000000.0,13.61210571185,1173000000.0,0.06479,0.07089,84000000.0,2020-03-31,4618000000.0,1173000000.0,18262000000.0,1876000000.0,2020-05-06,177052620000.0,9.695138539042821,11.088659109413129,0.09018222944116869,1.5993179880647912,94.37772921108741
2020-05-21,PYPL.OQ,150.58,150.73,148.05,148.22,148.22,1917684,174007561200.54,1185000000.0,13.61210571185,1173000000.0,0.06479,0.07089,84000000.0,2020-03-31,4618000000.0,1173000000.0,18262000000.0,1876000000.0,2020-05-06,173862060000.0,9.520428211586902,10.888836976263509,0.09183717252631224,1.5993179880647912,92.67700426439232
2020-05-22,PYPL.OQ,148.7,150.99,147.36,150.86,150.86,1937892,177106872775.02,1185000000.0,13.61210571185,1173000000.0,0.06479,0.07089,84000000.0,2020-03-31,4618000000.0,1173000000.0,18262000000.0,1876000000.0,2020-05-06,176958780000.00003,9.690000000000001,11.082781987849906,0.0902300524449821,1.5993179880647912,94.3277078891258
2020-05-26,PYPL.OQ,154.55,154.55,146.29,147.0,147.0,3488989,172575303579.0,1185000000.0,13.61210571185,1173000000.0,0.06479,0.07089,84000000.0,2020-03-31,4618000000.0,1173000000.0,18262000000.0,1876000000.0,2020-05-06,172431000000.0,9.442065491183879,10.799210872424341,0.09259935858401361,1.5993179880647912,91.91417910447761
2020-05-27,PYPL.OQ,145.53,146.33,140.03,145.96,145.96,3360174,171354362655.72,1185000000.0,13.61210571185,1173000000.0,0.06479,0.07089,84000000.0,2020-03-31,4618000000.0,1173000000.0,18262000000.0,1876000000.0,2020-05-06,171211080000.0,9.375264483627204,10.722808292102428,0.0932591512184845,1.5993179880647912,91.26390191897654
2020-05-28,PYPL.OQ,145.09,151.94,145.0,148.79,148.79,3433426,174676730745.03,1185000000.0,13.61210571185,1173000000.0,0.06479,0.07089,84000000.0,2020-03-31,4618000000.0,1173000000.0,18262000000.0,1876000000.0,2020-05-06,174530670000.0,9.557040302267003,10.93071146740148,0.09148535326197998,1.5993179880647912,93.03340618336887
2020-05-29,PYPL.OQ,150.5,155.33,148.99,155.01,155.01,4015013,181978896651.569,1185000000.0,13.61210571185,1173000000.0,0.06479,0.07089,84000000.0,2020-03-31,4618000000.0,1173000000.0,18262000000.0,1876000000.0,2020-05-06,181826730000.0,9.956561712846348,11.387657668942156,0.08781437140732858,1.5993179880647912,96.92256396588485
2020-06-01,PYPL.OQ,154.9,155.97,153.1,154.53,154.53,2403235,181415385456.21,1185000000.0,13.61210571185,1173000000.0,0.06479,0.07089,84000000.0,2020-03-31,4618000000.0,1173000000.0,18262000000.0,1876000000.0,2020-05-06,181263690000.0,9.92573047858942,11.352394939562812,0.08808713979065555,1.5993179880647912,96.62243603411514
2020-06-02,PYPL.OQ,156.0,157.6,154.61,157.49,157.49,2519764,184890371160.93,1185000000.0,13.61210571185,1173000000.0,0.06479,0.07089,84000000.0,2020-03-31,4618000000.0,1173000000.0,18262000000.0,1876000000.0,2020-05-06,184735770000.0,10.115856423173804,11.569848437402106,0.08643155572957013,1.5993179880647912,98.4732249466951
2020-06-03,PYPL.OQ,157.73,158.24,155.12,156.78,156.78,2571415,184056844184.46,1185000000.0,13.61210571185,1173000000.0,0.06479,0.07089,84000000.0,2020-03-31,4618000000.0,1173000000.0,18262000000.0,1876000000.0,2020-05-06,183902940000.0,10.070251889168766,11.51768898352849,0.08682297303131778,1.5993179880647912,98.0292857142857
2020-06-04,PYPL.OQ,156.7,159.47,153.65,154.6,154.6,3008239,181497564172.199,1185000000.0,13.61210571185,1173000000.0,0.06479,0.07089,84000000.0,2020-03-31,4618000000.0,1173000000.0,18262000000.0,1876000000.0,2020-05-06,181345800000.0,9.93022670025189,11.357537420930633,0.08804725557470894,1.5993179880647912,96.66620469083155
2020-06-05,PYPL.OQ,152.98,156.33,150.0,156.0,156.0,3839938,183141138492.0,1185000000.0,13.61210571185,1173000000.0,0.06479,0.07089,84000000.0,2020-03-31,4618000000.0,1173000000.0,18262000000.0,1876000000.0,2020-05-06,182988000000.0,10.02015113350126,11.460387048287055,0.08725708789647436,1.5993179880647912,97.5415778251599
2020-06-08,PYPL.OQ,154.295,156.21,153.26,156.09,156.09,2195833,183246796841.13,1185000000.0,13.61210571185,1173000000.0,0.06479,0.07089,84000000.0,2020-03-31,4618000000.0,1173000000.0,18262000000.0,1876000000.0,2020-05-06,183093570000.0,10.025931989924434,11.466998810045682,0.08720677629476585,1.5993179880647912,97.59785181236674
2020-06-09,PYPL.OQ,155.79,158.2,155.62,156.86,156.86,2882346,184150762717.02,1185000000.0,13.61210571185,1173000000.0,0.06479,0.07089,84000000.0,2020-03-31,4618000000.0,1173000000.0,18262000000.0,1876000000.0,2020-05-06,183996780000.00003,10.07539042821159,11.523566105091716,0.08677869254016321,1.5993179880647912,98.07930703624734
2020-06-10,PYPL.OQ,158.43,160.88,157.72,159.91,159.91,2429797,187731406770.87,1185000000.0,13.61210571185,1173000000.0,0.06479,0.07089,84000000.0,2020-03-31,4618000000.0,1173000000.0,18262000000.0,1876000000.0,2020-05-06,187574430000.0,10.271297229219144,11.747631364689635,0.08512354269182666,1.5993179880647912,99.98636993603411
2020-06-11,PYPL.OQ,158.33,159.49,152.915,153.04,153.04,4166836,179666152787.28,1185000000.0,13.61210571185,1173000000.0,0.06479,0.07089,84000000.0,2020-03-31,4618000000.0,1173000000.0,18262000000.0,1876000000.0,2020-05-06,179515920000.0,9.830025188916876,11.242933550447763,0.08894475765714846,1.5993179880647912,95.69078891257995
2020-06-12,PYPL.OQ,157.06,157.21,151.89,155.26,155.26,2737859,182272392065.819,1185000000.0,13.61210571185,1173000000.0,0.06479,0.07089,84000000.0,2020-03-31,4618000000.0,1173000000.0,18262000000.0,1876000000.0,2020-05-06,182119980000.0,9.972619647355163,11.406023673827232,0.08767297250966122,1.5993179880647912,97.07888059701492
2020-06-15,PYPL.OQ,152.84,157.9,152.6,157.55,157.55,2254873,184960810060.35,1185000000.0,13.61210571185,1173000000.0,0.06479,0.07089,84000000.0,2020-03-31,4618000000.0,1173000000.0,18262000000.0,1876000000.0,2020-05-06,184806150000.0,10.11971032745592,11.574256278574524,0.0863986398721041,1.5993179880647912,98.51074093816631
2020-06-16,PYPL.OQ,160.19,162.82,158.3,161.22,161.22,2868881,189269322741.54,1185000000.0,13.61210571185,1173000000.0,0.06479,0.07089,84000000.0,2020-03-31,4618000000.0,1173000000.0,18262000000.0,1876000000.0,2020-05-06,189111060000.0,10.35544080604534,11.84386923028743,0.0844318677077906,1.5993179880647912,100.80546908315564
2020-06-17,PYPL.OQ,162.84,164.94,161.66,163.83,163.83,2241358,192333414866.31,1185000000.0,13.61210571185,1173000000.0,0.06479,0.07089,84000000.0,2020-03-31,4618000000.0,1173000000.0,18262000000.0,1876000000.0,2020-05-06,192172590000.0,10.52308564231738,12.035610321287619,0.08308677111548556,1.5993179880647912,102.43741471215353
2020-06-18,PYPL.OQ,164.72,168.82,164.31,168.05,168.05,3172692,197287617458.85,1185000000.0,13.61210571185,1173000000.0,0.06479,0.07089,84000000.0,2020-03-31,4618000000.0,1173000000.0,18262000000.0,1876000000.0,2020-05-06,197122650000.0,10.794143576826196,12.34562848374769,0.08100033151948825,1.5993179880647912,105.07603944562901
2020-06-19,PYPL.OQ,170.81,171.12,164.36,164.36,164.36,5675604,192955625144.52,1185000000.0,13.61210571185,1173000000.0,0.06479,0.07089,84000000.0,2020-03-31,4618000000.0,1173000000.0,18262000000.0,1876000000.0,2020-05-06,192794280000.00003,10.557128463476072,12.074546251643978,0.08281884711517401,1.5993179880647912,102.76880597014926
2020-06-22,PYPL.OQ,165.95,170.9,165.69,170.26,170.26,2463111,199882116920.819,1185000000.0,13.61210571185,1173000000.0,0.06479,0.07089,84000000.0,2020-03-31,4618000000.0,1173000000.0,18262000000.0,1876000000.0,2020-05-06,199714980000.0,10.93609571788413,12.507983966931755,0.07994893522759311,1.5993179880647912,106.45787846481875
2020-06-23,PYPL.OQ,172.0,175.4,170.44,172.79,172.79,2409215,202852290513.03,1185000000.0,13.61210571185,1173000000.0,0.06479,0.07089,84000000.0,2020-03-31,4618000000.0,1173000000.0,18262000000.0,1876000000.0,2020-05-06,202682670000.0,11.09860201511335,12.69384793636872,0.07877831883702761,1.5993179880647912,108.03980277185501
2020-06-24,PYPL.OQ,170.45,173.47,164.37,168.0,168.0,3270585,197228918376.0,1185000000.0,13.61210571185,1173000000.0,0.06479,0.07089,84000000.0,2020-03-31,4618000000.0,1173000000.0,18262000000.0,1876000000.0,2020-05-06,197064000000.0,10.790931989924433,12.341955282770675,0.08102443876101191,1.5993179880647912,105.04477611940298
2020-06-25,PYPL.OQ,169.0,172.77,168.22,172.5,172.5,2187195,202511835832.5,1185000000.0,13.61210571185,1173000000.0,0.06479,0.07089,84000000.0,2020-03-31,4618000000.0,1173000000.0,18262000000.0,1876000000.0,2020-05-06,202342500000.0,11.079974811083124,12.672543370702032,0.07891075774985508,1.5993179880647912,107.85847547974413
2020-06-26,PYPL.OQ,173.71,173.71,168.6,170.87,170.87,3353593,200598245731.59,1185000000.0,13.61210571185,1173000000.0,0.06479,0.07089,84000000.0,2020-03-31,4618000000.0,1173000000.0,18262000000.0,1876000000.0,2020-05-06,200430510000.0,10.975277078085643,12.552797018851342,0.0796635202894013,1.5993179880647912,106.83929104477612
2020-06-29,PYPL.OQ,171.48,171.48,165.56,168.35,168.35,1876808,197639811955.949,1185000000.0,13.61210571185,1173000000.0,0.06479,0.07089,84000000.0,2020-03-31,4618000000.0,1173000000.0,18262000000.0,1876000000.0,2020-05-06,197474550000.0,10.813413098236776,12.36766768960978,0.08085598878437779,1.5993179880647912,105.26361940298507
2020-06-30,PYPL.OQ,170.7,174.69,169.46,174.23,174.23,2824629,204542824099.11,1185000000.0,13.61210571185,1173000000.0,0.06479,0.07089,84000000.0,2020-03-31,4618000000.0,1173000000.0,18262000000.0,1876000000.0,2020-05-06,204371790000.0,11.191095717884131,12.799636124506753,0.07812722098289619,1.5993179880647912,108.94018656716416
2020-07-01,PYPL.OQ,174.31,178.23,172.58,177.43,177.43,2158788,208299565401.51,1185000000.0,13.61210571185,1173000000.0,0.06479,0.07089,84000000.0,2020-03-31,4618000000.0,1173000000.0,18262000000.0,1876000000.0,2020-05-06,208125390000.0,11.396637279596977,13.03472098703572,0.07671817455813561,1.5993179880647912,110.941039445629
2020-07-02,PYPL.OQ,179.75,179.8,176.745,177.21,177.21,2186847,208041289436.97,1185000000.0,13.61210571185,1173000000.0,0.06479,0.07089,84000000.0,2020-03-31,4618000000.0,1173000000.0,18262000000.0,1876000000.0,2020-05-06,207867330000.0,11.382506297229218,13.018558902736855,0.07681341748123695,1.5993179880647912,110.80348081023455
2020-07-06,PYPL.OQ,180.21,181.23,174.46,176.18,176.18,2819485,206832088330.26,1185000000.0,13.61210571185,1173000000.0,0.06479,0.07089,84000000.0,2020-03-31,4618000000.0,1173000000.0,18262000000.0,1876000000.0,2020-05-06,206659140000.0,11.316347607052897,12.942890962610344,0.07726249126944035,1.5993179880647912,110.15945628997868
2020-07-07,PYPL.OQ,177.69,179.93,176.31,177.28,177.28,1879994,208123468152.96,1185000000.0,13.61210571185,1173000000.0,0.06479,0.07089,84000000.0,2020-03-31,4618000000.0,1173000000.0,18262000000.0,1876000000.0,2020-05-06,207949440000.0,11.387002518891688,13.023701384104674,0.07678308727352212,1.5993179880647912,110.84724946695096
2020-07-08,PYPL.OQ,178.89,182.64,178.56,181.57,181.57,2459196,213159849461.49,1185000000.0,13.61210571185,1173000000.0,0.06479,0.07089,84000000.0,2020-03-31,4618000000.0,1173000000.0,18262000000.0,1876000000.0,2020-05-06,212981610000.0,11.662556675062973,13.338862027932567,0.07496891398276148,1.5993179880647912,113.52964285714285
2020-07-09,PYPL.OQ,183.09,183.96,179.18,183.23,183.23,2569876,215108659012.11,1185000000.0,13.61210571185,1173000000.0,0.06479,0.07089,84000000.0,2020-03-31,4618000000.0,1173000000.0,18262000000.0,1876000000.0,2020-05-06,214928790000.0,11.769181360201511,13.460812300369469,0.07428972172597283,1.5993179880647912,114.56758528784647
2020-07-10,PYPL.OQ,181.74,182.52,177.16,178.4,178.4,2604513,209438327608.8,1185000000.0,13.61210571185,1173000000.0,0.06479,0.07089,84000000.0,2020-03-31,4618000000.0,1173000000.0,18262000000.0,1876000000.0,2020-05-06,209263200000.0,11.458942065491184,13.105981085989812,0.07630104098570628,1.5993179880647912,111.54754797441365
2020-07-13,PYPL.OQ,180.37,180.62,170.77,171.51,171.51,3683924,201349593992.069,1185000000.0,13.61210571185,1173000000.0,0.06479,0.07089,84000000.0,2020-03-31,4618000000.0,1173000000.0,18262000000.0,1876000000.0,2020-05-06,201181230000.0,11.016385390428212,12.599813991357133,0.07936625101655881,1.5993179880647912,107.23946162046907
2020-07-14,PYPL.OQ,169.0,172.59,164.33,172.3,172.3,3872387,202277039501.1,1185000000.0,13.61210571185,1173000000.0,0.06479,0.07089,84000000.0,2020-03-31,4618000000.0,1173000000.0,18262000000.0,1876000000.0,2020-05-06,202107900000.0,11.06712846347607,12.657850566793973,0.07900235468282066,1.5993179880647912,107.73342217484009
2020-07-15,PYPL.OQ,172.99,173.3,169.025,172.06,172.06,2720816,201995283903.42,1185000000.0,13.61210571185,1173000000.0,0.06479,0.07089,84000000.0,2020-03-31,4618000000.0,1173000000.0,18262000000.0,1876000000.0,2020-05-06,201826380000.0,11.051712846347607,12.6402192021043,0.07911255208560967,1.5993179880647912,107.58335820895522
2020-07-16,PYPL.OQ,169.83,171.34,166.51,169.81,169.81,2490279,199353825175.17,1185000000.0,13.61210571185,1173000000.0,0.06479,0.07089,84000000.0,2020-03-31,4618000000.0,1173000000.0,18262000000.0,1876000000.0,2020-05-06,199187130000.0,10.907191435768262,12.474925158138621,0.08016080155379543,1.5993179880647912,106.17650852878465
2020-07-17,PYPL.OQ,171.78,174.56,169.62,173.92,173.92,2429193,204178889785.439,1185000000.0,13.61210571185,1173000000.0,0.06479,0.07089,84000000.0,2020-03-31,4618000000.0,1173000000.0,18262000000.0,1876000000.0,2020-05-06,204008160000.0,11.1711838790932,12.77686227844926,0.07826647718405015,1.5993179880647912,108.74635394456288
2020-07-20,PYPL.OQ,175.38,179.64,172.75,178.82,178.82,2265740,209931399904.74,1185000000.0,13.61210571185,1173000000.0,0.06479,0.07089,84000000.0,2020-03-31,4618000000.0,1173000000.0,18262000000.0,1876000000.0,2020-05-06,209755860000.0,11.485919395465995,13.136835974196739,0.07612183039844538,1.5993179880647912,111.81015991471214
2020-07-21,PYPL.OQ,179.25,179.46,174.38,175.58,175.58,1838843,206127699336.06,1185000000.0,13.61210571185,1173000000.0,0.06479,0.07089,84000000.0,2020-03-31,4618000000.0,1173000000.0,18262000000.0,1876000000.0,2020-05-06,205955340000.0,11.277808564231737,12.898812550886163,0.07752651618549948,1.5993179880647912,109.78429637526652
2020-07-22,PYPL.OQ,176.16,179.44,175.73,178.42,178.42,1587138,209461807241.939,1185000000.0,13.61210571185,1173000000.0,0.06479,0.07089,84000000.0,2020-03-31,4618000000.0,1173000000.0,18262000000.0,1876000000.0,2020-05-06,209286660000.0,11.460226700251889,13.107450366380617,0.07629248801619776,1.5993179880647912,111.56005330490405
2020-07-23,PYPL.OQ,178.15,180.75,171.95,173.86,173.86,2178085,204108450886.02,1185000000.0,13.61210571185,1173000000.0,0.06479,0.07089,84000000.0,2020-03-31,4618000000.0,1173000000.0,18262000000.0,1876000000.0,2020-05-06,203937780000.00003,11.167329974811084,12.772454437276844,0.07829348735678132,1.5993179880647912,108.70883795309169
2020-07-24,PYPL.OQ,171.08,173.6,169.1,172.56,172.56,2303108,202582274731.92,1185000000.0,13.61210571185,1173000000.0,0.06479,0.07089,84000000.0,2020-03-31,4618000000.0,1173000000.0,18262000000.0,1876000000.0,2020-05-06,202412880000.0,11.08382871536524,12.676951211874451,0.07888332007330784,1.5993179880647912,107.89599147121535
2020-07-27,PYPL.OQ,173.92,178.46,172.4,177.98,177.98,2340769,208945255312.86,1185000000.0,13.61210571185,1173000000.0,0.06479,0.07089,84000000.0,2020-03-31,4618000000.0,1173000000.0,18262000000.0,1876000000.0,2020-05-06,208770540000.0,11.431964735516372,13.075126197782884,0.0764810973808855,1.5993179880647912,111.28493603411513
2020-07-28,PYPL.OQ,178.01,179.56,176.02,176.27,176.27,1990048,206937746679.39,1185000000.0,13.61210571185,1173000000.0,0.06479,0.07089,84000000.0,2020-03-31,4618000000.0,1173000000.0,18262000000.0,1876000000.0,2020-05-06,206764710000.0,11.322128463476071,12.94950272436897,0.07722304255885856,1.5993179880647912,110.2157302771855
2020-07-29,PYPL.OQ,178.45,185.42,178.29,184.6,184.6,4873417,216717013882.199,1184000000.0,15.0383631713555,1173000000.0,1.34442,1.29223,1530000000.0,2020-06-30,5261000000.0,1173000000.0,19218000000.0,2583000000.0,2020-07-29,216535800000.0,11.267343115828911,12.275272108843536,0.0814645892272779,2.2020460358056266,83.83112659698025
2020-07-30,PYPL.OQ,192.0,198.64,189.17,192.51,192.51,4810137,226003208789.069,1184000000.0,15.0383631713555,1173000000.0,1.34442,1.29223,1530000000.0,2020-06-30,5261000000.0,1173000000.0,19218000000.0,2583000000.0,2020-07-29,225814230000.0,11.75014205432407,12.80126020408163,0.07811730908189445,2.2020460358056266,87.42324041811847
2020-07-31,PYPL.OQ,193.05,196.26,191.71,196.07,196.07,3620387,230182583487.99,1184000000.0,15.0383631713555,1173000000.0,1.34442,1.29223,1530000000.0,2020-06-30,5261000000.0,1173000000.0,19218000000.0,2583000000.0,2020-07-29,229990110000.0,11.967432094911022,13.037988095238093,0.07669895022877289,2.2020460358056266,89.03991869918698
2020-08-03,PYPL.OQ,198.36,199.4,195.24,197.07,197.07,2680052,231356565144.99,1184000000.0,15.0383631713555,1173000000.0,1.34442,1.29223,1530000000.0,2020-06-30,5261000000.0,1173000000.0,19218000000.0,2583000000.0,2020-07-29,231163110000.0,12.028468623165782,13.104484693877549,0.07630975374920333,2.2020460358056266,89.49404181184669
2020-08-04,PYPL.OQ,196.35,199.07,195.56,197.33,197.33,2116154,231661800375.81,1184000000.0,15.0383631713555,1173000000.0,1.34442,1.29223,1530000000.0,2020-06-30,5261000000.0,1173000000.0,19218000000.0,2583000000.0,2020-07-29,231468090000.0,12.04433812051202,13.121773809523809,0.07620920879417979,2.2020460358056266,89.61211382113821
2020-08-05,PYPL.OQ,199.0,204.23,198.09,202.91,202.91,2362567,238212618021.87,1184000000.0,15.0383631713555,1173000000.0,1.34442,1.29223,1530000000.0,2020-06-30,5261000000.0,1173000000.0,19218000000.0,2583000000.0,2020-07-29,238013430000.0,12.384921948173588,13.49282482993197,0.07411346494187325,2.2020460358056266,92.14612078977932
2020-08-06,PYPL.OQ,202.22,204.16,198.98,204.09,204.09,2119007,239597916377.13,1184000000.0,15.0383631713555,1173000000.0,1.34442,1.29223,1530000000.0,2020-06-30,5261000000.0,1173000000.0,19218000000.0,2583000000.0,2020-07-29,239397570000.0,12.456945051514206,13.57129081632653,0.07368495845634523,2.2020460358056266,92.68198606271777
2020-08-07,PYPL.OQ,203.71,203.89,196.73,198.63,198.63,2143801,233187976529.91,1184000000.0,15.0383631713555,1173000000.0,1.34442,1.29223,1530000000.0,2020-06-30,5261000000.0,1173000000.0,19218000000.0,2583000000.0,2020-07-29,232992990000.0,12.123685607243209,13.2082193877551,0.07571043231815687,2.2020460358056266,90.20247386759581
2020-08-10,PYPL.OQ,198.97,199.85,191.71,193.32,193.32,2891561,226954133931.24,1184000000.0,15.0383631713555,1173000000.0,1.34442,1.29223,1530000000.0,2020-06-30,5261000000.0,1173000000.0,19218000000.0,2583000000.0,2020-07-29,226764360000.0,11.799581642210427,12.85512244897959,0.0777900019209368,2.2020460358056266,87.79108013937282
2020-08-11,PYPL.OQ,192.0,193.51,186.54,189.03,189.03,3456641,221917752622.71,1184000000.0,15.0383631713555,1173000000.0,1.34442,1.29223,1530000000.0,2020-06-30,5261000000.0,1173000000.0,19218000000.0,2583000000.0,2020-07-29,221732190000.0,11.537734935997502,12.569852040816325,0.07955543126146908,2.2020460358056266,85.84289198606271
2020-08-12,PYPL.OQ,190.0,192.51,189.44,191.32,191.32,2695513,224606170617.24,1184000000.0,15.0383631713555,1173000000.0,1.34442,1.29223,1530000000.0,2020-06-30,5261000000.0,1173000000.0,19218000000.0,2583000000.0,2020-07-29,224418360000.0,11.677508585700906,12.722129251700679,0.07860319449799028,2.2020460358056266,86.88283391405342
2020-08-13,PYPL.OQ,192.43,195.13,191.5,193.07,193.07,2722403,226660638516.99,1184000000.0,15.0383631713555,1173000000.0,1.34442,1.29223,1530000000.0,2020-06-30,5261000000.0,1173000000.0,19218000000.0,2583000000.0,2020-07-29,226471110000.0,11.784322510146737,12.838498299319726,0.07789072963876056,2.2020460358056266,87.6775493612079
2020-08-14,PYPL.OQ,195.19,195.4,190.59,191.46,191.46,1540729,224770528049.22,1184000000.0,15.0383631713555,1173000000.0,1.34442,1.29223,1530000000.0,2020-06-30,5261000000.0,1173000000.0,19218000000.0,2583000000.0,2020-07-29,224582580000.0,11.686053699656572,12.731438775510203,0.07854571801606341,2.2020460358056266,86.94641114982579
2020-08-17,PYPL.OQ,193.92,197.41,193.25,196.29,196.29,2282112,230440859452.53,1184000000.0,15.0383631713555,1173000000.0,1.34442,1.29223,1530000000.0,2020-06-30,5261000000.0,1173000000.0,19218000000.0,2583000000.0,2020-07-29,230248170000.0,11.980860131127068,13.052617346938773,0.07661298676119772,2.2020460358056266,89.13982578397211
2020-08-18,PYPL.OQ,197.75,198.75,194.0,194.57,194.57,2166949,228421611002.49,1184000000.0,15.0383631713555,1173000000.0,1.34442,1.29223,1530000000.0,2020-06-30,5261000000.0,1173000000.0,19218000000.0,2583000000.0,2020-07-29,228230610000.0,11.87587730252888,12.93824319727891,0.07729024603667319,2.2020460358056266,88.35873403019744
2020-08-19,PYPL.OQ,195.23,196.74,191.99,192.44,192.44,2340453,225921030073.08,1184000000.0,15.0383631713555,1173000000.0,1.34442,1.29223,1530000000.0,2020-06-30,5261000000.0,1173000000.0,19218000000.0,2583000000.0,2020-07-29,225732120000.0,11.745869497346238,12.796605442176869,0.07814572423277645,2.2020460358056266,87.39145180023229
2020-08-20,PYPL.OQ,192.35,198.7,191.62,198.18,198.18,2430240,232659684784.26,1184000000.0,15.0383631713555,1173000000.0,1.34442,1.29223,1530000000.0,2020-06-30,5261000000.0,1173000000.0,19218000000.0,2583000000.0,2020-07-29,232465140000.0,12.096219169528567,13.178295918367345,0.07588234519808003,2.2020460358056266,89.99811846689896
2020-08-21,PYPL.OQ,198.39,199.02,196.22,196.79,196.79,2475881,231027850281.03,1184000000.0,15.0383631713555,1173000000.0,1.34442,1.29223,1530000000.0,2020-06-30,5261000000.0,1173000000.0,19218000000.0,2583000000.0,2020-07-29,230834670000.0,12.011378395254448,13.085865646258501,0.07641833005414655,2.2020460358056266,89.36688734030197
2020-08-24,PYPL.OQ,200.0,201.09,196.57,198.88,198.88,2123605,233481471944.16,1184000000.0,15.0383631713555,1173000000.0,1.34442,1.29223,1530000000.0,2020-06-30,5261000000.0,1173000000.0,19218000000.0,2583000000.0,2020-07-29,233286240000.0,12.1389447393069,13.224843537414964,0.07561526132017046,2.2020460358056266,90.31600464576074
2020-08-25,PYPL.OQ,198.7,201.94,196.25,201.67,201.67,1676211,236756880767.189,1184000000.0,15.0383631713555,1173000000.0,1.34442,1.29223,1530000000.0,2020-06-30,5261000000.0,1173000000.0,19218000000.0,2583000000.0,2020-07-29,236558910000.0,12.309236653137683,13.410369047619044,0.07456916334286459,2.2020460358056266,91.5830081300813
2020-08-26,PYPL.OQ,202.53,205.35,200.29,203.48,203.48,2054554,238881787566.36,1184000000.0,15.0383631713555,1173000000.0,1.34442,1.29223,1530000000.0,2020-06-30,5261000000.0,1173000000.0,19218000000.0,2583000000.0,2020-07-29,238682040000.0,12.419712769278801,13.53072789115646,0.07390585399722578,2.2020460358056266,92.40497096399535
2020-08-27,PYPL.OQ,206.81,206.99,202.39,204.34,204.34,2015270,239891411791.38,1184000000.0,15.0383631713555,1173000000.0,1.34442,1.29223,1530000000.0,2020-06-30,5261000000.0,1173000000.0,19218000000.0,2583000000.0,2020-07-29,239690820000.0,12.472204183577896,13.587914965986393,0.07359480851206568,2.2020460358056266,92.7955168408827
2020-08-28,PYPL.OQ,204.93,205.02,202.42,204.48,204.48,1673409,240055769223.36,1184000000.0,15.0383631713555,1173000000.0,1.34442,1.29223,1530000000.0,2020-06-30,5261000000.0,1173000000.0,19218000000.0,2583000000.0,2020-07-29,239855040000.0,12.480749297533562,13.597224489795916,0.07354442083018144,2.2020460358056266,92.85909407665504
2020-08-31,PYPL.OQ,204.0,205.23,202.3,204.14,204.14,2407815,239656615459.979,1184000000.0,15.0383631713555,1173000000.0,1.34442,1.29223,1530000000.0,2020-06-30,5261000000.0,1173000000.0,19218000000.0,2583000000.0,2020-07-29,239456219999.99997,12.459996877926942,13.5746156462585,0.07366691080315226,2.2020460358056266,92.70469221835074
2020-09-01,PYPL.OQ,205.59,209.85,205.31,208.93,208.93,2335673,245279987597.01,1184000000.0,15.0383631713555,1173000000.0,1.34442,1.29223,1530000000.0,2020-06-30,5261000000.0,1173000000.0,19218000000.0,2583000000.0,2020-07-29,245074890000.0,12.752361848267249,13.893134353741495,0.07197799823555977,2.2020460358056266,94.87994192799071
2020-09-02,PYPL.OQ,211.24,212.45,204.63,210.82,210.82,2547495,247498812928.74,1184000000.0,15.0383631713555,1173000000.0,1.34442,1.29223,1530000000.0,2020-06-30,5261000000.0,1173000000.0,19218000000.0,2583000000.0,2020-07-29,247291860000.0,12.867720886668748,14.018812925170065,0.07133271592522294,2.2020460358056266,95.73823461091753
2020-09-03,PYPL.OQ,205.82,206.58,194.95,204.99,204.99,5592079,240654499868.43,1184000000.0,15.0383631713555,1173000000.0,1.34442,1.29223,1530000000.0,2020-06-30,5261000000.0,1173000000.0,19218000000.0,2583000000.0,2020-07-29,240453270000.0,12.511877926943491,13.63113775510204,0.07336144773577004,2.2020460358056266,93.09069686411151
2020-09-04,PYPL.OQ,200.47,201.84,182.89,191.84,191.84,5939236,225216641078.88,1184000000.0,15.0383631713555,1173000000.0,1.34442,1.29223,1530000000.0,2020-06-30,5261000000.0,1173000000.0,19218000000.0,2583000000.0,2020-07-29,225028320000.0,11.70924758039338,12.756707482993196,0.07839013329522258,2.2020460358056266,87.11897793263647
2020-09-08,PYPL.OQ,185.22,191.72,185.0,185.95,185.95,4136512,218301889119.15,1184000000.0,15.0383631713555,1173000000.0,1.34442,1.29223,1530000000.0,2020-06-30,5261000000.0,1173000000.0,19218000000.0,2583000000.0,2020-07-29,218119350000.0,11.349742428972839,12.3650425170068,0.08087315499518957,2.2020460358056266,84.44419279907085
2020-09-09,PYPL.OQ,190.76,195.73,187.3,194.6,194.6,3412625,228456830452.199,1184000000.0,15.0383631713555,1173000000.0,1.34442,1.29223,1530000000.0,2020-06-30,5261000000.0,1173000000.0,19218000000.0,2583000000.0,2020-07-29,228265800000.0,11.877708398376521,12.940238095238094,0.07727833078805499,2.2020460358056266,88.37235772357724
2020-09-10,PYPL.OQ,195.56,198.19,187.84,190.09,190.09,2764187,223162173179.13,1184000000.0,15.0383631713555,1173000000.0,1.34442,1.29223,1530000000.0,2020-06-30,5261000000.0,1173000000.0,19218000000.0,2583000000.0,2020-07-29,222975570000.0,11.60243365594755,12.640338435374147,0.07911180583594878,2.2020460358056266,86.324262485482
2020-09-11,PYPL.OQ,191.7,191.88,180.94,184.0,184.0,3052472,216012624888.0,1184000000.0,15.0383631713555,1173000000.0,1.34442,1.29223,1530000000.0,2020-06-30,5261000000.0,1173000000.0,19218000000.0,2583000000.0,2020-07-29,215832000000.0,11.230721198876054,12.235374149659862,0.08173023462693207,2.2020460358056266,83.55865272938443
2020-09-14,PYPL.OQ,186.23,188.59,184.38,186.96,186.96,2602658,219487610592.72,1184000000.0,15.0383631713555,1173000000.0,1.34442,1.29223,1530000000.0,2020-06-30,5261000000.0,1173000000.0,19218000000.0,2583000000.0,2020-07-29,219304080000.0,11.411389322510146,12.432204081632651,0.0804362600093897,2.2020460358056266,84.90285714285714
2020-09-15,PYPL.OQ,190.24,190.45,184.18,186.02,186.02,2886834,218384067835.14,1184000000.0,15.0383631713555,1173000000.0,1.34442,1.29223,1530000000.0,2020-06-30,5261000000.0,1173000000.0,19218000000.0,2583000000.0,2020-07-29,218201460000.0,11.354014985950672,12.369697278911564,0.08084272213393989,2.2020460358056266,84.47598141695703
2020-09-16,PYPL.OQ,187.45,189.32,180.67,180.91,180.91,3187045,212385021567.87,1184000000.0,15.0383631713555,1173000000.0,1.34442,1.29223,1530000000.0,2020-06-30,5261000000.0,1173000000.0,19218000000.0,2583000000.0,2020-07-29,212207430000.0,11.042118326568842,12.029899659863943,0.08312621287576973,2.2020460358056266,82.15541231126596
2020-09-17,PYPL.OQ,177.0,178.69,173.8,175.79,175.79,4623042,206374235484.03,1184000000.0,15.0383631713555,1173000000.0,1.34442,1.29223,1530000000.0,2020-06-30,5261000000.0,1173000000.0,19218000000.0,2583000000.0,2020-07-29,206201670000.0,10.729611301904464,11.68943707482993,0.08554731879717561,2.2020460358056266,79.83030197444832
2020-09-18,PYPL.OQ,177.12,178.21,171.67,176.07,176.07,6141632,206702950347.99,1184000000.0,15.0383631713555,1173000000.0,1.34442,1.29223,1530000000.0,2020-06-30,5261000000.0,1173000000.0,19218000000.0,2583000000.0,2020-07-29,206530110000.0,10.746701529815798,11.708056122448978,0.08541127489836713,2.2020460358056266,79.95745644599303
2020-09-21,PYPL.OQ,174.84,183.45,174.08,183.21,183.21,5126458,215085179378.97,1184000000.0,15.0383631713555,1173000000.0,1.34442,1.29223,1530000000.0,2020-06-30,5261000000.0,1173000000.0,19218000000.0,2583000000.0,2020-07-29,214905330000.0,11.182502341554793,12.182841836734692,0.0820826547205693,2.2020460358056266,83.19989547038328
2020-09-22,PYPL.OQ,186.79,188.06,182.185,187.78,187.78,3664660,220450275551.46,1184000000.0,15.0383631713555,1173000000.0,1.34442,1.29223,1530000000.0,2020-06-30,5261000000.0,1173000000.0,19218000000.0,2583000000.0,2020-07-29,220265940000.0,11.461439275679052,12.486731292517005,0.08008500996568059,2.2020460358056266,85.2752380952381
2020-09-23,PYPL.OQ,188.39,188.39,181.1,181.61,181.61,3086541,213206808727.77,1184000000.0,15.0383631713555,1173000000.0,1.34442,1.29223,1530000000.0,2020-06-30,5261000000.0,1173000000.0,19218000000.0,2583000000.0,2020-07-29,213028530000.00003,11.084843896347175,12.076447278911564,0.08280581009501403,2.2020460358056266,82.47329849012776
2020-09-24,PYPL.OQ,179.99,184.89,179.6,182.19,182.19,2588803,213887718088.83,1184000000.0,15.0383631713555,1173000000.0,1.34442,1.29223,1530000000.0,2020-06-30,5261000000.0,1173000000.0,19218000000.0,2583000000.0,2020-07-29,213708870000.0,11.120245082734936,12.115015306122448,0.08254219864622372,2.2020460358056266,82.73668989547038
2020-09-25,PYPL.OQ,182.4,187.92,180.17,187.25,187.25,2545473,219828065273.25,1184000000.0,15.0383631713555,1173000000.0,1.34442,1.29223,1530000000.0,2020-06-30,5261000000.0,1173000000.0,19218000000.0,2583000000.0,2020-07-29,219644250000.0,11.429089915704028,12.451488095238094,0.08031168582833378,2.2020460358056266,85.03455284552845
2020-09-28,PYPL.OQ,190.21,192.47,188.11,192.02,192.02,3196790,225427957777.14,1184000000.0,15.0383631713555,1173000000.0,1.34442,1.29223,1530000000.0,2020-06-30,5261000000.0,1173000000.0,19218000000.0,2583000000.0,2020-07-29,225239460000.0,11.720234155479238,12.768676870748298,0.07831665019974743,2.2020460358056266,87.20072009291522
2020-09-29,PYPL.OQ,192.64,195.76,191.18,194.5,194.5,2443587,228339432286.5,1184000000.0,15.0383631713555,1173000000.0,1.34442,1.29223,1530000000.0,2020-06-30,5261000000.0,1173000000.0,19218000000.0,2583000000.0,2020-07-29,228148500000.0,11.871604745551046,12.933588435374148,0.07731806257766324,2.2020460358056266,88.32694541231126
2020-09-30,PYPL.OQ,194.14,198.72,193.38,197.03,197.03,3807709,231309605878.71,1184000000.0,15.0383631713555,1173000000.0,1.34442,1.29223,1530000000.0,2020-06-30,5261000000.0,1173000000.0,19218000000.0,2583000000.0,2020-07-29,231116190000.0,12.026027162035591,13.10182482993197,0.07632524575625793,2.2020460358056266,89.4758768873403
2020-10-01,PYPL.OQ,199.51,201.21,196.23,196.94,196.94,2404156,231203947529.58,1184000000.0,15.0383631713555,1173000000.0,1.34442,1.29223,1530000000.0,2020-06-30,5261000000.0,1173000000.0,19218000000.0,2583000000.0,2020-07-29,231010620000.0,12.020533874492664,13.09584013605442,0.07636012578123033,2.2020460358056266,89.43500580720092
2020-10-02,PYPL.OQ,192.33,196.2,189.28,191.91,191.91,2358961,225298819794.87,1184000000.0,15.0383631713555,1173000000.0,1.34442,1.29223,1530000000.0,2020-06-30,5261000000.0,1173000000.0,19218000000.0,2583000000.0,2020-07-29,225110430000.0,11.713520137371214,12.761362244897958,0.0783615401560914,2.2020460358056266,87.15076655052265
2020-10-05,PYPL.OQ,193.8,196.9,192.19,196.85,196.85,1651145,231098289180.449,1184000000.0,15.0383631713555,1173000000.0,1.34442,1.29223,1530000000.0,2020-06-30,5261000000.0,1173000000.0,19218000000.0,2583000000.0,2020-07-29,230905050000.0,12.015040586949734,13.08985544217687,0.07639503770056134,2.2020460358056266,89.39413472706156
2020-10-06,PYPL.OQ,196.33,197.36,190.94,191.66,191.66,2141032,225005324380.62,1184000000.0,15.0383631713555,1173000000.0,1.34442,1.29223,1530000000.0,2020-06-30,5261000000.0,1173000000.0,19218000000.0,2583000000.0,2020-07-29,224817180000.0,11.698261005307524,12.744738095238093,0.07846375441592143,2.2020460358056266,87.03723577235772
2020-10-07,PYPL.OQ,194.0,195.71,193.44,194.61,194.61,1566168,228468570268.77,1184000000.0,15.0383631713555,1173000000.0,1.34442,1.29223,1530000000.0,2020-06-30,5261000000.0,1173000000.0,19218000000.0,2583000000.0,2020-07-29,228277530000.00003,11.87831876365907,12.940903061224489,0.07727435985486614,2.2020460358056266,88.37689895470383
2020-10-08,PYPL.OQ,196.75,196.87,192.7,193.06,193.06,1717287,226648898700.42,1184000000.0,15.0383631713555,1173000000.0,1.34442,1.29223,1530000000.0,2020-06-30,5261000000.0,1173000000.0,19218000000.0,2583000000.0,2020-07-29,226459380000.0,11.78371214486419,12.837833333333332,0.07789476417360147,2.2020460358056266,87.6730081300813
2020-10-09,PYPL.OQ,193.8,197.35,192.68,197.27,197.27,2545472,231591361476.39,1184000000.0,15.0383631713555,1173000000.0,1.34442,1.29223,1530000000.0,2020-06-30,5261000000.0,1173000000.0,19218000000.0,2583000000.0,2020-07-29,231397710000.0,12.040675928816734,13.11778401360544,0.07623238795232676,2.2020460358056266,89.58486643437864
2020-10-12,PYPL.OQ,199.53,204.07,196.71,201.51,201.51,3052448,236569043702.069,1184000000.0,15.0383631713555,1173000000.0,1.34442,1.29223,1530000000.0,2020-06-30,5261000000.0,1173000000.0,19218000000.0,2583000000.0,2020-07-29,236371230000.0,12.299470808616922,13.399729591836731,0.07462837165081387,2.2020460358056266,91.51034843205575
2020-10-13,PYPL.OQ,202.65,208.93,200.15,207.74,207.74,2738825,243882949425.18,1184000000.0,15.0383631713555,1173000000.0,1.34442,1.29223,1530000000.0,2020-06-30,5261000000.0,1173000000.0,19218000000.0,2583000000.0,2020-07-29,243679020000.0,12.679728379644084,13.814003401360543,0.07239031082774382,2.2020460358056266,94.33953542392567
2020-10-14,PYPL.OQ,208.0,208.93,200.51,203.6,203.6,2357086,239022665365.199,1184000000.0,15.0383631713555,1173000000.0,1.34442,1.29223,1530000000.0,2020-06-30,5261000000.0,1173000000.0,19218000000.0,2583000000.0,2020-07-29,238822800000.0,12.427037152669373,13.538707482993194,0.07386229455479126,2.2020460358056266,92.45946573751452
2020-10-15,PYPL.OQ,199.93,203.33,198.16,203.14,203.14,1940251,238482633802.979,1184000000.0,15.0383631713555,1173000000.0,1.34442,1.29223,1530000000.0,2020-06-30,5261000000.0,1173000000.0,19218000000.0,2583000000.0,2020-07-29,238283219999.99997,12.39896034967218,13.508119047619045,0.07402955189207197,2.2020460358056266,92.25056910569104
2020-10-16,PYPL.OQ,204.95,207.47,202.23,204.45,204.45,2389002,240020549773.65,1184000000.0,15.0383631713555,1173000000.0,1.34442,1.29223,1530000000.0,2020-06-30,5261000000.0,1173000000.0,19218000000.0,2583000000.0,2020-07-29,239819850000.0,12.47891820168592,13.595229591836732,0.07355521238129373,2.2020460358056266,92.84547038327526
2020-10-19,PYPL.OQ,205.64,207.23,199.1,200.06,200.06,2158304,234866770299.42,1184000000.0,15.0383631713555,1173000000.0,1.34442,1.29223,1530000000.0,2020-06-30,5261000000.0,1173000000.0,19218000000.0,2583000000.0,2020-07-29,234670380000.0,12.210967842647518,13.303309523809522,0.07516926507725433,2.2020460358056266,90.85186991869918
2020-10-20,PYPL.OQ,201.14,205.44,200.32,201.96,201.96,1710199,237097335447.72,1184000000.0,15.0383631713555,1173000000.0,1.34442,1.29223,1530000000.0,2020-06-30,5261000000.0,1173000000.0,19218000000.0,2583000000.0,2020-07-29,236899080000.0,12.326937246331564,13.429653061224489,0.074462087400255,2.2020460358056266,91.71470383275262
2020-10-21,PYPL.OQ,207.96,215.81,206.05,213.07,213.07,4510671,250140271656.99,1184000000.0,15.0383631713555,1173000000.0,1.34442,1.29223,1530000000.0,2020-06-30,5261000000.0,1173000000.0,19218000000.0,2583000000.0,2020-07-29,249931110000.0,13.00505307524196,14.168430272108841,0.07057944887293144,2.2020460358056266,96.76001161440185
2020-10-22,PYPL.OQ,211.9,212.03,202.16,203.93,203.93,2988494,239410079312.01,1184000000.0,15.0383631713555,1173000000.0,1.34442,1.29223,1530000000.0,2020-06-30,5261000000.0,1173000000.0,19218000000.0,2583000000.0,2020-07-29,239209890000.0,12.447179206993443,13.560651360544217,0.07374277041806257,2.2020460358056266,92.60932636469222
2020-10-23,PYPL.OQ,206.05,206.08,201.24,203.04,203.04,1925069,238365235637.28,1184000000.0,15.0383631713555,1173000000.0,1.34442,1.29223,1530000000.0,2020-06-30,5261000000.0,1173000000.0,19218000000.0,2583000000.0,2020-07-29,238165920000.0,12.392856696846707,13.5014693877551,0.07406601246727493,2.2020460358056266,92.20515679442508
2020-10-26,PYPL.OQ,200.66,203.83,195.06,197.22,197.22,2806539,231532662393.54,1184000000.0,15.0383631713555,1173000000.0,1.34442,1.29223,1530000000.0,2020-06-30,5261000000.0,1173000000.0,19218000000.0,2583000000.0,2020-07-29,231339060000.0,12.037624102403996,13.114459183673468,0.07625171469098216,2.2020460358056266,89.56216027874564
2020-10-27,PYPL.OQ,198.46,201.31,197.72,200.43,200.43,1381671,235301143512.51,1184000000.0,15.0383631713555,1173000000.0,1.34442,1.29223,1530000000.0,2020-06-30,5261000000.0,1173000000.0,19218000000.0,2583000000.0,2020-07-29,235104390000.0,12.23355135810178,13.32791326530612,0.07503050028117299,2.2020460358056266,91.01989547038328
2020-10-28,PYPL.OQ,196.96,198.33,191.5,192.31,192.31,2682566,225328051788.79,1184000000.0,15.0383631713555,1173000000.0,1.34442,1.29223,1530000000.0,2020-06-30,5261000000.0,1173000000.0,19218000000.0,2583000000.0,2020-07-29,225579630000.0,11.73793474867312,12.78796088435374,0.0781985501084473,2.2020460358056266,87.33241579558653
2020-10-29,PYPL.OQ,194.08,197.58,192.31,195.04,195.04,2896518,228526770427.36,1184000000.0,15.0383631713555,1173000000.0,1.34442,1.29223,1530000000.0,2020-06-30,5261000000.0,1173000000.0,19218000000.0,2583000000.0,2020-07-29,228781920000.0,11.904564470808618,12.969496598639454,0.077103994931068,2.2020460358056266,88.5721718931475
2020-10-30,PYPL.OQ,193.19,195.21,182.92,186.13,186.13,4160096,218086996409.169,1184000000.0,15.0383631713555,1173000000.0,1.34442,1.29223,1530000000.0,2020-06-30,5261000000.0,1173000000.0,19218000000.0,2583000000.0,2020-07-29,218330490000.0,11.360729004058696,12.377011904761902,0.08079494531432602,2.2020460358056266,84.52593495934958
2020-11-02,PYPL.OQ,189.26,192.67,185.05,187.76,187.76,3619207,219996854057.84,1190000000.0,15.7704778156997,1172000000.0,0.88737,0.85798,1021000000.0,2020-09-30,5459000000.0,1172000000.0,20299000000.0,3142000000.0,2020-11-02,220054720000.0,10.84066801320262,11.905790185575903,0.08399274507722465,2.6808873720136517,70.03651177593889
2020-11-03,PYPL.OQ,178.14,188.73,174.84,179.81,179.81,7621226,210681904176.29,1190000000.0,15.7704778156997,1172000000.0,0.88737,0.85798,1021000000.0,2020-09-30,5459000000.0,1172000000.0,20299000000.0,3142000000.0,2020-11-02,210737320000.0,10.381660180304449,11.401683709354513,0.08770634456203603,2.6808873720136517,67.07107574793126
2020-11-04,PYPL.OQ,186.76,195.0,184.2,194.29,194.29,4588664,227648001570.61,1190000000.0,15.7704778156997,1172000000.0,0.88737,0.85798,1021000000.0,2020-09-30,5459000000.0,1172000000.0,20299000000.0,3142000000.0,2020-11-02,227707880000.0,11.217689541356718,12.3198550018936,0.08116978648257604,2.6808873720136517,72.47227243793762
2020-11-05,PYPL.OQ,202.0,204.92,199.38,204.56,204.56,4043652,239681276449.04,1190000000.0,15.7704778156997,1172000000.0,0.88737,0.85798,1021000000.0,2020-09-30,5459000000.0,1172000000.0,20299000000.0,3142000000.0,2020-11-02,239744320000.0,11.810646829893098,12.971071795704127,0.07709463148073768,2.6808873720136517,76.30309357097391
2020-11-06,PYPL.OQ,204.63,204.92,198.6,202.73,202.73,2368427,237537080438.569,1190000000.0,15.7704778156997,1172000000.0,0.88737,0.85798,1021000000.0,2020-09-30,5459000000.0,1172000000.0,20299000000.0,3142000000.0,2020-11-02,237599560000.0,11.704988423075028,12.855032191743732,0.07779054809697479,2.6808873720136517,75.62048376830045
2020-11-09,PYPL.OQ,195.68,196.07,184.44,184.72,184.72,5659576,216434910958.48,1190000000.0,15.7704778156997,1172000000.0,0.88737,0.85798,1021000000.0,2020-09-30,5459000000.0,1172000000.0,20299000000.0,3142000000.0,2020-11-02,216491840000.0,10.665148036849105,11.713024941838416,0.08537504231106377,2.6808873720136517,68.90255887969447
2020-11-10,PYPL.OQ,184.98,186.69,178.63,183.36,183.36,4315424,214841410098.24,1190000000.0,15.7704778156997,1172000000.0,0.88737,0.85798,1021000000.0,2020-09-30,5459000000.0,1172000000.0,20299000000.0,3142000000.0,2020-11-02,214897920000.00003,10.58662594216464,11.626787859113751,0.08600827779068335,2.6808873720136517,68.39526416295354
2020-11-11,PYPL.OQ,187.27,193.1,186.5,192.34,192.34,2785699,225363202543.06,1190000000.0,15.7704778156997,1172000000.0,0.88737,0.85798,1021000000.0,2020-09-30,5459000000.0,1172000000.0,20299000000.0,3142000000.0,2020-11-02,225422480000.0,11.105102714419429,12.196206243575146,0.08199270986638088,2.6808873720136517,71.7449013367282
2020-11-12,PYPL.OQ,193.95,194.8,188.44,189.1,189.1,2001442,221566921081.9,1190000000.0,15.7704778156997,1172000000.0,0.88737,0.85798,1021000000.0,2020-09-30,5459000000.0,1172000000.0,20299000000.0,3142000000.0,2020-11-02,221625200000.0,10.918035371200551,11.99075907590756,0.08339755587361025,2.6808873720136517,70.53634627625716
2020-11-13,PYPL.OQ,191.0,191.72,186.9,188.62,188.62,1810780,221004509013.58,1190000000.0,15.7704778156997,1172000000.0,0.88737,0.85798,1021000000.0,2020-09-30,5459000000.0,1172000000.0,20299000000.0,3142000000.0,2020-11-02,221062640000.0,10.890321690723681,11.960322458475325,0.08360978589597974,2.6808873720136517,70.35730108211331
2020-11-16,PYPL.OQ,185.19,192.36,183.54,191.94,191.94,2755009,224894525819.46,1190000000.0,15.7704778156997,1172000000.0,0.88737,0.85798,1021000000.0,2020-09-30,5459000000.0,1172000000.0,20299000000.0,3142000000.0,2020-11-02,224953680000.0,11.082007980688704,12.17084239571495,0.08216358140929302,2.6808873720136517,71.59569700827498
2020-11-17,PYPL.OQ,192.13,194.59,190.65,192.3,192.3,2289453,225316334870.7,1190000000.0,15.7704778156997,1172000000.0,0.88737,0.85798,1021000000.0,2020-09-30,5459000000.0,1172000000.0,20299000000.0,3142000000.0,2020-11-02,225375600000.0,11.102793241046356,12.193669858789127,0.08200976503223972,2.6808873720136517,71.72998090388289
2020-11-18,PYPL.OQ,192.63,192.9,189.54,190.12,190.12,2567213,222762046727.08,1190000000.0,15.7704778156997,1172000000.0,0.88737,0.85798,1021000000.0,2020-09-30,5459000000.0,1172000000.0,20299000000.0,3142000000.0,2020-11-02,222820640000.0,10.976926942213902,12.055436887951059,0.0829501252666721,2.6808873720136517,70.91681731381287
2020-11-19,PYPL.OQ,190.84,192.71,189.58,190.9,190.9,2417053,223675966338.1,1190000000.0,15.7704778156997,1172000000.0,0.88737,0.85798,1021000000.0,2020-09-30,5459000000.0,1172000000.0,20299000000.0,3142000000.0,2020-11-02,223734800000.0,11.021961672988818,12.10489639127844,0.08261119861550392,2.6808873720136517,71.20776575429663
2020-11-20,PYPL.OQ,192.74,194.7,190.96,192.67,192.67,2753310,225749860840.03,1190000000.0,15.7704778156997,1172000000.0,0.88737,0.85798,1021000000.0,2020-09-30,5459000000.0,1172000000.0,20299000000.0,3142000000.0,2020-11-02,225809240000.0,11.124155869747279,12.217131418059806,0.08185227495562206,2.6808873720136517,71.8679949077021
2020-11-23,PYPL.OQ,194.5,202.16,194.0,200.82,200.82,3261284,235299149083.38,1190000000.0,15.7704778156997,1172000000.0,0.88737,0.85798,1021000000.0,2020-09-30,5459000000.0,1172000000.0,20299000000.0,3142000000.0,2020-11-02,235361040000.0,11.594711069510813,12.733919818211296,0.07853041437954238,2.6808873720136517,74.90803309993635
2020-11-24,PYPL.OQ,203.98,207.01,198.9,206.0,206.0,4586260,241368512654.0,1190000000.0,15.7704778156997,1172000000.0,0.88737,0.85798,1021000000.0,2020-09-30,5459000000.0,1172000000.0,20299000000.0,3142000000.0,2020-11-02,241432000000.0,11.89378787132371,13.062381648000832,0.0765557175519403,2.6808873720136517,76.84022915340547
2020-11-25,PYPL.OQ,206.23,216.07,206.23,214.46,214.46,4170963,251281025358.14,1190000000.0,15.7704778156997,1172000000.0,0.88737,0.85798,1021000000.0,2020-09-30,5459000000.0,1172000000.0,20299000000.0,3142000000.0,2020-11-02,251347120000.0,12.382241489728559,13.598827030243973,0.07353575405996317,2.6808873720136517,79.99590070019097
2020-11-27,PYPL.OQ,213.2,213.75,208.72,211.39,211.39,1434663,247683931504.509,1190000000.0,15.7704778156997,1172000000.0,0.88737,0.85798,1021000000.0,2020-09-30,5459000000.0,1172000000.0,20299000000.0,3142000000.0,2020-11-02,247749079999.99997,12.204989408345238,13.40415949791697,0.07460370791286106,2.6808873720136517,78.85075747931253
2020-11-30,PYPL.OQ,212.45,215.82,207.09,214.12,214.12,4633787,250882650143.08,1190000000.0,15.7704778156997,1172000000.0,0.88737,0.85798,1021000000.0,2020-09-30,5459000000.0,1172000000.0,20299000000.0,3142000000.0,2020-11-02,250948640000.0,12.362610966057442,13.577267759562806,0.07365252108957454,2.6808873720136517,79.86907702100574
2020-12-01,PYPL.OQ,217.35,220.56,214.5,216.54,216.54,2846392,253718144320.86,1190000000.0,15.7704778156997,1172000000.0,0.88737,0.85798,1021000000.0,2020-09-30,5459000000.0,1172000000.0,20299000000.0,3142000000.0,2020-11-02,253784880000.0,12.502334105128332,13.730719039116991,0.07282939787429435,2.6808873720136517,80.77176320814768
2020-12-02,PYPL.OQ,215.59,215.75,210.53,212.56,212.56,1937126,249054810921.04,1190000000.0,15.7704778156997,1172000000.0,0.88737,0.85798,1021000000.0,2020-09-30,5459000000.0,1172000000.0,20299000000.0,3142000000.0,2020-11-02,249120320000.0,12.272541504507611,13.478348752908044,0.07419306462034107,2.6808873720136517,79.2871801400382
2020-12-03,PYPL.OQ,213.33,216.92,213.11,214.54,214.54,2158637,251374760702.86,1190000000.0,15.7704778156997,1172000000.0,0.88737,0.85798,1021000000.0,2020-09-30,5459000000.0,1172000000.0,20299000000.0,3142000000.0,2020-11-02,251440880000.0,12.386860436474704,13.603899799816011,0.07350833325114059,2.6808873720136517,80.0257415658816
2020-12-04,PYPL.OQ,214.83,218.5,213.09,217.77,217.77,1658068,255159325245.93,1190000000.0,15.7704778156997,1172000000.0,0.88737,0.85798,1021000000.0,2020-09-30,5459000000.0,1172000000.0,20299000000.0,3142000000.0,2020-11-02,255226440000.0,12.573350411350313,13.808712871287094,0.07241804571658032,2.6808873720136517,81.23056651814132
2020-12-07,PYPL.OQ,217.45,219.32,216.31,217.93,217.93,1794947,255346795935.37,1190000000.0,15.7704778156997,1172000000.0,0.88737,0.85798,1021000000.0,2020-09-30,5459000000.0,1172000000.0,20299000000.0,3142000000.0,2020-11-02,255413960000.0,12.582588304842604,13.818858410431172,0.07236487778506721,2.6808873720136517,81.2902482495226
2020-12-08,PYPL.OQ,216.55,218.71,215.6,216.94,216.94,1616605,254186821044.46,1190000000.0,15.7704778156997,1172000000.0,0.88737,0.85798,1021000000.0,2020-09-30,5459000000.0,1172000000.0,20299000000.0,3142000000.0,2020-11-02,254253680000.0,12.525428838859057,13.756082886977186,0.07269511300682079,2.6808873720136517,80.9209675366009
2020-12-09,PYPL.OQ,217.0,218.93,209.27,210.8,210.8,2742269,246992633337.2,1190000000.0,15.7704778156997,1172000000.0,0.88737,0.85798,1021000000.0,2020-09-30,5459000000.0,1172000000.0,20299000000.0,3142000000.0,2020-11-02,247057600000.0,12.170924676092419,13.366747822323182,0.07481251335720919,2.6808873720136517,78.63068109484406
2020-12-10,PYPL.OQ,209.0,216.22,206.65,215.34,215.34,2014894,252312114150.06,1190000000.0,15.7704778156997,1172000000.0,0.88737,0.85798,1021000000.0,2020-09-30,5459000000.0,1172000000.0,20299000000.0,3142000000.0,2020-11-02,252378480000.0,12.433049903936155,13.654627495536404,0.07323524573093572,2.6808873720136517,80.32415022278803
2020-12-11,PYPL.OQ,213.65,215.0,210.48,214.06,214.06,1429489,250812348634.54,1190000000.0,15.7704778156997,1172000000.0,0.88737,0.85798,1021000000.0,2020-09-30,5459000000.0,1172000000.0,20299000000.0,3142000000.0,2020-11-02,250878320000.0,12.359146755997832,13.573463182383778,0.07367316554096841,2.6808873720136517,79.84669637173775
2020-12-14,PYPL.OQ,215.95,223.1,215.0,220.79,220.79,2728253,258697834509.11,1190000000.0,15.7704778156997,1172000000.0,0.88737,0.85798,1021000000.0,2020-09-30,5459000000.0,1172000000.0,20299000000.0,3142000000.0,2020-11-02,258765880000.0,12.747715651017291,14.000209922631571,0.07142750041079624,2.6808873720136517,82.35705919796308
2020-12-15,PYPL.OQ,221.74,222.31,217.12,221.6,221.6,2153987,259646904874.4,1190000000.0,15.7704778156997,1172000000.0,0.88737,0.85798,1021000000.0,2020-09-30,5459000000.0,1172000000.0,20299000000.0,3142000000.0,2020-11-02,259715200000.0,12.79448248682201,14.051571714548468,0.07116641613582897,2.6808873720136517,82.65919796308084
2020-12-16,PYPL.OQ,224.9,231.11,224.83,230.2,230.2,3171301,269723454431.8,1190000000.0,15.7704778156997,1172000000.0,0.88737,0.85798,1021000000.0,2020-09-30,5459000000.0,1172000000.0,20299000000.0,3142000000.0,2020-11-02,269794400000.0,13.291019262032613,14.596894443542677,0.06850772291789617,2.6808873720136517,85.86709102482496
2020-12-17,PYPL.OQ,233.98,238.07,232.5,235.51,235.51,2501018,275945137937.589,1190000000.0,15.7704778156997,1172000000.0,0.88737,0.85798,1021000000.0,2020-09-30,5459000000.0,1172000000.0,20299000000.0,3142000000.0,2020-11-02,276017720000.0,13.597601852307996,14.933599523886775,0.06696309207974056,2.6808873720136517,87.84777848504137
2020-12-18,PYPL.OQ,236.66,237.12,232.31,236.45,236.45,5657743,277046528238.05,1190000000.0,15.7704778156997,1172000000.0,0.88737,0.85798,1021000000.0,2020-09-30,5459000000.0,1172000000.0,20299000000.0,3142000000.0,2020-11-02,277119400000.0,13.6518744765752,14.993204566358235,0.06669688228251089,2.6808873720136517,88.19840865690644
2020-12-21,PYPL.OQ,232.45,239.75,232.26,237.72,237.72,2746812,278534576835.48,1190000000.0,15.7704778156997,1172000000.0,0.88737,0.85798,1021000000.0,2020-09-30,5459000000.0,1172000000.0,20299000000.0,3142000000.0,2020-11-02,278607840000.0,13.725200256170254,15.073734783314357,0.06634055954778605,2.6808873720136517,88.6721323997454
2020-12-22,PYPL.OQ,239.74,243.68,238.17,243.49,243.49,1956857,285295238573.41,1190000000.0,15.7704778156997,1172000000.0,0.88737,0.85798,1021000000.0,2020-09-30,5459000000.0,1172000000.0,20299000000.0,3142000000.0,2020-11-02,285370280000.0,14.058341790235973,15.439608288697682,0.06476848254835804,2.6808873720136517,90.82440483768302
2020-12-23,PYPL.OQ,243.64,244.24,238.38,239.44,239.44,1991783,280549886746.96,1190000000.0,15.7704778156997,1172000000.0,0.88737,0.85798,1021000000.0,2020-09-30,5459000000.0,1172000000.0,20299000000.0,3142000000.0,2020-11-02,280623680000.0,13.824507611212375,15.1827993291132,0.06586400691488348,2.6808873720136517,89.31371101209422
2020-12-24,PYPL.OQ,240.0,242.07,238.1,238.64,238.64,815467,279612533299.76,1190000000.0,15.7704778156997,1172000000.0,0.88737,0.85798,1021000000.0,2020-09-30,5459000000.0,1172000000.0,20299000000.0,3142000000.0,2020-11-02,279686080000.0,13.778318143750925,15.132071633392808,0.06608480479257334,2.6808873720136517,89.01530235518779
2020-12-28,PYPL.OQ,243.25,243.25,235.25,235.73,235.73,1576118,276202910135.57,1190000000.0,15.7704778156997,1172000000.0,0.88737,0.85798,1021000000.0,2020-09-30,5459000000.0,1172000000.0,20299000000.0,3142000000.0,2020-11-02,276275560000.0,13.610303955859894,14.947549640209884,0.06690059736011411,2.6808873720136517,87.92984086569065
2020-12-29,PYPL.OQ,236.0,236.25,229.71,231.03,231.03,2143218,270695958633.27,1190000000.0,15.7704778156997,1172000000.0,0.88737,0.85798,1021000000.0,2020-09-30,5459000000.0,1172000000.0,20299000000.0,3142000000.0,2020-11-02,270767160000.0,13.338940834523868,14.649524427852583,0.0682616015915669,2.6808873720136517,86.17669000636538
2020-12-30,PYPL.OQ,232.0,233.84,230.02,231.51,231.51,1989666,271258370701.59,1190000000.0,15.7704778156997,1172000000.0,0.88737,0.85798,1021000000.0,2020-09-30,5459000000.0,1172000000.0,20299000000.0,3142000000.0,2020-11-02,271329720000.0,13.36665451500074,14.679961045284818,0.06812007177098052,2.6808873720136517,86.35573520050923
2020-12-31,PYPL.OQ,232.0,234.69,229.69,234.2,234.2,2101798,274410221667.8,1190000000.0,15.7704778156997,1172000000.0,0.88737,0.85798,1021000000.0,2020-09-30,5459000000.0,1172000000.0,20299000000.0,3142000000.0,2020-11-02,274482400000.0,13.52196659933987,14.850532922144634,0.06733765079291076,2.6808873720136517,87.3591343093571
2021-01-04,PYPL.OQ,237.96,237.96,227.61,231.92,231.92,2637434,271738764343.28,1190000000.0,15.7704778156997,1172000000.0,0.88737,0.85798,1021000000.0,2020-09-30,5459000000.0,1172000000.0,20299000000.0,3142000000.0,2020-11-02,271810240000.0,13.390326617074733,14.705958989341518,0.06799964563513151,2.6808873720136517,86.50866963717378
2021-01-05,PYPL.OQ,229.95,235.64,229.82,234.91,234.91,1681753,275242122852.19,1190000000.0,15.7704778156997,1172000000.0,0.88737,0.85798,1021000000.0,2020-09-30,5459000000.0,1172000000.0,20299000000.0,3142000000.0,2020-11-02,275314520000.0,13.562959751711906,14.895553752096482,0.067134127179344,2.6808873720136517,87.62397199236156
2021-01-06,PYPL.OQ,229.26,232.41,225.8,226.83,226.83,2831283,265774853035.47,1190000000.0,15.7704778156997,1172000000.0,0.88737,0.85798,1021000000.0,2020-09-30,5459000000.0,1172000000.0,20299000000.0,3142000000.0,2020-11-02,265844760000.0,13.096446130351248,14.383204025320529,0.06952553813737027,2.6808873720136517,84.61004455760663
2021-01-07,PYPL.OQ,229.46,235.6,229.22,235.04,235.04,2317481,275394442787.36,1190000000.0,15.7704778156997,1172000000.0,0.88737,0.85798,1021000000.0,2020-09-30,5459000000.0,1172000000.0,20299000000.0,3142000000.0,2020-11-02,275466880000.0,13.570465540174393,14.903797002651046,0.0670969954718333,2.6808873720136517,87.67246339910885
2021-01-08,PYPL.OQ,237.5,242.9,236.11,242.46,242.46,2017020,284088396010.14,1190000000.0,15.7704778156997,1172000000.0,0.88737,0.85798,1021000000.0,2020-09-30,5459000000.0,1172000000.0,20299000000.0,3142000000.0,2020-11-02,284163120000.0,13.998872850879353,15.374296380457679,0.06504362705477068,2.6808873720136517,90.44020369191598
2021-01-11,PYPL.OQ,237.95,240.77,234.12,237.5,237.5,1598508,278276804637.5,1190000000.0,15.7704778156997,1172000000.0,0.88737,0.85798,1021000000.0,2020-09-30,5459000000.0,1172000000.0,20299000000.0,3142000000.0,2020-11-02,278350000000.0,13.712498152618355,15.05978466699125,0.06640201185557769,2.6808873720136517,88.59007001909612
2021-01-12,PYPL.OQ,237.62,238.8,233.85,237.64,237.64,1209330,278440841490.76,1190000000.0,15.7704778156997,1172000000.0,0.88737,0.85798,1021000000.0,2020-09-30,5459000000.0,1172000000.0,20299000000.0,3142000000.0,2020-11-02,278514080000.0,13.720581309424109,15.068662013742317,0.06636289267673666,2.6808873720136517,88.64229153405475
2021-01-13,PYPL.OQ,236.57,247.4,236.57,244.9,244.9,2043257,286947324024.1,1190000000.0,15.7704778156997,1172000000.0,0.88737,0.85798,1021000000.0,2020-09-30,5459000000.0,1172000000.0,20299000000.0,3142000000.0,2020-11-02,287022800000.0,14.13975072663678,15.529015852404873,0.06439558111759779,2.6808873720136517,91.3503500954806
2021-01-14,PYPL.OQ,246.85,249.85,241.54,242.06,242.06,2080952,283619719286.54,1190000000.0,15.7704778156997,1172000000.0,0.88737,0.85798,1021000000.0,2020-09-30,5459000000.0,1172000000.0,20299000000.0,3142000000.0,2020-11-02,283694320000.0,13.975778117148629,15.348932532597482,0.0651511105333376,2.6808873720136517,90.29099936346277
2021-01-15,PYPL.OQ,242.59,244.36,235.04,239.79,239.79,2907680,280959978880.11,1190000000.0,15.7704778156997,1172000000.0,0.88737,0.85798,1021000000.0,2020-09-30,5459000000.0,1172000000.0,20299000000.0,3142000000.0,2020-11-02,281033880000.0,13.84471550322676,15.204992695990871,0.06576787111931148,2.6808873720136517,89.44426479949077
2021-01-19,PYPL.OQ,243.3,248.74,241.16,247.25,247.25,2005150,289700799775.25,1190000000.0,15.7704778156997,1172000000.0,0.88737,0.85798,1021000000.0,2020-09-30,5459000000.0,1172000000.0,20299000000.0,3142000000.0,2020-11-02,289777000000.0,14.275432287304794,15.678028458583523,0.06378353009383093,2.6808873720136517,92.22692552514323
2021-01-20,PYPL.OQ,249.07,249.57,244.18,244.26,244.26,1948579,286197441266.339,1190000000.0,15.7704778156997,1172000000.0,0.88737,0.85798,1021000000.0,2020-09-30,5459000000.0,1172000000.0,20299000000.0,3142000000.0,2020-11-02,286272720000.0,14.10279915266762,15.488433695828558,0.06456430776917915,2.6808873720136517,91.11162316995545
2021-01-21,PYPL.OQ,246.67,250.35,243.59,248.64,248.64,3001296,291329451389.76,1190000000.0,15.7704778156997,1172000000.0,0.88737,0.85798,1021000000.0,2020-09-30,5459000000.0,1172000000.0,20299000000.0,3142000000.0,2020-11-02,291406080000.0,14.355686487019065,15.766167829897702,0.06342695389197113,2.6808873720136517,92.74541056651815
2021-01-22,PYPL.OQ,246.68,254.3,246.32,252.0,252.0,2375530,295266335868.0,1190000000.0,15.7704778156997,1172000000.0,0.88737,0.85798,1021000000.0,2020-09-30,5459000000.0,1172000000.0,20299000000.0,3142000000.0,2020-11-02,295344000000.0,14.54968225035716,15.979224151923347,0.0625812611734115,2.6808873720136517,93.99872692552515
2021-01-25,PYPL.OQ,253.99,254.33,242.22,247.75,247.75,2484276,290286645679.75,1190000000.0,15.7704778156997,1172000000.0,0.88737,0.85798,1021000000.0,2020-09-30,5459000000.0,1172000000.0,20299000000.0,3142000000.0,2020-11-02,290363000000.0,14.3043007044682,15.709733268408767,0.06365480450332876,2.6808873720136517,92.41343093570974
2021-01-26,PYPL.OQ,247.0,248.64,240.04,241.0,241.0,2131513,282377725969.0,1190000000.0,15.7704778156997,1172000000.0,0.88737,0.85798,1021000000.0,2020-09-30,5459000000.0,1172000000.0,20299000000.0,3142000000.0,2020-11-02,282452000000.0,13.914577072762205,15.281718335767964,0.065437667285061,2.6808873720136517,89.89560789306175
2021-01-27,PYPL.OQ,234.16,235.36,225.14,229.94,229.94,3928095,269418814561.46,1190000000.0,15.7704778156997,1172000000.0,0.88737,0.85798,1021000000.0,2020-09-30,5459000000.0,1172000000.0,20299000000.0,3142000000.0,2020-11-02,269489680000.0,13.276007685107642,14.580407942433549,0.06858518663868705,2.6808873720136517,85.77010821133037
2021-01-28,PYPL.OQ,235.13,241.52,232.28,237.79,237.79,2681739,278616595262.11,1190000000.0,15.7704778156997,1172000000.0,0.88737,0.85798,1021000000.0,2020-09-30,5459000000.0,1172000000.0,20299000000.0,3142000000.0,2020-11-02,278689880000.0,13.729241834573132,15.078173456689893,0.06632103038689474,2.6808873720136517,88.6982431572247
2021-01-29,PYPL.OQ,239.4,240.85,232.73,234.31,234.31,3413578,274418192325.6,1190000000.0,15.7704778156997,1172000000.0,0.88737,0.85798,1021000000.0,2020-09-30,5459000000.0,1172000000.0,20299000000.0,3142000000.0,2020-11-02,274611320000.0,13.528317651115819,14.857507980306188,0.06730603822158551,2.6808873720136517,87.40016549968173
2021-02-01,PYPL.OQ,238.48,244.1,235.47,241.85,241.85,2718573,283248857556.0,1190000000.0,15.7704778156997,1172000000.0,0.88737,0.85798,1021000000.0,2020-09-30,5459000000.0,1172000000.0,20299000000.0,3142000000.0,2020-11-02,283448200000.0,13.963653381939997,15.33561651247088,0.06520768168575439,2.6808873720136517,90.21266709102483
2021-02-02,PYPL.OQ,243.58,250.13,240.53,249.1,249.1,2490022,291739881816.0,1190000000.0,15.7704778156997,1172000000.0,0.88737,0.85798,1021000000.0,2020-09-30,5459000000.0,1172000000.0,20299000000.0,3142000000.0,2020-11-02,291945200000.0,14.3822454308094,15.795336254936927,0.06330982663869811,2.6808873720136517,92.91699554423934
2021-02-03,PYPL.OQ,253.96,253.96,247.49,251.9,251.9,3585409,295019173944.0,1190000000.0,17.0810580204778,1172000000.0,1.3734,1.31681,1567000000.0,2020-12-31,6116000000.0,1173000000.0,21454000000.0,4202000000.0,2021-02-03,295226800000.0,13.760921040365433,14.747330036465371,0.06780888455926082,3.5822676896845693,70.31858638743456
2021-02-04,PYPL.OQ,264.8,274.94,260.99,270.43,270.43,5832538,316721060776.8,1190000000.0,17.0810580204778,1172000000.0,1.3734,1.31681,1567000000.0,2020-12-31,6116000000.0,1173000000.0,21454000000.0,4202000000.0,2021-02-03,316943960000.0,14.773187284422486,15.832157450422113,0.06316258558768555,3.5822676896845693,75.49128748215136
2021-02-05,PYPL.OQ,269.11,270.0,264.77,269.44,269.44,2387382,315561596774.4,1190000000.0,17.0810580204778,1172000000.0,1.3734,1.31681,1567000000.0,2020-12-31,6116000000.0,1173000000.0,21454000000.0,4202000000.0,2021-02-03,315783680000.0,14.719105061993101,15.77419851141417,0.06339466308075194,3.5822676896845693,75.21492622560686
2021-02-08,PYPL.OQ,276.88,282.69,274.76,282.17,282.17,3260690,330470664199.2,1190000000.0,17.0810580204778,1172000000.0,1.3734,1.31681,1567000000.0,2020-12-31,6116000000.0,1173000000.0,21454000000.0,4202000000.0,2021-02-03,330703240000.0,15.41452596252447,16.51946850492034,0.0605346352215962,3.5822676896845693,78.76854117087102
2021-02-09,PYPL.OQ,280.38,286.87,276.79,284.2,284.2,2629320,332848150992.0,1190000000.0,17.0810580204778,1172000000.0,1.3734,1.31681,1567000000.0,2020-12-31,6116000000.0,1173000000.0,21454000000.0,4202000000.0,2021-02-03,333082400000.0,15.52542183275846,16.63831360207804,0.06010224497001338,3.5822676896845693,79.33522132317944
2021-02-10,PYPL.OQ,285.14,286.0,278.42,283.18,283.18,2732098,331653551716.8,1190000000.0,17.0810580204778,1172000000.0,1.3734,1.31681,1567000000.0,2020-12-31,6116000000.0,1173000000.0,21454000000.0,4202000000.0,2021-02-03,331886960000.0,15.469700755103943,16.57859833158501,0.06031873020862279,3.5822676896845693,79.05048548310329
2021-02-11,PYPL.OQ,287.33,302.02,281.66,285.03,285.03,5038150,333820226872.8,1190000000.0,17.0810580204778,1172000000.0,1.3734,1.31681,1567000000.0,2020-12-31,6116000000.0,1173000000.0,21454000000.0,4202000000.0,2021-02-03,334055159999.99994,15.570763493987132,16.686905439832174,0.05992722878461145,3.5822676896845693,79.5669181342218
2021-02-12,PYPL.OQ,292.77,299.34,289.35,298.37,298.37,3208141,349443711511.2,1190000000.0,17.0810580204778,1172000000.0,1.3734,1.31681,1567000000.0,2020-12-31,6116000000.0,1173000000.0,21454000000.0,4202000000.0,2021-02-03,349689640000.0,16.299507784096207,17.46788750686849,0.05724790702978785,3.5822676896845693,83.29081627796288
2021-02-16,PYPL.OQ,306.0,309.12,298.37,304.79,304.79,3762630,356962659890.4,1190000000.0,17.0810580204778,1172000000.0,1.3734,1.31681,1567000000.0,2020-12-31,6116000000.0,1173000000.0,21454000000.0,4202000000.0,2021-02-03,357213880000.0,16.650222802274634,17.843742444677574,0.05604205525272417,3.5822676896845693,85.08297715373632
2021-02-17,PYPL.OQ,298.0,301.5,290.6,297.2,297.2,2975592,348073435872.0,1190000000.0,17.0810580204778,1172000000.0,1.3734,1.31681,1567000000.0,2020-12-31,6116000000.0,1173000000.0,21454000000.0,4202000000.0,2021-02-03,348318400000.0,16.235592430316025,17.399390578950012,0.05747327732327659,3.5822676896845693,82.96420752022847
2021-02-18,PYPL.OQ,291.13,292.95,285.04,290.81,290.81,3075774,340589622765.6,1190000000.0,17.0810580204778,1172000000.0,1.3734,1.31681,1567000000.0,2020-12-31,6116000000.0,1173000000.0,21454000000.0,4202000000.0,2021-02-03,340829320000.0,15.88651626736273,17.025291972626018,0.058736143944423516,3.5822676896845693,81.18042122798667
2021-02-19,PYPL.OQ,292.15,293.94,285.46,286.92,286.92,3188586,336033749059.2,1190000000.0,17.0810580204778,1172000000.0,1.3734,1.31681,1567000000.0,2020-12-31,6116000000.0,1173000000.0,21454000000.0,4202000000.0,2021-02-03,336270240000.0,15.674011373170504,16.79755432339279,0.05953247602285585,3.5822676896845693,80.09451689671586
2021-02-22,PYPL.OQ,281.06,284.48,273.29,273.85,273.85,4433205,320726481876.0,1190000000.0,17.0810580204778,1172000000.0,1.3734,1.31681,1567000000.0,2020-12-31,6116000000.0,1173000000.0,21454000000.0,4202000000.0,2021-02-03,320952200000.0,14.96001678008763,16.032379239722278,0.062373774038626255,3.5822676896845693,76.44599000475965
2021-02-23,PYPL.OQ,258.51,267.25,252.58,265.0,265.0,6684126,310361576400.0,1190000000.0,17.0810580204778,1172000000.0,1.3734,1.31681,1567000000.0,2020-12-31,6116000000.0,1173000000.0,21454000000.0,4202000000.0,2021-02-03,310580000000.0,14.476554488673441,15.514261451620973,0.06445682271878415,3.5822676896845693,73.97548786292242
2021-02-24,PYPL.OQ,266.33,268.6,259.11,266.07,266.07,3686222,311614734463.2,1190000000.0,17.0810580204778,1172000000.0,1.3734,1.31681,1567000000.0,2020-12-31,6116000000.0,1173000000.0,21454000000.0,4202000000.0,2021-02-03,311834040000.0,14.53500699170318,15.57690394125582,0.06419760972855941,3.5822676896845693,74.27418134221799
2021-02-25,PYPL.OQ,262.89,265.8,251.47,253.94,253.94,4391964,297408372494.4,1190000000.0,17.0810580204778,1172000000.0,1.3734,1.31681,1567000000.0,2020-12-31,6116000000.0,1173000000.0,21454000000.0,4202000000.0,2021-02-03,297617680000.0,13.872363195674467,14.866760577451434,0.06726414909221785,3.5822676896845693,70.88805806758687
2021-02-26,PYPL.OQ,257.77,261.74,253.22,259.85,259.85,4075395,304330021236.0,1190000000.0,17.0810580204778,1172000000.0,1.3734,1.31681,1567000000.0,2020-12-31,6116000000.0,1173000000.0,21454000000.0,4202000000.0,2021-02-03,304544200000.0,14.195217675025637,15.212757880014001,0.06573430063682047,3.5822676896845693,72.53785102332223
2021-03-01,PYPL.OQ,268.49,274.52,265.72,273.63,273.63,3531357,320468823208.8,1190000000.0,17.0810580204778,1172000000.0,1.3734,1.31681,1567000000.0,2020-12-31,6116000000.0,1173000000.0,21454000000.0,4202000000.0,2021-02-03,320694360000.0,14.947998508436655,16.01949947549829,0.06242392289031832,3.5822676896845693,76.38457639219419
2021-03-02,PYPL.OQ,275.68,277.5,268.91,269.19,269.19,2837579,315268802834.4,1190000000.0,17.0810580204778,1172000000.0,1.3734,1.31681,1567000000.0,2020-12-31,6116000000.0,1173000000.0,21454000000.0,4202000000.0,2021-02-03,315490680000.0,14.705447935116995,15.759562415705094,0.06345353846902857,3.5822676896845693,75.14513802950977
2021-03-03,PYPL.OQ,265.08,267.63,253.26,255.06,255.06,3269840,298720089345.6,1190000000.0,17.0810580204778,1172000000.0,1.3734,1.31681,1567000000.0,2020-12-31,6116000000.0,1173000000.0,21454000000.0,4202000000.0,2021-02-03,298930320000.0,13.933547124079425,14.932330286228096,0.06696878389585902,3.5822676896845693,71.20070918610186
2021-03-04,PYPL.OQ,251.64,254.8,232.27,239.07,239.07,6056999,279992988943.2,1190000000.0,17.0810580204778,1172000000.0,1.3734,1.31681,1567000000.0,2020-12-31,6116000000.0,1173000000.0,21454000000.0,4202000000.0,2021-02-03,280190040000.0,13.06003728908362,13.99620560467557,0.07144793583669135,3.5822676896845693,66.73705616373155
2021-03-05,PYPL.OQ,243.12,243.59,223.2,239.05,239.05,5018557,279969565428.0,1190000000.0,17.0810580204778,1172000000.0,1.3734,1.31681,1567000000.0,2020-12-31,6116000000.0,1173000000.0,21454000000.0,4202000000.0,2021-02-03,280166600000.0,13.058944718933532,13.995034717018845,0.07145391349290023,3.5822676896845693,66.7314731080438
2021-03-08,PYPL.OQ,239.22,241.19,225.65,226.09,226.09,4278269,264791127578.4,1190000000.0,17.0810580204778,1172000000.0,1.3734,1.31681,1567000000.0,2020-12-31,6116000000.0,1173000000.0,21454000000.0,4202000000.0,2021-02-03,264977480000.0,12.350959261676143,13.236299515460324,0.0755498165353523,3.5822676896845693,63.1136530223703
2021-03-09,PYPL.OQ,241.04,244.43,236.1,241.76,241.76,3680261,283143451737.6,1190000000.0,17.0810580204778,1172000000.0,1.3734,1.31681,1567000000.0,2020-12-31,6116000000.0,1173000000.0,21454000000.0,4202000000.0,2021-02-03,283342720000.0,13.206987974270533,14.153689994505232,0.07065295342686052,3.5822676896845693,67.48797715373631
2021-03-10,PYPL.OQ,249.31,249.96,241.27,242.07,242.07,2765439,283506516223.2,1190000000.0,17.0810580204778,1172000000.0,1.3734,1.31681,1567000000.0,2020-12-31,6116000000.0,1173000000.0,21454000000.0,4202000000.0,2021-02-03,283706040000.0,13.223922811596905,14.171838753184486,0.070562473749237,3.5822676896845693,67.57451451689671
2021-03-11,PYPL.OQ,248.54,254.92,246.64,253.83,253.83,2857541,297279543160.8,1190000000.0,17.0810580204778,1172000000.0,1.3734,1.31681,1567000000.0,2020-12-31,6116000000.0,1173000000.0,21454000000.0,4202000000.0,2021-02-03,297488760000.0,13.866354059848979,14.860320695339441,0.06729329874513572,3.5822676896845693,70.85735126130415
2021-03-12,PYPL.OQ,248.93,251.44,244.44,250.35,250.35,2712563,293203851516.0,1190000000.0,17.0810580204778,1172000000.0,1.3734,1.31681,1567000000.0,2020-12-31,6116000000.0,1173000000.0,21454000000.0,4202000000.0,2021-02-03,293410200000.0,13.67624685373357,14.656586243069096,0.06822871188527183,3.5822676896845693,69.88589957163256
2021-03-15,PYPL.OQ,251.43,251.94,246.83,249.98,249.98,2093983,292770516484.8,1190000000.0,17.0810580204778,1172000000.0,1.3734,1.31681,1567000000.0,2020-12-31,6116000000.0,1173000000.0,21454000000.0,4202000000.0,2021-02-03,292976560000.0,13.656034305956931,14.634924821419663,0.06832969845778783,3.5822676896845693,69.78261304140885
2021-03-16,PYPL.OQ,253.42,254.75,247.55,249.31,249.31,2078667,291985828725.6,1190000000.0,17.0810580204778,1172000000.0,1.3734,1.31681,1567000000.0,2020-12-31,6116000000.0,1173000000.0,21454000000.0,4202000000.0,2021-02-03,292191320000.0,13.619433205928964,14.59570008491934,0.06851332886959127,3.5822676896845693,69.59558067586863
2021-03-17,PYPL.OQ,245.44,254.43,242.93,251.47,251.47,2038348,294515568367.2,1190000000.0,17.0810580204778,1172000000.0,1.3734,1.31681,1567000000.0,2020-12-31,6116000000.0,1173000000.0,21454000000.0,4202000000.0,2021-02-03,294722840000.0,13.73743078213853,14.722155951845759,0.0679248340576522,3.5822676896845693,70.19855069014756
2021-03-18,PYPL.OQ,246.02,247.27,237.86,238.41,238.41,3080063,279220012941.6,1190000000.0,17.0810580204778,1172000000.0,1.3734,1.31681,1567000000.0,2020-12-31,6116000000.0,1173000000.0,21454000000.0,4202000000.0,2021-02-03,279416520000.0,13.023982474130698,13.957566312003609,0.07164572803354642,3.5822676896845693,66.55281532603523
2021-03-19,PYPL.OQ,240.25,243.14,237.13,241.28,241.28,4595759,282581287372.8,1190000000.0,17.0810580204778,1172000000.0,1.3734,1.31681,1567000000.0,2020-12-31,6116000000.0,1173000000.0,21454000000.0,4202000000.0,2021-02-03,282780160000.0,13.180766290668407,14.125588690743806,0.07079350970025614,3.5822676896845693,67.35398381722989
2021-03-22,PYPL.OQ,242.21,246.87,240.85,244.385,244.385,1951692,286217788107.6,1190000000.0,17.0810580204778,1172000000.0,1.3734,1.31681,1567000000.0,2020-12-31,6116000000.0,1173000000.0,21454000000.0,4202000000.0,2021-02-03,286419220000.0,13.350387806469657,14.307368999450533,0.06989405250108559,3.5822676896845693,68.22075321275584
2021-03-23,PYPL.OQ,245.16,246.81,242.25,243.77,243.77,1646729,285497515015.2,1190000000.0,17.0810580204778,1172000000.0,1.3734,1.31681,1567000000.0,2020-12-31,6116000000.0,1173000000.0,21454000000.0,4202000000.0,2021-02-03,285698440000.0,13.316791274354433,14.271364204006206,0.07007038610361326,3.5822676896845693,68.04907425035698
2021-03-24,PYPL.OQ,244.91,244.91,233.76,234.27,234.27,2015286,274371345295.2,1190000000.0,17.0810580204778,1172000000.0,1.3734,1.31681,1567000000.0,2020-12-31,6116000000.0,1173000000.0,21454000000.0,4202000000.0,2021-02-03,274564440000.0,12.797820453062366,13.715192567061305,0.07291184539410851,3.5822676896845693,65.39712279866731
2021-03-25,PYPL.OQ,232.31,235.29,227.56,234.24,234.24,3434969,274336210022.4,1190000000.0,17.0810580204778,1172000000.0,1.3734,1.31681,1567000000.0,2020-12-31,6116000000.0,1173000000.0,21454000000.0,4202000000.0,2021-02-03,274529280000.0,12.796181597837233,13.713436235576214,0.07292118348906165,3.5822676896845693,65.38874821513565
2021-03-26,PYPL.OQ,233.415,241.31,232.3,241.03,241.03,3257658,282288493432.8,1190000000.0,17.0810580204778,1172000000.0,1.3734,1.31681,1567000000.0,2020-12-31,6116000000.0,1173000000.0,21454000000.0,4202000000.0,2021-02-03,282487160000.0,13.1671091637923,14.110952595034728,0.07086693781055388,3.5822676896845693,67.2841956211328
2021-03-29,PYPL.OQ,241.6,243.2,233.65,235.67,235.67,2510592,276010991359.2,1190000000.0,17.0810580204778,1172000000.0,1.3734,1.31681,1567000000.0,2020-12-31,6116000000.0,1173000000.0,21454000000.0,4202000000.0,2021-02-03,276205240000.0,12.874300363568565,13.797154703032131,0.07247871184485849,3.5822676896845693,65.78793669681104
2021-03-30,PYPL.OQ,237.0,237.65,232.7,236.54,236.54,1947425,277759770267.399,1190000000.0,17.0810580204778,1172000000.0,1.3734,1.31681,1567000000.0,2020-12-31,6116000000.0,1173000000.0,21454000000.0,4202000000.0,2021-02-03,277224880000.0,12.921827165097417,13.848088316099716,0.07221213334099012,3.5822676896845693,66.03079961922894
2021-03-31,PYPL.OQ,238.11,245.22,237.31,242.84,242.84,2953427,285157616520.4,1190000000.0,17.0810580204778,1172000000.0,1.3734,1.31681,1567000000.0,2020-12-31,6116000000.0,1173000000.0,21454000000.0,4202000000.0,2021-02-03,284608480000.0,13.265986762375315,14.216917927968442,0.07033873340667847,3.5822676896845693,67.78946216087577
2021-04-01,PYPL.OQ,248.32,252.63,246.05,247.54,247.54,2083989,290676644677.399,1190000000.0,17.0810580204778,1172000000.0,1.3734,1.31681,1567000000.0,2020-12-31,6116000000.0,1173000000.0,21454000000.0,4202000000.0,2021-02-03,290116880000.0,13.522740747646127,14.492076527299078,0.06900322380414398,3.5822676896845693,69.10148024750119
2021-04-05,PYPL.OQ,250.34,251.75,245.7,251.02,251.02,1937911,294763074036.2,1190000000.0,17.0810580204778,1172000000.0,1.3734,1.31681,1567000000.0,2020-12-31,6116000000.0,1173000000.0,21454000000.0,4202000000.0,2021-02-03,294195440000.0,13.712847953761536,14.695810979569423,0.06804660194597163,3.5822676896845693,70.07293193717278
2021-04-06,PYPL.OQ,251.79,254.99,249.5,253.19,253.19,1917482,297311221078.9,1190000000.0,17.0810580204778,1172000000.0,1.3734,1.31681,1567000000.0,2020-12-31,6116000000.0,1173000000.0,21454000000.0,4202000000.0,2021-02-03,296738680000.0,13.831391815046146,14.822852290324205,0.06746339910927683,3.5822676896845693,70.67869347929557
2021-04-07,PYPL.OQ,253.25,259.22,251.09,255.6,255.6,2159844,300141190836.0,1190000000.0,17.0810580204778,1172000000.0,1.3734,1.31681,1567000000.0,2020-12-31,6116000000.0,1173000000.0,21454000000.0,4202000000.0,2021-02-03,299563200000.0,13.963046518131817,14.9639442529597,0.06682730054960016,3.5822676896845693,71.35145168967159
2021-04-08,PYPL.OQ,260.16,265.0,258.19,264.5,264.5,2873503,310592116495.0,1190000000.0,17.0810580204778,1172000000.0,1.3734,1.31681,1567000000.0,2020-12-31,6116000000.0,1173000000.0,21454000000.0,4202000000.0,2021-02-03,309994000000.0,14.449240234921227,15.48498926020282,0.06457866926456636,3.5822676896845693,73.83591147072823
2021-04-09,PYPL.OQ,263.19,266.94,261.38,266.77,266.77,2205176,313257689668.699,1190000000.0,17.0810580204778,1172000000.0,1.3734,1.31681,1567000000.0,2020-12-31,6116000000.0,1173000000.0,21454000000.0,4202000000.0,2021-02-03,312654440000.0,14.573246946956278,15.617885009241233,0.06402915627873375,3.5822676896845693,74.46958829128987
2021-04-12,PYPL.OQ,265.39,270.29,262.6,269.03,269.03,2455080,315911520229.3,1190000000.0,17.0810580204778,1172000000.0,1.3734,1.31681,1567000000.0,2020-12-31,6116000000.0,1173000000.0,21454000000.0,4202000000.0,2021-02-03,315303159999.99994,14.696707373916283,15.750195314451283,0.06349127614198344,3.5822676896845693,75.10047358400762
2021-04-13,PYPL.OQ,271.0,276.86,271.0,275.43,275.43,2506012,323426792613.3,1190000000.0,17.0810580204778,1172000000.0,1.3734,1.31681,1567000000.0,2020-12-31,6116000000.0,1173000000.0,21454000000.0,4202000000.0,2021-02-03,322803960000.0,15.046329821944626,16.12487936460364,0.062015967833851805,3.5822676896845693,76.8870514040933
2021-04-14,PYPL.OQ,275.84,277.86,266.21,267.21,267.21,2698520,313774364645.1,1190000000.0,17.0810580204778,1172000000.0,1.3734,1.31681,1567000000.0,2020-12-31,6116000000.0,1173000000.0,21454000000.0,4202000000.0,2021-02-03,313170120000.0,14.597283490258226,15.643644537689207,0.0639237229911972,3.5822676896845693,74.59241551642074
2021-04-15,PYPL.OQ,271.36,276.12,270.3,274.0,274.0,2520952,321747598940.0,1190000000.0,17.0810580204778,1172000000.0,1.3734,1.31681,1567000000.0,2020-12-31,6116000000.0,1173000000.0,21454000000.0,4202000000.0,2021-02-03,321128000000.0,14.968211056213294,16.041160897147723,0.062339627811962776,3.5822676896845693,76.4878629224179
2021-04-16,PYPL.OQ,273.77,274.01,268.63,269.87,269.87,2213467,316897899729.7,1190000000.0,17.0810580204778,1172000000.0,1.3734,1.31681,1567000000.0,2020-12-31,6116000000.0,1173000000.0,21454000000.0,4202000000.0,2021-02-03,316287640000.0,14.742595320220005,15.799372596033782,0.06329365257523178,3.5822676896845693,75.33496192289387
2021-04-19,PYPL.OQ,267.13,268.48,263.92,267.91,267.91,1728055,314596347562.1,1190000000.0,17.0810580204778,1172000000.0,1.3734,1.31681,1567000000.0,2020-12-31,6116000000.0,1173000000.0,21454000000.0,4202000000.0,2021-02-03,313990520000.0,14.635523445511327,15.684625605674624,0.06375670195393154,3.5822676896845693,74.78782246549264
2021-04-20,PYPL.OQ,269.62,272.58,262.24,264.43,264.43,1796129,310509918203.3,1190000000.0,17.0810580204778,1172000000.0,1.3734,1.31681,1567000000.0,2020-12-31,6116000000.0,1173000000.0,21454000000.0,4202000000.0,2021-02-03,309911960000.0,14.445416239395916,15.48089115340428,0.06459576455197141,3.5822676896845693,73.81637077582104
2021-04-21,PYPL.OQ,261.41,265.95,259.4,264.89,264.89,1720416,311050078405.899,1190000000.0,17.0810580204778,1172000000.0,1.3734,1.31681,1567000000.0,2020-12-31,6116000000.0,1173000000.0,21454000000.0,4202000000.0,2021-02-03,310451080000.0,14.470545352847953,15.507821569508978,0.06448358949178075,3.5822676896845693,73.9447810566397
2021-04-22,PYPL.OQ,265.13,268.16,259.4,262.27,262.27,2120287,307973513773.699,1190000000.0,17.0810580204778,1172000000.0,1.3734,1.31681,1567000000.0,2020-12-31,6116000000.0,1173000000.0,21454000000.0,4202000000.0,2021-02-03,307380440000.0,14.327418663186352,15.354435286477857,0.06512776154526939,3.5822676896845693,73.21340076154212
2021-04-23,PYPL.OQ,260.97,267.78,260.97,266.03,266.03,2222406,312388736299.3,1190000000.0,17.0810580204778,1172000000.0,1.3734,1.31681,1567000000.0,2020-12-31,6116000000.0,1173000000.0,21454000000.0,4202000000.0,2021-02-03,311787159999.99994,14.532821851402998,15.574562165942366,0.06420726241580951,3.5822676896845693,74.26301523084246
2021-04-26,PYPL.OQ,266.66,271.74,266.0,271.72,271.72,2039981,319070283153.2,1190000000.0,17.0810580204778,1172000000.0,1.3734,1.31681,1567000000.0,2020-12-31,6116000000.0,1173000000.0,21454000000.0,4202000000.0,2021-02-03,318455840000.00006,14.8436580591032,15.907679704280948,0.06286271905077948,3.5822676896845693,75.85139457401239
2021-04-27,PYPL.OQ,272.05,273.79,268.05,268.82,268.82,1507480,315664925354.2,1190000000.0,17.0810580204778,1172000000.0,1.3734,1.31681,1567000000.0,2020-12-31,6116000000.0,1173000000.0,21454000000.0,4202000000.0,2021-02-03,315057040000.0,14.685235387340356,15.73790099405566,0.0635408750110773,3.5822676896845693,75.04185149928605
2021-04-28,PYPL.OQ,268.82,275.24,267.2,271.09,271.09,1960347,318330498527.899,1190000000.0,17.0810580204778,1172000000.0,1.3734,1.31681,1567000000.0,2020-12-31,6116000000.0,1173000000.0,21454000000.0,4202000000.0,2021-02-03,317717480000.0,14.809242099375409,15.870796743094072,0.06300880895819766,3.5822676896845693,75.67552831984769
2021-04-29,PYPL.OQ,273.26,273.8,263.57,267.85,267.85,2145032,314525891883.5,1190000000.0,17.0810580204778,1172000000.0,1.3734,1.31681,1567000000.0,2020-12-31,6116000000.0,1173000000.0,21454000000.0,4202000000.0,2021-02-03,313920200000.0,14.63224573506106,15.681112942704445,0.06377098383601941,3.5822676896845693,74.77107329842933
2021-04-30,PYPL.OQ,265.0,266.13,261.65,262.29,262.29,2183195,308119421283.66,1190000000.0,17.0810580204778,1172000000.0,1.3734,1.31681,1567000000.0,2020-12-31,6116000000.0,1173000000.0,21454000000.0,4202000000.0,2021-02-03,307403880000.0,14.32851123333644,15.355606174134586,0.0651227954572336,3.5822676896845693,73.2189838172299
2021-05-03,PYPL.OQ,265.16,265.8,256.24,259.09,259.09,2316533,304360291510.86,1190000000.0,17.0810580204778,1172000000.0,1.3734,1.31681,1567000000.0,2020-12-31,6116000000.0,1173000000.0,21454000000.0,4202000000.0,2021-02-03,303653480000.0,14.153700009322272,15.168264149058405,0.06592712192858777,3.5822676896845693,72.32569490718706
2021-05-04,PYPL.OQ,255.73,256.72,246.68,250.16,250.16,2900987,293869969988.64,1190000000.0,17.0810580204778,1172000000.0,1.3734,1.31681,1567000000.0,2020-12-31,6116000000.0,1173000000.0,21454000000.0,4202000000.0,2021-02-03,293187520000.0,13.665867437307728,14.645462810330198,0.06828053254108492,3.5822676896845693,69.83286054259877
2021-05-05,PYPL.OQ,254.92,254.92,246.25,247.4,247.4,3178089,290627720559.6,1190000000.0,16.5596252129472,1174000000.0,0.98465,0.92185,1097000000.0,2021-03-31,6033000000.0,1173000000.0,22869000000.0,5215000000.0,2021-05-05,290447600000.0,12.700494118675937,14.939951648577738,0.06693462090924494,4.445865302642797,55.64720997123681
2021-05-06,PYPL.OQ,255.8,256.29,245.19,252.02,252.02,4973063,296054964169.08,1190000000.0,16.5596252129472,1174000000.0,0.98465,0.92185,1097000000.0,2021-03-31,6033000000.0,1173000000.0,22869000000.0,5215000000.0,2021-05-05,295871480000.0,12.937665835847653,15.218943469986103,0.06570758357649074,4.445865302642797,56.686377756471714
2021-05-07,PYPL.OQ,255.7,258.63,251.7,253.36,253.36,3101595,297629099761.44,1190000000.0,16.5596252129472,1174000000.0,0.98465,0.92185,1097000000.0,2021-03-31,6033000000.0,1173000000.0,22869000000.0,5215000000.0,2021-05-05,297444640000.0,13.006455901001356,15.299863175762555,0.06536006162356804,4.445865302642797,56.98778139980824
2021-05-10,PYPL.OQ,252.06,252.26,243.46,243.63,243.63,3207459,286198995796.02,1190000000.0,16.5596252129472,1174000000.0,0.98465,0.92185,1097000000.0,2021-03-31,6033000000.0,1173000000.0,22869000000.0,5215000000.0,2021-05-05,286021620000.0,12.506957890594254,14.712289491281302,0.06797038629457457,4.445865302642797,54.79923106423777
2021-05-11,PYPL.OQ,234.91,250.49,233.63,248.6,248.6,3053497,292037394224.399,1190000000.0,16.5596252129472,1174000000.0,0.98465,0.92185,1097000000.0,2021-03-31,6033000000.0,1173000000.0,22869000000.0,5215000000.0,2021-05-05,291856400000.0,12.762097162097161,15.012417056735755,0.06661152539399517,4.445865302642797,55.917123681687436
2021-05-12,PYPL.OQ,240.6,246.5,238.82,239.91,239.91,3056662,281829007435.14,1190000000.0,16.5596252129472,1174000000.0,0.98465,0.92185,1097000000.0,2021-03-31,6033000000.0,1173000000.0,22869000000.0,5215000000.0,2021-05-05,281654340000.0,12.315988455988457,14.487646725991452,0.06902432250822059,4.445865302642797,53.96249856184084
2021-05-13,PYPL.OQ,242.11,245.59,237.8,240.8,240.8,2509394,282874515403.2,1190000000.0,16.5596252129472,1174000000.0,0.98465,0.92185,1097000000.0,2021-03-31,6033000000.0,1173000000.0,22869000000.0,5215000000.0,2021-05-05,282699200000.0,12.361677379859199,14.541391903708648,0.06876920769496345,4.445865302642797,54.16268456375839
2021-05-14,PYPL.OQ,243.66,247.09,242.27,246.29,246.29,2031789,289323772419.66,1190000000.0,16.5596252129472,1174000000.0,0.98465,0.92185,1097000000.0,2021-03-31,6033000000.0,1173000000.0,22869000000.0,5215000000.0,2021-05-05,289144460000.0,12.643511303511303,14.872921146031572,0.06723628735615413,4.445865302642797,55.39753978906999
2021-05-17,PYPL.OQ,245.06,246.24,240.6,244.36,244.36,1939313,287056547275.44,1190000000.0,16.5596252129472,1174000000.0,0.98465,0.92185,1097000000.0,2021-03-31,6033000000.0,1173000000.0,22869000000.0,5215000000.0,2021-05-05,286878640000.0,12.544433075342166,14.756372614577431,0.06776733185851694,4.445865302642797,54.96342857142857
2021-05-18,PYPL.OQ,243.5,247.41,242.74,243.21,243.21,1790663,285705610013.34,1190000000.0,16.5596252129472,1174000000.0,0.98465,0.92185,1097000000.0,2021-03-31,6033000000.0,1173000000.0,22869000000.0,5215000000.0,2021-05-05,285528540000.0,12.485396825396826,14.686926598425998,0.06808776453660294,4.445865302642797,54.70476126558005
2021-05-19,PYPL.OQ,235.35,245.3,235.11,244.63,244.63,2409447,287373723850.02,1190000000.0,16.5596252129472,1174000000.0,0.98465,0.92185,1097000000.0,2021-03-31,6033000000.0,1173000000.0,22869000000.0,5215000000.0,2021-05-05,287195620000.0,12.558293760111942,14.772677331412984,0.06769253653659485,4.445865302642797,55.02415915627996
2021-05-20,PYPL.OQ,246.42,252.925,245.35,251.54,251.54,2333438,295491094703.16,1190000000.0,16.5596252129472,1174000000.0,0.98465,0.92185,1097000000.0,2021-03-31,6033000000.0,1173000000.0,22869000000.0,5215000000.0,2021-05-05,295307960000.0,12.913024618479163,15.189957306722896,0.06583296975807904,4.445865302642797,56.57841227229146
2021-05-21,PYPL.OQ,253.64,255.21,250.41,250.69,250.69,2148757,294492575857.26,1190000000.0,16.5596252129472,1174000000.0,0.98465,0.92185,1097000000.0,2021-03-31,6033000000.0,1173000000.0,22869000000.0,5215000000.0,2021-05-05,294310060000.0,12.869389129389129,15.138627642610967,0.06605618577903866,4.445865302642797,56.3872233940556
2021-05-24,PYPL.OQ,253.97,257.59,252.5,257.17,257.17,2150863,302104813647.18,1190000000.0,16.5596252129472,1174000000.0,0.98465,0.92185,1097000000.0,2021-03-31,6033000000.0,1173000000.0,22869000000.0,5215000000.0,2021-05-05,301917580000.0,13.202045563863745,15.529940846664257,0.0643917455883159,4.445865302642797,57.844757430488976
2021-05-25,PYPL.OQ,258.5,260.37,257.35,258.65,258.65,1903140,303843411167.1,1190000000.0,16.5596252129472,1174000000.0,0.98465,0.92185,1097000000.0,2021-03-31,6033000000.0,1173000000.0,22869000000.0,5215000000.0,2021-05-05,303655100000.0,13.278022650749923,15.619314850059142,0.06402329484997951,4.445865302642797,58.1776510067114
2021-05-26,PYPL.OQ,259.78,262.31,259.21,261.37,261.37,1739590,307038671473.98,1190000000.0,16.5596252129472,1174000000.0,0.98465,0.92185,1097000000.0,2021-03-31,6033000000.0,1173000000.0,22869000000.0,5215000000.0,2021-05-05,306848380000.0,13.417656215838035,15.783569775217314,0.06335702342635803,4.445865302642797,58.78945541706615
2021-05-27,PYPL.OQ,259.86,260.46,256.28,259.47,259.47,2624809,304806688171.38,1190000000.0,16.5596252129472,1174000000.0,0.98465,0.92185,1097000000.0,2021-03-31,6033000000.0,1173000000.0,22869000000.0,5215000000.0,2021-05-05,304617780000.00006,13.32011806375443,15.668832878967123,0.06382096278162099,4.445865302642797,58.362092042186006
2021-05-28,PYPL.OQ,261.07,263.15,259.89,260.02,260.02,1588283,305452788601.079,1190000000.0,16.5596252129472,1174000000.0,0.98465,0.92185,1097000000.0,2021-03-31,6033000000.0,1173000000.0,22869000000.0,5215000000.0,2021-05-05,305263480000.0,13.348352791989155,15.702046191039544,0.06368596728308284,4.445865302642797,58.4858024928092
2021-06-01,PYPL.OQ,261.08,263.41,256.52,259.27,259.27,2003458,304571742560.579,1190000000.0,16.5596252129472,1174000000.0,0.98465,0.92185,1097000000.0,2021-03-31,6033000000.0,1173000000.0,22869000000.0,5215000000.0,2021-05-05,304382980000.0,13.30985088985089,15.656755310940785,0.06387019405618545,4.445865302642797,58.31710642377756
2021-06-02,PYPL.OQ,260.48,264.73,259.58,262.17,262.17,2009613,307978453917.18,1190000000.0,16.5596252129472,1174000000.0,0.98465,0.92185,1097000000.0,2021-03-31,6033000000.0,1173000000.0,22869000000.0,5215000000.0,2021-05-05,307787580000.0,13.458724911452185,15.83188004732266,0.0631636923101316,4.445865302642797,58.9693978906999
2021-06-03,PYPL.OQ,258.5,260.94,256.15,257.79,257.79,1695223,302833145040.66,1190000000.0,16.5596252129472,1174000000.0,0.98465,0.92185,1097000000.0,2021-03-31,6033000000.0,1173000000.0,22869000000.0,5215000000.0,2021-05-05,302645460000.0,13.233873802964712,15.567381307545899,0.06423687968093099,4.445865302642797,57.98421284755513
2021-06-04,PYPL.OQ,259.21,263.44,259.15,263.04,263.04,1428747,309000467324.16,1190000000.0,16.5596252129472,1174000000.0,0.98465,0.92185,1097000000.0,2021-03-31,6033000000.0,1173000000.0,22869000000.0,5215000000.0,2021-05-05,308808960000.0,13.503387117932572,15.884417468237222,0.06295477955043795,4.445865302642797,59.165085330776606
2021-06-07,PYPL.OQ,262.1,262.81,260.25,260.6,260.6,1347576,306134130872.4,1190000000.0,16.5596252129472,1174000000.0,0.98465,0.92185,1097000000.0,2021-03-31,6033000000.0,1173000000.0,22869000000.0,5215000000.0,2021-05-05,305944400000.0,13.378127596309415,15.73707113831592,0.06354422568283653,4.445865302642797,58.61626078619367
2021-06-08,PYPL.OQ,262.07,264.54,260.565,263.15,263.15,1570204,309129687410.1,1190000000.0,16.5596252129472,1174000000.0,0.98465,0.92185,1097000000.0,2021-03-31,6033000000.0,1173000000.0,22869000000.0,5215000000.0,2021-05-05,308938100000.0,13.509034063579518,15.891060130651704,0.06292846366310925,4.445865302642797,59.18982742090124
2021-06-09,PYPL.OQ,265.0,268.15,263.28,263.6,263.6,1488036,309658315034.4,1190000000.0,16.5596252129472,1174000000.0,0.98465,0.92185,1097000000.0,2021-03-31,6033000000.0,1173000000.0,22869000000.0,5215000000.0,2021-05-05,309466400000.0,13.532135204862477,15.918234658710963,0.06282103646793323,4.445865302642797,59.29104506232023
2021-06-10,PYPL.OQ,263.07,269.65,261.8,269.47,269.47,1971339,316553968711.38,1190000000.0,16.5596252129472,1174000000.0,0.98465,0.92185,1097000000.0,2021-03-31,6033000000.0,1173000000.0,22869000000.0,5215000000.0,2021-05-05,316357780000.00006,13.833476758931306,16.27271128028393,0.06145257436058632,4.445865302642797,60.61137296260787
2021-06-11,PYPL.OQ,268.75,271.86,268.4,271.45,271.45,1718568,318879930258.3,1190000000.0,16.5596252129472,1174000000.0,0.98465,0.92185,1097000000.0,2021-03-31,6033000000.0,1173000000.0,22869000000.0,5215000000.0,2021-05-05,318682300000.0,13.935121780576326,16.392279203744653,0.061004329390116775,4.445865302642797,61.05673058485139
2021-06-14,PYPL.OQ,271.86,274.97,270.82,274.93,274.93,1681637,322967983886.22,1190000000.0,16.5596252129472,1174000000.0,0.98465,0.92185,1097000000.0,2021-03-31,6033000000.0,1173000000.0,22869000000.0,5215000000.0,2021-05-05,322767820000.0,14.11377060649788,16.6024288874029,0.06023215077636925,4.445865302642797,61.839480345158194
2021-06-15,PYPL.OQ,274.73,274.73,270.69,271.89,271.89,1957515,319396810602.06,1190000000.0,16.5596252129472,1174000000.0,0.98465,0.92185,1097000000.0,2021-03-31,6033000000.0,1173000000.0,22869000000.0,5215000000.0,2021-05-05,319198860000.0,13.957709563164109,16.41884985340259,0.06090560599119939,4.445865302642797,61.15569894534995
2021-06-16,PYPL.OQ,272.12,275.13,265.4,268.82,268.82,2369627,315790395476.279,1190000000.0,16.5596252129472,1174000000.0,0.98465,0.92185,1097000000.0,2021-03-31,6033000000.0,1173000000.0,22869000000.0,5215000000.0,2021-05-05,315594680000.0,13.800108443744808,16.23345918419833,0.061601165140046134,4.445865302642797,60.465169702780436
2021-06-17,PYPL.OQ,268.5,279.33,268.47,278.11,278.11,2756091,326703619097.94,1190000000.0,16.5596252129472,1174000000.0,0.98465,0.92185,1097000000.0,2021-03-31,6033000000.0,1173000000.0,22869000000.0,5215000000.0,2021-05-05,326501140000.0,14.277018671564127,16.794462219021646,0.05954343681617776,4.445865302642797,62.554751677852344
2021-06-18,PYPL.OQ,275.3,286.3,274.87,283.38,283.38,4939355,332894435942.52,1190000000.0,16.5596252129472,1174000000.0,0.98465,0.92185,1097000000.0,2021-03-31,6033000000.0,1173000000.0,22869000000.0,5215000000.0,2021-05-05,332688120000.0,14.54755870392234,17.112706136515598,0.05843611127442728,4.445865302642797,63.74012272291466
2021-06-21,PYPL.OQ,282.42,284.24,276.74,283.1,283.1,2284808,332565512087.4,1190000000.0,16.5596252129472,1174000000.0,0.98465,0.92185,1097000000.0,2021-03-31,6033000000.0,1173000000.0,22869000000.0,5215000000.0,2021-05-05,332359400000.0,14.533184660457387,17.09579754127873,0.05849390749893041,4.445865302642797,63.677142857142854
2021-06-22,PYPL.OQ,281.0,287.46,280.22,286.75,286.75,1840884,336853269484.5,1190000000.0,16.5596252129472,1174000000.0,0.98465,0.92185,1097000000.0,2021-03-31,6033000000.0,1173000000.0,22869000000.0,5215000000.0,2021-05-05,336644500000.0,14.720560584196948,17.316213157759364,0.05774934686293705,4.445865302642797,64.49813039309683
2021-06-23,PYPL.OQ,285.94,288.55,284.78,288.12,288.12,1530976,338462646918.48,1190000000.0,16.5596252129472,1174000000.0,0.98465,0.92185,1097000000.0,2021-03-31,6033000000.0,1173000000.0,22869000000.0,5215000000.0,2021-05-05,338252880000.0,14.79089072543618,17.398944498739766,0.05747475084321532,4.445865302642797,64.80628187919463
2021-06-24,PYPL.OQ,290.02,296.0,290.0,293.21,293.21,2110719,344442012713.339,1190000000.0,16.5596252129472,1174000000.0,0.98465,0.92185,1097000000.0,2021-03-31,6033000000.0,1173000000.0,22869000000.0,5215000000.0,2021-05-05,344228540000.0,15.052190301281211,17.70631860501002,0.05647701378857201,4.445865302642797,65.95116586768935
2021-06-25,PYPL.OQ,292.6,292.86,287.82,289.6,289.6,2692391,340201244438.4,1190000000.0,16.5596252129472,1174000000.0,0.98465,0.92185,1097000000.0,2021-03-31,6033000000.0,1173000000.0,22869000000.0,5215000000.0,2021-05-05,339990400000.0,14.866867812322358,17.488318502134653,0.0571810262878011,4.445865302642797,65.13917545541706
2021-06-28,PYPL.OQ,291.0,294.2,289.78,293.65,293.65,1870661,344958893057.1,1190000000.0,16.5596252129472,1174000000.0,0.98465,0.92185,1097000000.0,2021-03-31,6033000000.0,1173000000.0,22869000000.0,5215000000.0,2021-05-05,344745100000.0,15.074778083868994,17.732889254667956,0.05639238962352189,4.445865302642797,66.05013422818791
2021-06-29,PYPL.OQ,292.97,295.18,291.56,292.76,292.76,1525448,343913385089.04,1190000000.0,16.5596252129472,1174000000.0,0.98465,0.92185,1097000000.0,2021-03-31,6033000000.0,1173000000.0,22869000000.0,5215000000.0,2021-05-05,343700240000.0,15.02908915999825,17.679144076950763,0.05656382433716081,4.445865302642797,65.84994822627037
2021-06-30,PYPL.OQ,291.53,292.57,289.56,291.48,291.48,1587755,342409733179.92,1190000000.0,16.5596252129472,1174000000.0,0.98465,0.92185,1097000000.0,2021-03-31,6033000000.0,1173000000.0,22869000000.0,5215000000.0,2021-05-05,342197520000.0,14.963379247015611,17.601847641582214,0.05681221769228488,4.445865302642797,65.56204026845637
2021-07-01,PYPL.OQ,290.27,291.89,285.79,289.0,289.0,1776015,339496407606.0,1190000000.0,16.5596252129472,1174000000.0,0.98465,0.92185,1097000000.0,2021-03-31,6033000000.0,1173000000.0,22869000000.0,5215000000.0,2021-05-05,339286000000.0,14.836066290611745,17.452085798055645,0.057299741221270586,4.445865302642797,65.00421860019175
2021-07-02,PYPL.OQ,290.94,292.4,288.92,290.24,290.24,1467576,340953070392.96,1190000000.0,16.5596252129472,1174000000.0,0.98465,0.92185,1097000000.0,2021-03-31,6033000000.0,1173000000.0,22869000000.0,5215000000.0,2021-05-05,340741760000.0,14.899722768813678,17.52696671981893,0.05705493802696802,4.445865302642797,65.28312943432407
2021-07-06,PYPL.OQ,290.02,294.51,289.57,292.64,292.64,1745831,343772417722.56,1190000000.0,16.5596252129472,1174000000.0,0.98465,0.92185,1097000000.0,2021-03-31,6033000000.0,1173000000.0,22869000000.0,5215000000.0,2021-05-05,343559360000.0,15.022928855656128,17.67189753613496,0.0565870189070093,4.445865302642797,65.8229568552253
2021-07-07,PYPL.OQ,294.9,299.29,291.99,297.13,297.13,2049992,349046946685.02,1190000000.0,16.5596252129472,1174000000.0,0.98465,0.92185,1097000000.0,2021-03-31,6033000000.0,1173000000.0,22869000000.0,5215000000.0,2021-05-05,348830620000.0,15.253426909790546,17.943038938326207,0.055731919405469656,4.445865302642797,66.83288398849471
2021-07-08,PYPL.OQ,291.66,295.86,289.51,295.05,295.05,2058585,346603512332.7,1190000000.0,16.5596252129472,1174000000.0,0.98465,0.92185,1097000000.0,2021-03-31,6033000000.0,1173000000.0,22869000000.0,5215000000.0,2021-05-05,346388700000.0,15.146648301193755,17.81743223085231,0.05612481007607931,4.445865302642797,66.36503355704698
2021-07-09,PYPL.OQ,296.14,300.83,295.05,300.21,300.21,1934966,352665109091.339,1190000000.0,16.5596252129472,1174000000.0,0.98465,0.92185,1097000000.0,2021-03-31,6033000000.0,1173000000.0,22869000000.0,5215000000.0,2021-05-05,352446540000.0,15.411541387905025,18.12903348593178,0.05516013861279504,4.445865302642797,67.52566251198465
2021-07-12,PYPL.OQ,302.01,303.44,298.57,302.97,302.97,1670946,355907358520.38,1190000000.0,16.5596252129472,1174000000.0,0.98465,0.92185,1097000000.0,2021-03-31,6033000000.0,1173000000.0,22869000000.0,5215000000.0,2021-05-05,355686780000.00006,15.553228387773846,18.29570392469522,0.054657640073100304,4.445865302642797,68.1464640460211
2021-07-13,PYPL.OQ,302.19,307.8,298.78,301.19,301.19,2158443,353816342584.26,1190000000.0,16.5596252129472,1174000000.0,0.98465,0.92185,1097000000.0,2021-03-31,6033000000.0,1173000000.0,22869000000.0,5215000000.0,2021-05-05,353597060000.0,15.461850540032358,18.188213569260828,0.054980660755493876,4.445865302642797,67.74609204218599
2021-07-14,PYPL.OQ,303.11,304.73,299.39,300.75,300.75,1540945,353299462240.5,1190000000.0,16.5596252129472,1174000000.0,0.98465,0.92185,1097000000.0,2021-03-31,6033000000.0,1173000000.0,22869000000.0,5215000000.0,2021-05-05,353080500000.0,15.439262757444576,18.16164291960289,0.055061097964911716,4.445865302642797,67.64712368168743
2021-07-15,PYPL.OQ,300.86,301.18,294.14,296.51,296.51,1674582,348318615291.54,1190000000.0,16.5596252129472,1174000000.0,0.98465,0.92185,1097000000.0,2021-03-31,6033000000.0,1173000000.0,22869000000.0,5215000000.0,2021-05-05,348102740000.0,15.22159867068958,17.905598477444563,0.05584845439596371,4.445865302642797,66.69342857142857
2021-07-16,PYPL.OQ,297.23,298.75,294.44,294.63,294.63,1517549,346110126550.02,1190000000.0,16.5596252129472,1174000000.0,0.98465,0.92185,1097000000.0,2021-03-31,6033000000.0,1173000000.0,22869000000.0,5215000000.0,2021-05-05,345895620000.0,15.125087235996327,17.792069337997006,0.05620481693292333,4.445865302642797,66.27056375838926
2021-07-19,PYPL.OQ,292.35,295.02,288.85,294.85,294.85,1925940,346368566721.9,1190000000.0,16.5596252129472,1174000000.0,0.98465,0.92185,1097000000.0,2021-03-31,6033000000.0,1173000000.0,22869000000.0,5215000000.0,2021-05-05,346153900000.0,15.136381127290218,17.805354662825977,0.0561628801524409,4.445865302642797,66.32004793863854
2021-07-20,PYPL.OQ,295.94,300.02,291.58,298.07,298.07,1833739,350151191055.779,1190000000.0,16.5596252129472,1174000000.0,0.98465,0.92185,1097000000.0,2021-03-31,6033000000.0,1173000000.0,22869000000.0,5215000000.0,2021-05-05,349934180000.0,15.301682627137172,17.999803508049986,0.05555616201881169,4.445865302642797,67.04431639501438
2021-07-21,PYPL.OQ,296.66,301.83,296.26,301.77,301.77,1962575,354497684855.579,1190000000.0,16.5596252129472,1174000000.0,0.98465,0.92185,1097000000.0,2021-03-31,6033000000.0,1173000000.0,22869000000.0,5215000000.0,2021-05-05,354277980000.0,15.491625344352617,18.2232385165372,0.054874988278978035,4.445865302642797,67.87655033557046
2021-07-22,PYPL.OQ,302.11,304.57,302.0,303.69,303.69,1389959,356753162719.26,1190000000.0,16.5596252129472,1174000000.0,0.98465,0.92185,1097000000.0,2021-03-31,6033000000.0,1173000000.0,22869000000.0,5215000000.0,2021-05-05,356532060000.0,15.590190213826578,18.33918316959003,0.05452805562562877,4.445865302642797,68.30841227229146
2021-07-23,PYPL.OQ,305.88,309.46,304.2,308.53,308.53,1286119,362532669239.499,1190000000.0,16.5596252129472,1174000000.0,0.98465,0.92185,1097000000.0,2021-03-31,6033000000.0,1173000000.0,22869000000.0,5215000000.0,2021-05-05,362214219999.99994,15.838655822292184,18.63146031582736,0.053672658130318615,4.445865302642797,69.39706423777564
2021-07-26,PYPL.OQ,309.0,310.0,305.29,306.8,306.8,1416390,360499863620.0,1190000000.0,16.5596252129472,1174000000.0,0.98465,0.92185,1097000000.0,2021-03-31,6033000000.0,1173000000.0,22869000000.0,5215000000.0,2021-05-05,360183200000.0,15.749844768026586,18.526989352399557,0.0539753103420704,4.445865302642797,69.00793863854267
2021-07-27,PYPL.OQ,305.5,306.31,294.89,300.48,300.48,2121978,353073660432.0,1190000000.0,16.5596252129472,1174000000.0,0.98465,0.92185,1097000000.0,2021-03-31,6033000000.0,1173000000.0,22869000000.0,5215000000.0,2021-05-05,352763520000.0,15.4254020726748,18.145338202767338,0.055110573791757184,4.445865302642797,67.58639309683605
2021-07-28,PYPL.OQ,300.74,302.37,296.93,301.98,301.98,2975581,354836208657.0,1186000000.0,17.7914893617021,1175000000.0,1.00937,0.99831,1184000000.0,2021-06-30,6238000000.0,1174000000.0,23846000000.0,4869000000.0,2021-07-28,354826500000.0,14.87991696720624,16.973283903372426,0.058916118159156566,4.147359454855196,72.81259396179914
2021-07-29,PYPL.OQ,285.0,289.0,281.75,283.17,283.17,4787935,332733853915.5,1186000000.0,17.7914893617021,1175000000.0,1.00937,0.99831,1184000000.0,2021-06-30,6238000000.0,1174000000.0,23846000000.0,4869000000.0,2021-07-28,332724750000.0,13.95306340686069,15.916036833293495,0.06282971134548893,4.147359454855196,68.27717806531116
2021-07-30,PYPL.OQ,280.0,280.5,274.23,275.53,275.53,3333408,323756608289.499,1186000000.0,17.7914893617021,1175000000.0,1.00937,0.99831,1184000000.0,2021-06-30,6238000000.0,1174000000.0,23846000000.0,4869000000.0,2021-07-28,323747749999.99994,13.576606139394444,15.486618033963188,0.06457187733351034,4.147359454855196,66.43504210310124
2021-08-02,PYPL.OQ,276.09,276.88,270.44,270.99,270.99,3000082,318421962328.5,1186000000.0,17.7914893617021,1175000000.0,1.00937,0.99831,1184000000.0,2021-06-30,6238000000.0,1174000000.0,23846000000.0,4869000000.0,2021-07-28,318413250000.0,13.352899857418436,15.231439846926596,0.06565367490203365,4.147359454855196,65.3403696857671
2021-08-03,PYPL.OQ,272.2,274.51,269.62,273.5,273.5,2449023,321371293025.0,1186000000.0,17.7914893617021,1175000000.0,1.00937,0.99831,1184000000.0,2021-06-30,6238000000.0,1174000000.0,23846000000.0,4869000000.0,2021-07-28,321362500000.0,13.476578881154072,15.372518536235374,0.06505114940293273,4.147359454855196,65.9455740398439
2021-08-04,PYPL.OQ,274.0,276.09,270.67,275.5,275.5,2362038,323721357325.0,1186000000.0,17.7914893617021,1175000000.0,1.00937,0.99831,1184000000.0,2021-06-30,6238000000.0,1174000000.0,23846000000.0,4869000000.0,2021-07-28,323712500000.0,13.575127904050994,15.48493183448938,0.06457890875390962,4.147359454855196,66.42780858492503
2021-08-05,PYPL.OQ,278.22,280.96,275.84,280.67,280.67,2514063,329796273540.5,1186000000.0,17.7914893617021,1175000000.0,1.00937,0.99831,1184000000.0,2021-06-30,6238000000.0,1174000000.0,23846000000.0,4869000000.0,2021-07-28,329787250000.0,13.829877128239538,15.775520210475987,0.06338935177148287,4.147359454855196,67.67438488395975
2021-08-06,PYPL.OQ,280.0,282.31,276.87,279.54,279.54,1909880,328468487211.0,1186000000.0,17.7914893617021,1175000000.0,1.00937,0.99831,1184000000.0,2021-06-30,6238000000.0,1174000000.0,23846000000.0,4869000000.0,2021-07-28,328459500000.0,13.774196930302777,15.712006696962474,0.06364559405345245,4.147359454855196,67.40192236598891
2021-08-09,PYPL.OQ,280.22,281.1,277.48,278.15,278.15,1153547,326835192522.5,1186000000.0,17.7914893617021,1175000000.0,1.00937,0.99831,1184000000.0,2021-06-30,6238000000.0,1174000000.0,23846000000.0,4869000000.0,2021-07-28,326826250000.0,13.705705359389416,15.633879454675936,0.0639636504105774,4.147359454855196,67.06676935715753
2021-08-10,PYPL.OQ,278.96,280.46,272.5,274.37,274.37,1789123,322393570995.5,1186000000.0,17.7914893617021,1175000000.0,1.00937,0.99831,1184000000.0,2021-06-30,6238000000.0,1174000000.0,23846000000.0,4869000000.0,2021-07-28,322384750000.0,13.519447706114233,15.421418320975866,0.06484487867369647,4.147359454855196,66.1553460669542
2021-08-11,PYPL.OQ,277.37,278.2,273.14,276.41,276.41,2057584,324790636581.5,1186000000.0,17.7914893617021,1175000000.0,1.00937,0.99831,1184000000.0,2021-06-30,6238000000.0,1174000000.0,23846000000.0,4869000000.0,2021-07-28,324781750000.0,13.619967709469094,15.536079885194953,0.0643663013700738,4.147359454855196,66.64722530293696
2021-08-12,PYPL.OQ,274.43,276.79,273.1,274.59,274.59,1520956,322652078068.5,1186000000.0,17.7914893617021,1175000000.0,1.00937,0.99831,1184000000.0,2021-06-30,6238000000.0,1174000000.0,23846000000.0,4869000000.0,2021-07-28,322643250000.0,13.530288098632894,15.433783783783806,0.06479292531301978,4.147359454855196,66.20839186691312
2021-08-13,PYPL.OQ,276.17,276.8,274.61,274.91,274.91,1424931,323028088356.5,1186000000.0,17.7914893617021,1175000000.0,1.00937,0.99831,1184000000.0,2021-06-30,6238000000.0,1174000000.0,23846000000.0,4869000000.0,2021-07-28,323019250000.0,13.546055942296402,15.45176991150445,0.06471750522608162,4.147359454855196,66.28554939412611
2021-08-16,PYPL.OQ,273.56,279.18,273.56,278.28,278.28,1692130,326987946701.999,1186000000.0,17.7914893617021,1175000000.0,1.00937,0.99831,1184000000.0,2021-06-30,6238000000.0,1174000000.0,23846000000.0,4869000000.0,2021-07-28,326978999999.99994,13.712111045877712,15.641186319062447,0.06393376944696745,4.147359454855196,67.0981146025878
2021-08-17,PYPL.OQ,275.25,275.48,269.08,271.1,271.1,2208181,318551215865.0,1186000000.0,17.7914893617021,1175000000.0,1.00937,0.99831,1184000000.0,2021-06-30,6238000000.0,1174000000.0,23846000000.0,4869000000.0,2021-07-28,318542500000.0,13.358320053677765,15.237622578330567,0.06562703563888639,4.147359454855196,65.36689258574657
2021-08-18,PYPL.OQ,271.01,272.73,268.48,268.84,268.84,1598233,315895643206.0,1186000000.0,17.7914893617021,1175000000.0,1.00937,0.99831,1184000000.0,2021-06-30,6238000000.0,1174000000.0,23846000000.0,4869000000.0,2021-07-28,315887000000.0,13.246959657804243,15.110595551303536,0.06617872846935763,4.147359454855196,64.82196754980488
2021-08-19,PYPL.OQ,266.93,272.0,266.83,270.58,270.58,1731094,317940199147.0,1186000000.0,17.7914893617021,1175000000.0,1.00937,0.99831,1184000000.0,2021-06-30,6238000000.0,1174000000.0,23846000000.0,4869000000.0,2021-07-28,317931500000.0,13.332697307724565,15.208395120784523,0.06575315751978011,4.147359454855196,65.24151160402546
2021-08-20,PYPL.OQ,269.95,273.9,269.6,272.96,272.96,1552356,320736775664.0,1186000000.0,17.7914893617021,1175000000.0,1.00937,0.99831,1184000000.0,2021-06-30,6238000000.0,1174000000.0,23846000000.0,4869000000.0,2021-07-28,320728000000.0,13.449970644971904,15.34216694570679,0.06517984086203878,4.147359454855196,65.815370712672
2021-08-23,PYPL.OQ,275.75,278.27,273.02,276.98,276.98,2045183,325460404907.0,1186000000.0,17.7914893617021,1175000000.0,1.00937,0.99831,1184000000.0,2021-06-30,6238000000.0,1174000000.0,23846000000.0,4869000000.0,2021-07-28,325451500000.0,13.648054180994716,15.568117675197346,0.06423384129432486,4.147359454855196,66.78466214828508
2021-08-24,PYPL.OQ,279.16,279.58,276.58,279.51,279.51,1288532,328433236246.5,1186000000.0,17.7914893617021,1175000000.0,1.00937,0.99831,1184000000.0,2021-06-30,6238000000.0,1174000000.0,23846000000.0,4869000000.0,2021-07-28,328424250000.0,13.772718694959321,15.710320497488661,0.06365242517871311,4.147359454855196,67.39468884781269
2021-08-25,PYPL.OQ,279.6,279.68,276.8,277.69,277.69,1162694,326294677733.5,1186000000.0,17.7914893617021,1175000000.0,1.00937,0.99831,1184000000.0,2021-06-30,6238000000.0,1174000000.0,23846000000.0,4869000000.0,2021-07-28,326285750000.0,13.683039084123124,15.608024396077516,0.06406960769816018,4.147359454855196,66.95585541178886
2021-08-26,PYPL.OQ,277.89,278.67,273.54,273.62,273.62,1321512,321512296883.0,1186000000.0,17.7914893617021,1175000000.0,1.00937,0.99831,1184000000.0,2021-06-30,6238000000.0,1174000000.0,23846000000.0,4869000000.0,2021-07-28,321503500000.0,13.482491822527887,15.379263334130613,0.06502262028251628,4.147359454855196,65.97450811254878
2021-08-27,PYPL.OQ,274.03,278.89,273.72,278.33,278.33,1435113,327046698309.5,1186000000.0,17.7914893617021,1175000000.0,1.00937,0.99831,1184000000.0,2021-06-30,6238000000.0,1174000000.0,23846000000.0,4869000000.0,2021-07-28,327037750000.0,13.714574771450138,15.643996651518798,0.06392228420113572,4.147359454855196,67.11017046621483
2021-08-30,PYPL.OQ,279.61,290.35,279.08,288.47,288.47,3491698,338961524310.5,1186000000.0,17.7914893617021,1175000000.0,1.00937,0.99831,1184000000.0,2021-06-30,6238000000.0,1174000000.0,23846000000.0,4869000000.0,2021-07-28,338952250000.00006,14.214218317537535,16.213932073666612,0.06167535397685062,4.147359454855196,69.55509960977614
2021-08-31,PYPL.OQ,290.97,292.65,284.34,288.66,288.66,2709215,339184780419.0,1186000000.0,17.7914893617021,1175000000.0,1.00937,0.99831,1184000000.0,2021-06-30,6238000000.0,1174000000.0,23846000000.0,4869000000.0,2021-07-28,339175500000.0,14.22358047471274,16.22461133700074,0.06163475840678342,4.147359454855196,69.60091189155885
2021-09-01,PYPL.OQ,290.02,290.84,286.36,286.75,286.75,1992765,336940469012.5,1186000000.0,17.7914893617021,1175000000.0,1.00937,0.99831,1184000000.0,2021-06-30,6238000000.0,1174000000.0,23846000000.0,4869000000.0,2021-07-28,336931250000.0,14.12946615784618,16.117256637168165,0.062045298558682134,4.147359454855196,69.14037790100636
2021-09-02,PYPL.OQ,288.9,288.9,285.27,285.53,285.53,1766404,335506929789.499,1186000000.0,17.7914893617021,1175000000.0,1.00937,0.99831,1184000000.0,2021-06-30,6238000000.0,1174000000.0,23846000000.0,4869000000.0,2021-07-28,335497749999.99994,14.069351253879054,16.04868452523322,0.062310402975876804,4.147359454855196,68.84621482850687
2021-09-03,PYPL.OQ,285.03,290.36,284.4,289.13,289.13,1829303,339737045529.5,1186000000.0,17.7914893617021,1175000000.0,1.00937,0.99831,1184000000.0,2021-06-30,6238000000.0,1174000000.0,23846000000.0,4869000000.0,2021-07-28,339727750000.0,14.246739495093516,16.25102846209043,0.061534567017265944,4.147359454855196,69.7142370096529
2021-09-07,PYPL.OQ,290.2,293.64,288.11,293.26,293.26,2313555,344589928309.0,1186000000.0,17.7914893617021,1175000000.0,1.00937,0.99831,1184000000.0,2021-06-30,6238000000.0,1174000000.0,23846000000.0,4869000000.0,2021-07-28,344580500000.0,14.45024322737566,16.483161922984955,0.06066797163507503,4.147359454855196,70.71005134524543
2021-09-08,PYPL.OQ,296.5,296.7,283.4,285.23,285.23,3062648,335154420144.5,1186000000.0,17.7914893617021,1175000000.0,1.00937,0.99831,1184000000.0,2021-06-30,6238000000.0,1174000000.0,23846000000.0,4869000000.0,2021-07-28,335145250000.0,14.054568900444519,16.03182253049512,0.062375939984230626,4.147359454855196,68.77387964674472
2021-09-09,PYPL.OQ,287.0,289.31,285.08,286.88,286.88,1347939,337093223192.0,1186000000.0,17.7914893617021,1175000000.0,1.00937,0.99831,1184000000.0,2021-06-30,6238000000.0,1174000000.0,23846000000.0,4869000000.0,2021-07-28,337084000000.0,14.13587184433448,16.124563501554675,0.06201718266070169,4.147359454855196,69.17172314643663
2021-09-10,PYPL.OQ,288.55,289.0,284.13,284.32,284.32,1272147,334085140888.0,1186000000.0,17.7914893617021,1175000000.0,1.00937,0.99831,1184000000.0,2021-06-30,6238000000.0,1174000000.0,23846000000.0,4869000000.0,2021-07-28,334076000000.0,14.009729095026419,15.980674479789547,0.06257558160418579,4.147359454855196,68.5544629287328
2021-09-13,PYPL.OQ,286.74,287.19,277.85,280.49,280.49,1778159,329584767753.5,1186000000.0,17.7914893617021,1175000000.0,1.00937,0.99831,1184000000.0,2021-06-30,6238000000.0,1174000000.0,23846000000.0,4869000000.0,2021-07-28,329575750000.0,13.821007716178814,15.765403013633126,0.06343003088060929,4.147359454855196,67.63098377490245
2021-09-14,PYPL.OQ,282.14,283.0,279.71,282.24,282.24,1486098,331641074016.0,1186000000.0,17.7914893617021,1175000000.0,1.00937,0.99831,1184000000.0,2021-06-30,6238000000.0,1174000000.0,23846000000.0,4869000000.0,2021-07-28,331632000000.0,13.907238111213621,15.86376464960538,0.06303673951850235,4.147359454855196,68.05293900184843
2021-09-15,PYPL.OQ,283.97,285.71,279.56,282.43,282.43,1536058,331864330124.5,1186000000.0,17.7914893617021,1175000000.0,1.00937,0.99831,1184000000.0,2021-06-30,6238000000.0,1174000000.0,23846000000.0,4869000000.0,2021-07-28,331855250000.0,13.916600268388828,15.874443912939512,0.06299433261941756,4.147359454855196,68.09875128363113
2021-09-16,PYPL.OQ,281.04,283.63,280.43,282.97,282.97,1544998,332498847485.5,1186000000.0,17.7914893617021,1175000000.0,1.00937,0.99831,1184000000.0,2021-06-30,6238000000.0,1174000000.0,23846000000.0,4869000000.0,2021-07-28,332489750000.00006,13.943208504571,15.904795503468094,0.06287411867583878,4.147359454855196,68.22895461080304
2021-09-17,PYPL.OQ,281.68,282.5,275.92,276.34,276.34,3555386,324708384331.0,1186000000.0,17.7914893617021,1175000000.0,1.00937,0.99831,1184000000.0,2021-06-30,6238000000.0,1174000000.0,23846000000.0,4869000000.0,2021-07-28,324699500000.0,13.616518493667702,15.532145419756061,0.06438260607115186,4.147359454855196,66.6303470938591
2021-09-20,PYPL.OQ,271.55,272.92,265.725,269.91,269.91,2462992,317152927606.5,1186000000.0,17.7914893617021,1175000000.0,1.00937,0.99831,1184000000.0,2021-06-30,6238000000.0,1174000000.0,23846000000.0,4869000000.0,2021-07-28,317144250000.0,13.299683385054097,15.170736665869432,0.06591637716906414,4.147359454855196,65.07996303142329
2021-09-21,PYPL.OQ,271.75,272.28,267.8,269.49,269.49,1403404,316659414103.5,1186000000.0,17.7914893617021,1175000000.0,1.00937,0.99831,1184000000.0,2021-06-30,6238000000.0,1174000000.0,23846000000.0,4869000000.0,2021-07-28,316650750000.0,13.278988090245743,15.147129873236091,0.06601910780252365,4.147359454855196,64.97869377695625
2021-09-22,PYPL.OQ,270.78,273.45,266.56,272.34,272.34,1895617,320008255731.0,1186000000.0,17.7914893617021,1175000000.0,1.00937,0.99831,1184000000.0,2021-06-30,6238000000.0,1174000000.0,23846000000.0,4869000000.0,2021-07-28,319999500000.0,13.419420447873858,15.307318823248048,0.06532822707535471,4.147359454855196,65.66587800369685
2021-09-23,PYPL.OQ,274.84,279.93,273.82,279.1,279.1,1808689,327951473065.0,1186000000.0,17.7914893617021,1175000000.0,1.00937,0.99831,1184000000.0,2021-06-30,6238000000.0,1174000000.0,23846000000.0,4869000000.0,2021-07-28,327942500000.0,13.752516145265453,15.687275771346592,0.06374593107023326,4.147359454855196,67.29583076607106
2021-09-24,PYPL.OQ,276.02,278.32,274.74,278.11,278.11,1455195,326788191236.5,1186000000.0,17.7914893617021,1175000000.0,1.00937,0.99831,1184000000.0,2021-06-30,6238000000.0,1174000000.0,23846000000.0,4869000000.0,2021-07-28,326779250000.0,13.703734378931477,15.631631188710859,0.06397285017332027,4.147359454855196,67.0571246662559
2021-09-27,PYPL.OQ,274.78,276.78,272.22,273.39,273.39,1746126,321242039488.5,1186000000.0,17.7914893617021,1175000000.0,1.00937,0.99831,1184000000.0,2021-06-30,6238000000.0,1174000000.0,23846000000.0,4869000000.0,2021-07-28,321233250000.0,13.47115868489474,15.366335804831403,0.0650773230977801,4.147359454855196,65.91905113986445
2021-09-28,PYPL.OQ,270.0,271.43,261.68,262.19,262.19,3023235,308081679408.5,1186000000.0,17.7914893617021,1175000000.0,1.00937,0.99831,1184000000.0,2021-06-30,6238000000.0,1174000000.0,23846000000.0,4869000000.0,2021-07-28,308073250000.0,12.919284156671978,14.736821334608967,0.06785723849766238,4.147359454855196,63.21853768741015
2021-09-29,PYPL.OQ,263.51,264.44,256.89,259.0,259.0,2655075,304333326850.0,1186000000.0,17.7914893617021,1175000000.0,1.00937,0.99831,1184000000.0,2021-06-30,6238000000.0,1174000000.0,23846000000.0,4869000000.0,2021-07-28,304325000000.0,12.762098465151388,14.557522123893827,0.06869300911854093,4.147359454855196,62.44937358800575
2021-09-30,PYPL.OQ,259.65,263.47,258.74,260.21,260.21,2138230,305755115751.5,1186000000.0,17.7914893617021,1175000000.0,1.00937,0.99831,1184000000.0,2021-06-30,6238000000.0,1174000000.0,23846000000.0,4869000000.0,2021-07-28,305746750000.0,12.821720624004026,14.6255321693375,0.06837358042235926,4.147359454855196,62.741125487779826
2021-10-01,PYPL.OQ,261.93,265.8,260.22,264.65,264.65,1790362,310972258497.5,1186000000.0,17.7914893617021,1175000000.0,1.00937,0.99831,1184000000.0,2021-06-30,6238000000.0,1174000000.0,23846000000.0,4869000000.0,2021-07-28,310963750000.0,13.040499454835192,14.875089691461394,0.0672264854022373,4.147359454855196,63.811686177859926
2021-10-04,PYPL.OQ,262.05,262.42,251.61,255.01,255.01,2394227,299644948571.5,1186000000.0,17.7914893617021,1175000000.0,1.00937,0.99831,1184000000.0,2021-06-30,6238000000.0,1174000000.0,23846000000.0,4869000000.0,2021-07-28,299636750000.0,12.565493164472029,14.333257593877084,0.06976781052390926,4.147359454855196,61.487315670568904
2021-10-05,PYPL.OQ,255.22,262.72,253.59,260.15,260.15,2045000,305684613822.5,1186000000.0,17.7914893617021,1175000000.0,1.00937,0.99831,1184000000.0,2021-06-30,6238000000.0,1174000000.0,23846000000.0,4869000000.0,2021-07-28,305676250000.0,12.818764153317119,14.62215977038988,0.06838934984317549,4.147359454855196,62.72665845142739
2021-10-06,PYPL.OQ,256.29,264.38,256.29,264.06,264.06,1594733,310278989529.0,1186000000.0,17.7914893617021,1175000000.0,1.00937,0.99831,1184000000.0,2021-06-30,6238000000.0,1174000000.0,23846000000.0,4869000000.0,2021-07-28,310270500000.0,13.0114274930806,14.841927768476463,0.06737669227335492,4.147359454855196,63.669426987060994
2021-10-07,PYPL.OQ,265.95,268.58,263.09,263.54,263.54,1793800,309667972811.0,1186000000.0,17.7914893617021,1175000000.0,1.00937,0.99831,1184000000.0,2021-06-30,6238000000.0,1174000000.0,23846000000.0,4869000000.0,2021-07-28,309659500000.0,12.985804747127402,14.812700310930422,0.0675096355836006,4.147359454855196,63.54404600533991
2021-10-08,PYPL.OQ,265.15,265.43,259.81,260.06,260.06,1475481,305578860929.0,1186000000.0,17.7914893617021,1175000000.0,1.00937,0.99831,1184000000.0,2021-06-30,6238000000.0,1174000000.0,23846000000.0,4869000000.0,2021-07-28,305570500000.0,12.814329447286756,14.61710117196845,0.0684130176178655,4.147359454855196,62.70495789689875
2021-10-11,PYPL.OQ,257.93,260.62,254.69,255.05,255.05,1695638,299691949857.5,1186000000.0,17.7914893617021,1175000000.0,1.00937,0.99831,1184000000.0,2021-06-30,6238000000.0,1174000000.0,23846000000.0,4869000000.0,2021-07-28,299683750000.0,12.567464144929968,14.335505859842165,0.06975686869908684,4.147359454855196,61.49696036147053
2021-10-12,PYPL.OQ,256.0,257.89,253.78,255.85,255.85,1393828,300631975577.5,1186000000.0,17.7914893617021,1175000000.0,1.00937,0.99831,1184000000.0,2021-06-30,6238000000.0,1174000000.0,23846000000.0,4869000000.0,2021-07-28,300623750000.0,12.606883754088736,14.380471179143766,0.06953875068087591,4.147359454855196,61.68985417950297
2021-10-13,PYPL.OQ,258.73,261.13,254.32,256.36,256.36,1777407,301231241974.0,1186000000.0,17.7914893617021,1175000000.0,1.00937,0.99831,1184000000.0,2021-06-30,6238000000.0,1174000000.0,23846000000.0,4869000000.0,2021-07-28,301223000000.0,12.632013754927451,14.40913657019854,0.06940041099119247,4.147359454855196,61.812823988498664
2021-10-14,PYPL.OQ,261.5,267.39,260.2,266.45,266.45,2380070,313087316367.5,1186000000.0,17.7914893617021,1175000000.0,1.00937,0.99831,1184000000.0,2021-06-30,6238000000.0,1174000000.0,23846000000.0,4869000000.0,2021-07-28,313078750000.0,13.129193575442422,14.97626165989,0.06677233763070783,4.147359454855196,64.24569726843293
2021-10-15,PYPL.OQ,268.47,269.68,265.44,268.35,268.35,1822014,315319877452.5,1186000000.0,17.7914893617021,1175000000.0,1.00937,0.99831,1184000000.0,2021-06-30,6238000000.0,1174000000.0,23846000000.0,4869000000.0,2021-07-28,315311250000.0,13.222815147194497,15.083054293231308,0.06629956907658692,4.147359454855196,64.70382008626002
2021-10-18,PYPL.OQ,266.22,270.44,264.72,270.33,270.33,1545468,317646441109.5,1186000000.0,17.7914893617021,1175000000.0,1.00937,0.99831,1184000000.0,2021-06-30,6238000000.0,1174000000.0,23846000000.0,4869000000.0,2021-07-28,317637750000.0,13.32037867986245,15.194343458502772,0.06581396575186661,4.147359454855196,65.18123228589032
2021-10-19,PYPL.OQ,271.01,273.25,269.95,271.7,271.7,1673748,319256235155.0,1186000000.0,17.7914893617021,1175000000.0,1.00937,0.99831,1184000000.0,2021-06-30,6238000000.0,1174000000.0,23846000000.0,4869000000.0,2021-07-28,319247500000.0,13.387884760546843,15.271346567806766,0.06548211027494333,4.147359454855196,65.5115629492709
2021-10-20,PYPL.OQ,273.0,273.51,253.11,258.36,258.36,6994989,303581306274.0,1186000000.0,17.7914893617021,1175000000.0,1.00937,0.99831,1184000000.0,2021-06-30,6238000000.0,1174000000.0,23846000000.0,4869000000.0,2021-07-28,303573000000.0,12.730562777824373,14.521549868452546,0.06886317294357525,4.147359454855196,62.29505853357979
2021-10-21,PYPL.OQ,258.36,258.52,242.98,243.21,243.21,9890516,285779569201.5,1186000000.0,17.7914893617021,1175000000.0,1.00937,0.99831,1184000000.0,2021-06-30,6238000000.0,1174000000.0,23846000000.0,4869000000.0,2021-07-28,285771750000.0,11.98405392938019,13.670019134178446,0.07315278714568522,4.147359454855196,58.64213185459027
2021-10-22,PYPL.OQ,243.21,246.66,239.87,240.4,240.4,6295133,282477728860.0,1186000000.0,17.7914893617021,1175000000.0,1.00937,0.99831,1184000000.0,2021-06-30,6238000000.0,1174000000.0,23846000000.0,4869000000.0,2021-07-28,282470000000.0,11.845592552210015,13.512078450131568,0.07400785924168927,4.147359454855196,57.964592318751286
2021-10-25,PYPL.OQ,255.0,255.5,245.96,246.88,246.88,6228953,290091937192.0,1186000000.0,17.7914893617021,1175000000.0,1.00937,0.99831,1184000000.0,2021-06-30,6238000000.0,1174000000.0,23846000000.0,4869000000.0,2021-07-28,290084000000.0,12.164891386396041,13.876297536474548,0.07206533280015434,4.147359454855196,59.52703224481413
2021-10-26,PYPL.OQ,249.45,249.88,241.03,243.0,243.0,3854068,285532812450.0,1186000000.0,17.7914893617021,1175000000.0,1.00937,0.99831,1184000000.0,2021-06-30,6238000000.0,1174000000.0,23846000000.0,4869000000.0,2021-07-28,285525000000.0,11.973706281976012,13.658215737861775,0.07321600560371236,4.147359454855196,58.59149722735675
2021-10-27,PYPL.OQ,243.96,244.56,233.92,234.94,234.94,4907664,276062053321.0,1186000000.0,17.7914893617021,1175000000.0,1.00937,0.99831,1184000000.0,2021-06-30,6238000000.0,1174000000.0,23846000000.0,4869000000.0,2021-07-28,276054500000.0,11.576553719701417,13.20519014589813,0.0757278001264242,4.147359454855196,56.64809201067981
2021-10-28,PYPL.OQ,236.87,237.9,232.78,236.83,236.83,3750944,278282864084.5,1186000000.0,17.7914893617021,1175000000.0,1.00937,0.99831,1184000000.0,2021-06-30,6238000000.0,1174000000.0,23846000000.0,4869000000.0,2021-07-28,278275250000.0,11.66968254633901,13.311420712748166,0.07512346139299118,4.147359454855196,57.103803655781476
2021-10-29,PYPL.OQ,235.43,238.9,231.73,232.59,232.59,3523671,273300727768.5,1186000000.0,17.7914893617021,1175000000.0,1.00937,0.99831,1184000000.0,2021-06-30,6238000000.0,1174000000.0,23846000000.0,4869000000.0,2021-07-28,273293250000.0,11.460758617797534,13.073104520449673,0.07649292472463176,4.147359454855196,56.08146642020949
2021-11-01,PYPL.OQ,232.41,233.43,230.24,231.28,231.28,3451672,271761435652.0,1186000000.0,17.7914893617021,1175000000.0,1.00937,0.99831,1184000000.0,2021-06-30,6238000000.0,1174000000.0,23846000000.0,4869000000.0,2021-07-28,271754000000.0,11.396209007800051,12.9994738100933,0.07692619059885031,4.147359454855196,55.76560279318135
2021-11-02,PYPL.OQ,232.54,232.54,227.84,229.46,229.46,3539370,269599477267.12,1186000000.0,17.7914893617021,1175000000.0,1.00937,0.99831,1184000000.0,2021-06-30,6238000000.0,1174000000.0,23846000000.0,4869000000.0,2021-07-28,269615500000.0,11.306529396963851,12.897177708682152,0.07753634342239214,4.147359454855196,55.32676935715753
2021-11-03,PYPL.OQ,228.535,230.85,225.34,230.38,230.38,3638512,270680413025.36,1186000000.0,17.7914893617021,1175000000.0,1.00937,0.99831,1184000000.0,2021-06-30,6238000000.0,1174000000.0,23846000000.0,4869000000.0,2021-07-28,270696500000.0,11.351861947496435,12.948887825878995,0.07722670961759746,4.147359454855196,55.54859724789484
2021-11-04,PYPL.OQ,231.18,231.74,225.0,228.22,228.22,3898444,268142563853.84,1186000000.0,17.7914893617021,1175000000.0,1.00937,0.99831,1184000000.0,2021-06-30,6238000000.0,1174000000.0,23846000000.0,4869000000.0,2021-07-28,268158500000.0,11.245429002767759,12.827481463764668,0.07795762580712515,4.147359454855196,55.027783939207225
2021-11-05,PYPL.OQ,230.0,230.01,224.605,225.78,225.78,4422796,265275734234.16,1186000000.0,17.7914893617021,1175000000.0,1.00937,0.99831,1184000000.0,2021-06-30,6238000000.0,1174000000.0,23846000000.0,4869000000.0,2021-07-28,265291500000.0,11.125199194833515,12.690337239894781,0.07880011232926788,4.147359454855196,54.43945779420826
2021-11-08,PYPL.OQ,227.75,230.97,226.28,229.42,229.42,5482029,269552480060.24,1187000000.0,18.8160136286201,1174000000.0,0.92675,0.91575,1087000000.0,2021-09-30,6182000000.0,1174000000.0,24569000000.0,4935000000.0,2021-11-08,269339080000.0,10.962557694655867,12.192805794477138,0.08201557679635647,4.203577512776832,54.57732117527861
2021-11-09,PYPL.OQ,212.0,212.22,200.68,205.42,205.42,14739886,241354155932.24,1187000000.0,18.8160136286201,1174000000.0,0.92675,0.91575,1087000000.0,2021-09-30,6182000000.0,1174000000.0,24569000000.0,4935000000.0,2021-11-08,241163080000.0,9.81574667263625,10.917296514259846,0.09159776861367006,4.203577512776832,48.867898682877396
2021-11-10,PYPL.OQ,204.0,208.2,202.78,204.64,204.64,5708986,240437710398.08,1187000000.0,18.8160136286201,1174000000.0,0.92675,0.91575,1087000000.0,2021-09-30,6182000000.0,1174000000.0,24569000000.0,4935000000.0,2021-11-08,240247359999.99997,9.77847531442061,10.875842462652784,0.09194690006166978,4.203577512776832,48.682342451874355
2021-11-11,PYPL.OQ,207.71,208.25,201.56,202.03,202.03,4054152,237371142649.16,1187000000.0,18.8160136286201,1174000000.0,0.92675,0.91575,1087000000.0,2021-09-30,6182000000.0,1174000000.0,24569000000.0,4935000000.0,2021-11-08,237183220000.0,9.653759615775979,10.737130828429153,0.09313475042627384,4.203577512776832,48.06144275582573
2021-11-12,PYPL.OQ,203.36,210.0,201.5,208.3,208.3,4873158,244737954827.6,1187000000.0,18.8160136286201,1174000000.0,0.92675,0.91575,1087000000.0,2021-09-30,6182000000.0,1174000000.0,24569000000.0,4935000000.0,2021-11-08,244544200000.0,9.953363995278604,11.070357627885922,0.09033131842832501,4.203577512776832,49.55302938196555
2021-11-15,PYPL.OQ,212.06,214.2,210.72,212.54,212.54,4667117,249719658756.88,1187000000.0,18.8160136286201,1174000000.0,0.92675,0.91575,1087000000.0,2021-09-30,6182000000.0,1174000000.0,24569000000.0,4935000000.0,2021-11-08,249521960000.0,10.155967275835403,11.29569760072431,0.08852928215216008,4.203577512776832,50.56169402228976
2021-11-16,PYPL.OQ,215.0,215.97,211.77,215.67,215.67,4758337,253397190195.24,1187000000.0,18.8160136286201,1174000000.0,0.92675,0.91575,1087000000.0,2021-09-30,6182000000.0,1174000000.0,24569000000.0,4935000000.0,2021-11-08,253196580000.0,10.305530546623794,11.462045269352648,0.08724446436045857,4.203577512776832,51.306297872340416
2021-11-17,PYPL.OQ,211.4,213.97,203.36,206.27,206.27,5086930,242352846578.44,1187000000.0,18.8160136286201,1174000000.0,0.92675,0.91575,1087000000.0,2021-09-30,6182000000.0,1174000000.0,24569000000.0,4935000000.0,2021-11-08,242160980000.0,9.856362896332778,10.962470801267543,0.09122031138129685,4.203577512776832,49.07010739614994
2021-11-18,PYPL.OQ,207.06,207.5,199.2,200.5,200.5,5653590,235573499486.0,1187000000.0,18.8160136286201,1174000000.0,0.92675,0.91575,1087000000.0,2021-09-30,6182000000.0,1174000000.0,24569000000.0,4935000000.0,2021-11-08,235387000000.0,9.580650413122227,10.655817111815301,0.09384545450683343,4.203577512776832,47.69746707193515
2021-11-19,PYPL.OQ,202.38,202.5,193.08,193.61,193.61,6464256,227478230600.92,1187000000.0,18.8160136286201,1174000000.0,0.92675,0.91575,1087000000.0,2021-09-30,6182000000.0,1174000000.0,24569000000.0,4935000000.0,2021-11-08,227298140000.00003,9.251420082217429,10.289639655952922,0.097185133147152,4.203577512776832,46.05838703140831
2021-11-22,PYPL.OQ,193.6,193.62,184.28,189.48,189.48,7066512,222625768990.56,1187000000.0,18.8160136286201,1174000000.0,0.92675,0.91575,1087000000.0,2021-09-30,6182000000.0,1174000000.0,24569000000.0,4935000000.0,2021-11-08,222449520000.0,9.054073018844885,10.070145767315527,0.09930342848121228,4.203577512776832,45.07589057750759
2021-11-23,PYPL.OQ,189.09,190.76,185.22,188.05,188.05,5356266,220945618844.6,1187000000.0,18.8160136286201,1174000000.0,0.92675,0.91575,1087000000.0,2021-09-30,6182000000.0,1174000000.0,24569000000.0,4935000000.0,2021-11-08,220770700000.0,8.98574219544955,9.99414667270258,0.10005856755448074,4.203577512776832,44.73570415400202
2021-11-24,PYPL.OQ,187.0,189.61,184.76,188.71,188.71,4260006,221721072758.12,1187000000.0,18.8160136286201,1174000000.0,0.92675,0.91575,1087000000.0,2021-09-30,6182000000.0,1174000000.0,24569000000.0,4935000000.0,2021-11-08,221545540000.0,9.017279498555089,10.029223177908557,0.09970861972667108,4.203577512776832,44.892713272543055
2021-11-26,PYPL.OQ,188.62,192.92,186.83,187.79,187.79,3270442,220640136999.88,1187000000.0,18.8160136286201,1174000000.0,0.92675,0.91575,1087000000.0,2021-09-30,6182000000.0,1174000000.0,24569000000.0,4935000000.0,2021-11-08,220465460000.0,8.97331840937767,9.980328655500227,0.10019710116949838,4.203577512776832,44.67385207700101
2021-11-29,PYPL.OQ,189.27,189.89,182.5,187.24,187.24,5060752,219993925405.28,1187000000.0,18.8160136286201,1174000000.0,0.92675,0.91575,1087000000.0,2021-09-30,6182000000.0,1174000000.0,24569000000.0,4935000000.0,2021-11-08,219819760000.0,8.947037323456389,9.951098234495248,0.1004914207894686,4.203577512776832,44.54301114488348
2021-11-30,PYPL.OQ,186.58,188.8,180.5,184.89,184.89,6357855,217232839501.08,1187000000.0,18.8160136286201,1174000000.0,0.92675,0.91575,1087000000.0,2021-09-30,6182000000.0,1174000000.0,24569000000.0,4935000000.0,2021-11-08,217060859999.99997,8.834745410883633,9.82620461747397,0.10176869289101684,4.203577512776832,43.98396352583586
2021-12-01,PYPL.OQ,187.56,190.35,179.15,179.32,179.32,5447109,210688478443.039,1187000000.0,18.8160136286201,1174000000.0,0.92675,0.91575,1087000000.0,2021-09-30,6182000000.0,1174000000.0,24569000000.0,4935000000.0,2021-11-08,210521680000.0,8.568589686189915,9.53018017202354,0.1049298105544284,4.203577512776832,42.65890172239108
2021-12-02,PYPL.OQ,180.0,188.8,179.75,187.15,187.15,5502483,219888181689.8,1187000000.0,18.8160136286201,1174000000.0,0.92675,0.91575,1087000000.0,2021-09-30,6182000000.0,1174000000.0,24569000000.0,4935000000.0,2021-11-08,219714100000.0,8.942736782123815,9.946315074694432,0.10053974688015016,4.203577512776832,44.52160081053698
2021-12-03,PYPL.OQ,187.5,187.65,179.29,183.93,183.93,5454329,216104906535.96,1187000000.0,18.8160136286201,1174000000.0,0.92675,0.91575,1087000000.0,2021-09-30,6182000000.0,1174000000.0,24569000000.0,4935000000.0,2021-11-08,215933820000.0,8.78887297000285,9.77518424626528,0.10229986205958844,4.203577512776832,43.75558662613982
2021-12-06,PYPL.OQ,183.41,186.03,179.2,184.86,184.86,3571024,217197591595.92,1187000000.0,18.8160136286201,1174000000.0,0.92675,0.91575,1087000000.0,2021-09-30,6182000000.0,1174000000.0,24569000000.0,4935000000.0,2021-11-08,217025640000.00003,8.83331189710611,9.824610230873699,0.10178520842053501,4.203577512776832,43.97682674772037
2021-12-07,PYPL.OQ,188.6,192.81,188.47,191.02,191.02,5284324,224435161455.44,1187000000.0,18.8160136286201,1174000000.0,0.92675,0.91575,1087000000.0,2021-09-30,6182000000.0,1174000000.0,24569000000.0,4935000000.0,2021-11-08,224257480000.0,9.127660059424478,10.151990946129471,0.09850284592513925,4.203577512776832,45.442245187436676
2021-12-08,PYPL.OQ,191.6,197.67,190.09,197.35,197.35,4122949,231872469444.199,1187000000.0,18.8160136286201,1174000000.0,0.92675,0.91575,1087000000.0,2021-09-30,6182000000.0,1174000000.0,24569000000.0,4935000000.0,2021-11-08,231688900000.0,9.430131466482152,10.488406518786782,0.09534336776600001,4.203577512776832,46.94810536980749
2021-12-09,PYPL.OQ,195.92,196.38,191.47,191.75,191.75,3032420,225292860481.0,1187000000.0,18.8160136286201,1174000000.0,0.92675,0.91575,1087000000.0,2021-09-30,6182000000.0,1174000000.0,24569000000.0,4935000000.0,2021-11-08,225114500000.0,9.162542228010908,10.19078768673608,0.09812784160949206,4.203577512776832,45.61590678824721
2021-12-10,PYPL.OQ,192.94,194.05,186.8,188.51,188.51,3451774,221486086723.72,1187000000.0,18.8160136286201,1174000000.0,0.92675,0.91575,1087000000.0,2021-09-30,6182000000.0,1174000000.0,24569000000.0,4935000000.0,2021-11-08,221310740000.0,9.00772274003826,10.018593933906745,0.09981440575364757,4.203577512776832,44.845134751773045
2021-12-13,PYPL.OQ,187.33,190.2,185.38,186.38,186.38,3467535,218983485457.36,1187000000.0,18.8160136286201,1174000000.0,0.92675,0.91575,1087000000.0,2021-09-30,6182000000.0,1174000000.0,24569000000.0,4935000000.0,2021-11-08,218810120000.0,8.905943261834018,9.90539248528746,0.10095511121697662,4.203577512776832,44.338423505572436
2021-12-14,PYPL.OQ,184.0,189.09,182.9,186.8,186.8,3538629,219476956129.6,1187000000.0,18.8160136286201,1174000000.0,0.92675,0.91575,1087000000.0,2021-09-30,6182000000.0,1174000000.0,24569000000.0,4935000000.0,2021-11-08,219303200000.0,8.926012454719363,9.927713897691264,0.10072812435021467,4.203577512776832,44.43833839918946
2021-12-15,PYPL.OQ,185.19,191.1,183.7,190.66,190.66,3089138,224012186593.52,1187000000.0,18.8160136286201,1174000000.0,0.92675,0.91575,1087000000.0,2021-09-30,6182000000.0,1174000000.0,24569000000.0,4935000000.0,2021-11-08,223834840000.0,9.110457894094184,10.132858306926211,0.0986888368227216,4.203577512776832,45.356603850050654
2021-12-16,PYPL.OQ,194.49,195.18,188.26,188.75,188.75,4031990,221768069965.0,1187000000.0,18.8160136286201,1174000000.0,0.92675,0.91575,1087000000.0,2021-09-30,6182000000.0,1174000000.0,24569000000.0,4935000000.0,2021-11-08,221592500000.0,9.019190850258456,10.031349026708918,0.09968748942315286,4.203577512776832,44.90222897669706
2021-12-17,PYPL.OQ,187.11,187.8,181.99,186.2,186.2,6959871,218771998026.4,1187000000.0,18.8160136286201,1174000000.0,0.92675,0.91575,1087000000.0,2021-09-30,6182000000.0,1174000000.0,24569000000.0,4935000000.0,2021-11-08,218598800000.0,8.897342179168872,9.89582616568583,0.10105270477239582,4.203577512776832,44.295602836879425
2021-12-20,PYPL.OQ,182.52,184.38,181.72,182.68,182.68,3024762,214636243820.96,1187000000.0,18.8160136286201,1174000000.0,0.92675,0.91575,1087000000.0,2021-09-30,6182000000.0,1174000000.0,24569000000.0,4935000000.0,2021-11-08,214466320000.0,8.72914322927266,9.708751471253962,0.10299985564166905,4.203577512776832,43.45822087132725
2021-12-21,PYPL.OQ,183.09,189.29,183.09,189.14,189.14,3541856,222226292732.08,1187000000.0,18.8160136286201,1174000000.0,0.92675,0.91575,1087000000.0,2021-09-30,6182000000.0,1174000000.0,24569000000.0,4935000000.0,2021-11-08,222050359999.99997,9.037826529366273,10.052076052512449,0.09948193734070056,4.203577512776832,44.99500709219858
2021-12-22,PYPL.OQ,189.16,191.77,188.06,191.68,191.68,2757376,225210615368.96,1187000000.0,18.8160136286201,1174000000.0,0.92675,0.91575,1087000000.0,2021-09-30,6182000000.0,1174000000.0,24569000000.0,4935000000.0,2021-11-08,225032320000.0,9.159197362530017,10.187067451335446,0.09816367711091456,4.203577512776832,45.59925430597771
2021-12-23,PYPL.OQ,192.47,192.95,190.27,192.01,192.01,2256996,225598342325.72,1187000000.0,18.8160136286201,1174000000.0,0.92675,0.91575,1087000000.0,2021-09-30,6182000000.0,1174000000.0,24569000000.0,4935000000.0,2021-11-08,225419740000.0,9.174966014082788,10.204605703938434,0.09799496707786107,4.203577512776832,45.67775886524822
2021-12-27,PYPL.OQ,192.39,193.92,191.11,192.01,192.01,2164952,225598342325.72,1187000000.0,18.8160136286201,1174000000.0,0.92675,0.91575,1087000000.0,2021-09-30,6182000000.0,1174000000.0,24569000000.0,4935000000.0,2021-11-08,225419740000.0,9.174966014082788,10.204605703938434,0.09799496707786107,4.203577512776832,45.67775886524822
2021-12-28,PYPL.OQ,192.15,194.0,189.12,190.1,190.1,1958785,223354225697.199,1187000000.0,18.8160136286201,1174000000.0,0.92675,0.91575,1087000000.0,2021-09-30,6182000000.0,1174000000.0,24569000000.0,4935000000.0,2021-11-08,223177400000.0,9.08369897024706,10.10309642372114,0.0989795561736986,4.203577512776832,45.22338399189462
2021-12-29,PYPL.OQ,189.78,191.26,187.83,189.97,189.97,1696368,223201484774.84,1187000000.0,18.8160136286201,1174000000.0,0.92675,0.91575,1087000000.0,2021-09-30,6182000000.0,1174000000.0,24569000000.0,4935000000.0,2021-11-08,223024780000.0,9.077487077211119,10.096187415119964,0.0990472897226936,4.203577512776832,45.19245795339412
2021-12-30,PYPL.OQ,189.25,193.88,188.92,191.88,191.88,2202556,225445601403.36,1187000000.0,18.8160136286201,1174000000.0,0.92675,0.91575,1087000000.0,2021-09-30,6182000000.0,1174000000.0,24569000000.0,4935000000.0,2021-11-08,225267120000.0,9.168754121046847,10.197696695337257,0.09806135933197885,4.203577512776832,45.64683282674771
2021-12-31,PYPL.OQ,191.39,192.14,188.42,188.58,188.58,2076413,221568331835.76,1187000000.0,18.8160136286201,1174000000.0,0.92675,0.91575,1087000000.0,2021-09-30,6182000000.0,1174000000.0,24569000000.0,4935000000.0,2021-11-08,221392920000.0,9.01106760551915,10.02231416930738,0.0997773551204799,4.203577512776832,44.86178723404255
2022-01-03,PYPL.OQ,191.29,196.0,189.96,194.94,194.94,4096492,229040887729.68,1187000000.0,18.8160136286201,1174000000.0,0.92675,0.91575,1087000000.0,2021-09-30,6182000000.0,1174000000.0,24569000000.0,4935000000.0,2021-11-08,228859560000.0,9.31497252635435,10.360324128564962,0.09652207668318509,4.203577512776832,46.37478419452887
2022-01-04,PYPL.OQ,196.0,196.0,188.2,191.14,191.14,3629271,224576153076.08,1187000000.0,18.8160136286201,1174000000.0,0.92675,0.91575,1087000000.0,2021-09-30,6182000000.0,1174000000.0,24569000000.0,4935000000.0,2021-11-08,224398359999.99997,9.133394114534575,10.158368492530556,0.09844100464905359,4.203577512776832,45.470792299898676
2022-01-05,PYPL.OQ,190.0,194.18,187.15,187.16,187.16,4011553,219899930991.52,1187000000.0,18.8160136286201,1174000000.0,0.92675,0.91575,1087000000.0,2021-09-30,6182000000.0,1174000000.0,24569000000.0,4935000000.0,2021-11-08,219725840000.0,8.943214620049655,9.946846536894522,0.10053437501934229,4.203577512776832,44.52397973657548
2022-01-06,PYPL.OQ,185.52,195.0,185.07,192.27,192.27,4181162,225903824170.44,1187000000.0,18.8160136286201,1174000000.0,0.92675,0.91575,1087000000.0,2021-09-30,6182000000.0,1174000000.0,24569000000.0,4935000000.0,2021-11-08,225724980000.0,9.187389800154666,10.21842372114079,0.09786245190939875,4.203577512776832,45.739610942249236
2022-01-07,PYPL.OQ,190.02,193.06,186.31,187.6,187.6,3866658,220416900267.199,1187000000.0,18.8160136286201,1174000000.0,0.92675,0.91575,1087000000.0,2021-09-30,6182000000.0,1174000000.0,24569000000.0,4935000000.0,2021-11-08,220242400000.0,8.964239488786683,9.970230873698506,0.10029858010991526,4.203577512776832,44.628652482269494
2022-01-10,PYPL.OQ,185.37,185.75,177.4,182.95,182.95,4249413,214953474967.4,1187000000.0,18.8160136286201,1174000000.0,0.92675,0.91575,1087000000.0,2021-09-30,6182000000.0,1174000000.0,24569000000.0,4935000000.0,2021-11-08,214783300000.0,8.74204485327038,9.723100950656406,0.10284784710915607,4.203577512776832,43.52245187436676
2022-01-11,PYPL.OQ,182.96,192.85,182.64,191.52,191.52,4031612,225022626541.44,1187000000.0,18.8160136286201,1174000000.0,0.92675,0.91575,1087000000.0,2021-09-30,6182000000.0,1174000000.0,24569000000.0,4935000000.0,2021-11-08,224844480000.0,9.151551955716553,10.178564056133999,0.09824568519538482,4.203577512776832,45.5611914893617
2022-01-12,PYPL.OQ,189.9,191.37,185.28,187.2,187.2,4449070,219946928198.4,1187000000.0,18.8160136286201,1174000000.0,0.92675,0.91575,1087000000.0,2021-09-30,6182000000.0,1174000000.0,24569000000.0,4935000000.0,2021-11-08,219772800000.0,8.945125971753022,9.948972385694884,0.10051289331527834,4.203577512776832,44.533495440729475
2022-01-13,PYPL.OQ,187.68,190.84,180.35,181.01,181.01,4058138,212674110433.72,1187000000.0,18.8160136286201,1174000000.0,0.92675,0.91575,1087000000.0,2021-09-30,6182000000.0,1174000000.0,24569000000.0,4935000000.0,2021-11-08,212505740000.0,8.649344295657128,9.61999728383884,0.10395013329992876,4.203577512776832,43.06094022289766
2022-01-14,PYPL.OQ,179.27,182.0,175.41,178.42,178.42,3819429,209631041288.24,1187000000.0,18.8160136286201,1174000000.0,0.92675,0.91575,1087000000.0,2021-09-30,6182000000.0,1174000000.0,24569000000.0,4935000000.0,2021-11-08,209465080000.0,8.525584272864178,9.482348574015392,0.10545910564185687,4.203577512776832,42.44479837892603
2022-01-18,PYPL.OQ,176.85,179.68,174.01,174.46,174.46,4246113,204978317807.12,1187000000.0,18.8160136286201,1174000000.0,0.92675,0.91575,1087000000.0,2021-09-30,6182000000.0,1174000000.0,24569000000.0,4935000000.0,2021-11-08,204816040000.0,8.336360454230942,9.271889542779538,0.10785288105365184,4.203577512776832,41.50274366767984
2022-01-19,PYPL.OQ,174.32,177.28,172.62,173.55,173.55,3616533,203909131350.6,1187000000.0,18.8160136286201,1174000000.0,0.92675,0.91575,1087000000.0,2021-09-30,6182000000.0,1174000000.0,24569000000.0,4935000000.0,2021-11-08,203747700000.0,8.292877202979364,9.2235264825713,0.10841840177827773,4.203577512776832,41.28626139817629
2022-01-20,PYPL.OQ,174.85,179.88,173.04,173.28,173.28,3423985,203591900204.16,1187000000.0,18.8160136286201,1174000000.0,0.92675,0.91575,1087000000.0,2021-09-30,6182000000.0,1174000000.0,24569000000.0,4935000000.0,2021-11-08,203430720000.0,8.279975578981643,9.209177003168856,0.10858733626858322,4.203577512776832,41.22203039513678
2022-01-21,PYPL.OQ,172.0,172.95,163.33,163.54,163.54,6472231,192148080328.88,1187000000.0,18.8160136286201,1174000000.0,0.92675,0.91575,1087000000.0,2021-09-30,6182000000.0,1174000000.0,24569000000.0,4935000000.0,2021-11-08,191995960000.0,7.8145614392120155,8.69153282028067,0.11505450427186072,4.203577512776832,38.90495643363728
2022-01-24,PYPL.OQ,156.03,162.43,152.08,162.17,162.17,8156111,190538425993.24,1187000000.0,18.8160136286201,1174000000.0,0.92675,0.91575,1087000000.0,2021-09-30,6182000000.0,1174000000.0,24569000000.0,4935000000.0,2021-11-08,190387580000.0,7.749097643371728,8.618722498868266,0.11602647609681262,4.203577512776832,38.57904356636271
2022-01-25,PYPL.OQ,159.7,160.91,155.28,158.2,158.2,4310646,185873953210.4,1187000000.0,18.8160136286201,1174000000.0,0.92675,0.91575,1087000000.0,2021-09-30,6182000000.0,1174000000.0,24569000000.0,4935000000.0,2021-11-08,185726800000.0,7.55939598681265,8.407732005432322,0.11893813924538624,4.203577512776832,37.63460992907801
2022-01-26,PYPL.OQ,162.09,165.15,155.52,156.98,156.98,5689078,184440538400.56,1187000000.0,18.8160136286201,1174000000.0,0.92675,0.91575,1087000000.0,2021-09-30,6182000000.0,1174000000.0,24569000000.0,4935000000.0,2021-11-08,184294520000.0,7.5010997598599864,8.342893617021277,0.11986248967142375,4.203577512776832,37.344380952380945
2022-01-27,PYPL.OQ,158.94,162.5,156.54,158.11,158.11,3792055,185768209494.92,1187000000.0,18.8160136286201,1174000000.0,0.92675,0.91575,1087000000.0,2021-09-30,6182000000.0,1174000000.0,24569000000.0,4935000000.0,2021-11-08,185621140000.00003,7.555095445480077,8.402948845631508,0.1190058416837651,4.203577512776832,37.61319959473151
2022-01-28,PYPL.OQ,158.37,163.64,156.79,163.52,163.52,3684121,190501603373.76,1187000000.0,18.8160136286201,1174000000.0,0.92675,0.91575,1087000000.0,2021-09-30,6182000000.0,1174000000.0,24569000000.0,4935000000.0,2021-11-08,191972480000.0,7.813605763360332,8.69046989588049,0.1150685764959644,4.203577512776832,38.90019858156028
2022-01-31,PYPL.OQ,164.35,172.16,163.25,171.94,171.94,5401510,200310944741.22,1187000000.0,18.8160136286201,1174000000.0,0.92675,0.91575,1087000000.0,2021-09-30,6182000000.0,1174000000.0,24569000000.0,4935000000.0,2021-11-08,201857560000.0,8.215945296918882,9.137961068356722,0.10943360258590266,4.203577512776832,40.903254305977704
2022-02-01,PYPL.OQ,172.88,176.2,170.54,175.8,175.8,6654925,204807863705.4,1183000000.0,18.6018835616438,1168000000.0,0.68399,0.67709,801000000.0,2021-12-31,6918000000.0,1174000000.0,25371000000.0,4169000000.0,2022-02-01,205334400000.0,8.093271845808205,9.450655865973232,0.1058127620116257,3.5511073253833048,49.505684816502765
2022-02-02,PYPL.OQ,139.58,139.82,129.01,132.57,132.57,30103261,154444701316.41,1183000000.0,18.6018835616438,1168000000.0,0.68399,0.67709,801000000.0,2021-12-31,6918000000.0,1174000000.0,25371000000.0,4169000000.0,2022-02-01,154841760000.0,6.103100390209294,7.126697657292783,0.1403174440796847,3.5511073253833048,37.33201727032861
2022-02-03,PYPL.OQ,129.89,131.45,123.85,124.3,124.3,12079467,144810110685.9,1183000000.0,18.6018835616438,1168000000.0,0.68399,0.67709,801000000.0,2021-12-31,6918000000.0,1174000000.0,25371000000.0,4169000000.0,2022-02-01,145182400000.0,5.72237594103504,6.68211902241452,0.14965312599874336,3.5511073253833048,35.00316622691293
2022-02-04,PYPL.OQ,124.34,126.7,121.4,126.08,126.08,7875456,146883819431.04,1183000000.0,18.6018835616438,1168000000.0,0.68399,0.67709,801000000.0,2021-12-31,6918000000.0,1174000000.0,25371000000.0,4169000000.0,2022-02-01,147261440000.0,5.80432146939419,6.777808257007424,0.14754032012725093,3.5511073253833048,35.50441832573759
2022-02-07,PYPL.OQ,126.7,129.4,120.5,121.41,121.41,7729928,141443246487.33,1183000000.0,18.6018835616438,1168000000.0,0.68399,0.67709,801000000.0,2021-12-31,6918000000.0,1174000000.0,25371000000.0,4169000000.0,2022-02-01,141806880000.0,5.589329549485633,6.526758411193459,0.1532154152182176,3.5511073253833048,34.189335572079635
2022-02-08,PYPL.OQ,121.0,123.32,118.56,120.26,120.26,7539651,140103490837.38,1183000000.0,18.6018835616438,1168000000.0,0.68399,0.67709,801000000.0,2021-12-31,6918000000.0,1174000000.0,25371000000.0,4169000000.0,2022-02-01,140463680000.0,5.53638721374798,6.464936714686808,0.1546805551442192,3.5511073253833048,33.865492923962584
2022-02-09,PYPL.OQ,122.32,123.97,119.82,122.94,122.94,7593825,143225704004.22,1183000000.0,18.6018835616438,1168000000.0,0.68399,0.67709,801000000.0,2021-12-31,6918000000.0,1174000000.0,25371000000.0,4169000000.0,2022-02-01,143593920000.0,5.659765874423554,6.6090081465457855,0.15130863479456483,3.5511073253833048,34.620187095226676
2022-02-10,PYPL.OQ,121.47,125.25,118.48,119.02,119.02,7390333,138658884745.26,1183000000.0,18.6018835616438,1168000000.0,0.68399,0.67709,801000000.0,2021-12-31,6918000000.0,1174000000.0,25371000000.0,4169000000.0,2022-02-01,139015360000.0,5.479301564778685,6.39827679845355,0.15629208168075784,3.5511073253833048,33.51630606860159
2022-02-11,PYPL.OQ,119.68,120.89,114.75,115.29,115.29,7122723,134313416419.77,1183000000.0,18.6018835616438,1168000000.0,0.68399,0.67709,801000000.0,2021-12-31,6918000000.0,1174000000.0,25371000000.0,4169000000.0,2022-02-01,134658720000.0,5.3075842497339485,6.1977594697841525,0.16134863007757652,3.5511073253833048,32.465929479491486
2022-02-14,PYPL.OQ,113.55,116.61,113.1,114.12,114.12,6304099,132950360671.56,1183000000.0,18.6018835616438,1168000000.0,0.68399,0.67709,801000000.0,2021-12-31,6918000000.0,1174000000.0,25371000000.0,4169000000.0,2022-02-01,133292160000.0,5.253721177722596,6.134862613338255,0.16300283527553275,3.5511073253833048,32.136454785320225
2022-02-15,PYPL.OQ,115.34,116.38,114.02,115.46,115.46,5344753,134511467254.98,1183000000.0,18.6018835616438,1168000000.0,0.68399,0.67709,801000000.0,2021-12-31,6918000000.0,1174000000.0,25371000000.0,4169000000.0,2022-02-01,134857280000.0,5.315410508060384,6.2068983292677435,0.16111106497179803,3.5511073253833048,32.513801870952264
2022-02-16,PYPL.OQ,114.73,114.75,110.38,110.54,110.54,7232664,128779643083.02,1183000000.0,18.6018835616438,1168000000.0,0.68399,0.67709,801000000.0,2021-12-31,6918000000.0,1174000000.0,25371000000.0,4169000000.0,2022-02-01,129110720000.0,5.088909384730598,5.942408984213203,0.1682819211293993,3.5511073253833048,31.128318541616697
2022-02-17,PYPL.OQ,110.01,111.39,104.99,105.2,105.2,7193799,122558516847.6,1183000000.0,18.6018835616438,1168000000.0,0.68399,0.67709,801000000.0,2021-12-31,6918000000.0,1174000000.0,25371000000.0,4169000000.0,2022-02-01,122873600000.0,4.8430727996531475,5.655341280434493,0.17682398822855322,3.5511073253833048,29.624562245142723
2022-02-18,PYPL.OQ,106.0,106.74,103.05,103.65,103.65,6910853,120752759232.45,1183000000.0,18.6018835616438,1168000000.0,0.68399,0.67709,801000000.0,2021-12-31,6918000000.0,1174000000.0,25371000000.0,4169000000.0,2022-02-01,121063200000.0,4.771715738441528,5.572016385142921,0.17946824468542016,3.5511073253833048,29.188078675941476
2022-02-22,PYPL.OQ,102.17,105.08,101.73,103.17,103.17,7874585,120193556874.21,1183000000.0,18.6018835616438,1168000000.0,0.68399,0.67709,801000000.0,2021-12-31,6918000000.0,1174000000.0,25371000000.0,4169000000.0,2022-02-01,120502560000.0,4.749618067872768,5.546212546601015,0.18030322343359306,3.5511073253833048,29.052909570640445
2022-02-23,PYPL.OQ,105.08,105.53,100.595,100.72,100.72,7284876,117339294837.36,1183000000.0,18.6018835616438,1168000000.0,0.68399,0.67709,801000000.0,2021-12-31,6918000000.0,1174000000.0,25371000000.0,4169000000.0,2022-02-01,117640960000.0,4.636827874344724,5.414505454043367,0.1846890742816104,3.5511073253833048,28.36298392899976
2022-02-24,PYPL.OQ,94.68,105.25,94.5,105.02,105.02,10151323,122348815963.26,1183000000.0,18.6018835616438,1168000000.0,0.68399,0.67709,801000000.0,2021-12-31,6918000000.0,1174000000.0,25371000000.0,4169000000.0,2022-02-01,122663360000.0,4.834786173189863,5.645664840981278,0.17712705733806702,3.5511073253833048,29.573873830654833
2022-02-25,PYPL.OQ,105.97,111.1,104.53,110.94,110.94,8605466,129245645048.22,1183000000.0,18.6018835616438,1168000000.0,0.68399,0.67709,801000000.0,2021-12-31,6918000000.0,1174000000.0,25371000000.0,4169000000.0,2022-02-01,129577920000.0,5.107324110204564,5.963912182998125,0.16767517181939606,3.5511073253833048,31.24095946270089
2022-02-28,PYPL.OQ,110.31,113.53,108.96,111.93,111.93,6694338,130398999912.09,1183000000.0,18.6018835616438,1168000000.0,0.68399,0.67709,801000000.0,2021-12-31,6918000000.0,1174000000.0,25371000000.0,4169000000.0,2022-02-01,130734240000.00002,5.152900555752631,6.017132599990807,0.16619211615870452,3.5511073253833048,31.51974574238427
2022-03-01,PYPL.OQ,112.75,112.75,105.58,106.51,106.51,5914287,124084673283.63,1183000000.0,18.6018835616438,1168000000.0,0.68399,0.67709,801000000.0,2021-12-31,6918000000.0,1174000000.0,25371000000.0,4169000000.0,2022-02-01,124403680000.0,4.903381025580387,5.725764256455114,0.17464917436525956,3.5511073253833048,29.993461261693454
2022-03-02,PYPL.OQ,105.87,107.22,103.69,106.61,106.61,4936924,124201173774.93,1183000000.0,18.6018835616438,1168000000.0,0.68399,0.67709,801000000.0,2021-12-31,6918000000.0,1174000000.0,25371000000.0,4169000000.0,2022-02-01,124520480000.0,4.907984706948879,5.731140056151344,0.1744853537345821,3.5511073253833048,30.021621491964503
2022-03-03,PYPL.OQ,107.61,107.75,100.86,101.34,101.34,5807539,118061597883.42,1183000000.0,18.6018835616438,1168000000.0,0.68399,0.67709,801000000.0,2021-12-31,6918000000.0,1174000000.0,25371000000.0,4169000000.0,2022-02-01,118365120000.0,4.665370698829372,5.447835412159996,0.18355914309891255,3.5511073253833048,28.537577356680263
2022-03-04,PYPL.OQ,100.28,102.35,98.62,99.91,99.91,6107206,116395640857.83,1183000000.0,18.6018835616438,1168000000.0,0.68399,0.67709,801000000.0,2021-12-31,6918000000.0,1174000000.0,25371000000.0,4169000000.0,2022-02-01,116694880000.0,4.599538055259942,5.3709614765039,0.18618640337947953,3.5511073253833048,28.13488606380427
2022-03-07,PYPL.OQ,99.53,100.33,93.5,93.61,93.61,6434564,109056109905.93,1183000000.0,18.6018835616438,1168000000.0,0.68399,0.67709,801000000.0,2021-12-31,6918000000.0,1174000000.0,25371000000.0,4169000000.0,2022-02-01,109336480000.0,4.309506129044973,5.0322860956413775,0.1987168418079671,3.5511073253833048,26.360791556728234
2022-03-08,PYPL.OQ,93.0,98.6,92.25,94.9,94.9,6596382,110558966243.7,1183000000.0,18.6018835616438,1168000000.0,0.68399,0.67709,801000000.0,2021-12-31,6918000000.0,1174000000.0,25371000000.0,4169000000.0,2022-02-01,110843200000.0,4.368893618698514,5.101633911722752,0.19601563289403368,3.5511073253833048,26.724058527224756
2022-03-09,PYPL.OQ,98.13,100.72,97.3,100.22,100.22,5935638,116756792380.86,1183000000.0,18.6018835616438,1168000000.0,0.68399,0.67709,801000000.0,2021-12-31,6918000000.0,1174000000.0,25371000000.0,4169000000.0,2022-02-01,117056960000.0,4.613809467502266,5.387626455562215,0.18561049253286568,3.5511073253833048,28.22218277764452
2022-03-10,PYPL.OQ,98.9,99.29,96.41,98.55,98.55,4317574,114811234176.15,1183000000.0,18.6018835616438,1168000000.0,0.68399,0.67709,801000000.0,2021-12-31,6918000000.0,1174000000.0,25371000000.0,4169000000.0,2022-02-01,115106400000.0,4.536927988648457,5.297850600635165,0.18875579463869913,3.5511073253833048,27.751906932118015
2022-03-11,PYPL.OQ,99.64,99.64,95.53,96.57,96.57,4841618,112504524448.409,1183000000.0,18.6018835616438,1168000000.0,0.68399,0.67709,801000000.0,2021-12-31,6918000000.0,1174000000.0,25371000000.0,4169000000.0,2022-02-01,112793759999.99998,4.445775097552323,5.191409766649801,0.1926259041280294,3.5511073253833048,27.19433437275126
2022-03-14,PYPL.OQ,96.0,100.64,94.63,96.87,96.87,5553389,112854025922.31,1183000000.0,18.6018835616438,1168000000.0,0.68399,0.67709,801000000.0,2021-12-31,6918000000.0,1174000000.0,25371000000.0,4169000000.0,2022-02-01,113144160000.0,4.459586141657798,5.207537165738493,0.1920293544094539,3.5511073253833048,27.278815063564405
2022-03-15,PYPL.OQ,98.72,100.57,97.2,100.46,100.46,6735995,117036393559.98,1183000000.0,18.6018835616438,1168000000.0,0.68399,0.67709,801000000.0,2021-12-31,6918000000.0,1174000000.0,25371000000.0,4169000000.0,2022-02-01,117337280000.0,4.624858302786646,5.400528374833168,0.18516706710774236,3.5511073253833048,28.289767330295035
2022-03-16,PYPL.OQ,102.45,107.94,101.9,107.92,107.92,6903045,125727330210.96,1183000000.0,18.6018835616438,1168000000.0,0.68399,0.67709,801000000.0,2021-12-31,6918000000.0,1174000000.0,25371000000.0,4169000000.0,2022-02-01,126050560000.0,4.9682929328761185,5.801563032171964,0.1723673421204948,3.5511073253833048,30.390520508515234
2022-03-17,PYPL.OQ,106.63,112.18,106.5,112.16,112.16,6518059,130666951042.08,1183000000.0,18.6018835616438,1168000000.0,0.68399,0.67709,801000000.0,2021-12-31,6918000000.0,1174000000.0,25371000000.0,4169000000.0,2022-02-01,131002880000.0,5.163489022900162,6.0294969392921365,0.16585131563519792,3.5511073253833048,31.584514272007677
2022-03-18,PYPL.OQ,111.61,119.38,110.23,118.77,118.77,14160517,138367633517.01,1183000000.0,18.6018835616438,1168000000.0,0.68399,0.67709,801000000.0,2021-12-31,6918000000.0,1174000000.0,25371000000.0,4169000000.0,2022-02-01,138723360000.0,5.467792361357455,6.384837299212974,0.1566210622349398,3.5511073253833048,33.44590549292396
2022-03-21,PYPL.OQ,117.09,117.5,112.5,114.65,114.65,5535296,133567813275.45,1183000000.0,18.6018835616438,1168000000.0,0.68399,0.67709,801000000.0,2021-12-31,6918000000.0,1174000000.0,25371000000.0,4169000000.0,2022-02-01,133911200000.0,5.278120688975602,6.163354351728277,0.1622493114840279,3.5511073253833048,32.28570400575678
2022-03-22,PYPL.OQ,114.65,119.35,114.65,117.87,117.87,5089287,137319129095.31,1183000000.0,18.6018835616438,1168000000.0,0.68399,0.67709,801000000.0,2021-12-31,6918000000.0,1174000000.0,25371000000.0,4169000000.0,2022-02-01,137672160000.0,5.426359229041031,6.336455101946899,0.1578169471591058,3.5511073253833048,33.19246342048453
2022-03-23,PYPL.OQ,115.34,117.29,114.1,114.65,114.65,4759725,133567813275.45,1183000000.0,18.6018835616438,1168000000.0,0.68399,0.67709,801000000.0,2021-12-31,6918000000.0,1174000000.0,25371000000.0,4169000000.0,2022-02-01,133911200000.0,5.278120688975602,6.163354351728277,0.1622493114840279,3.5511073253833048,32.28570400575678
2022-03-24,PYPL.OQ,115.87,116.19,113.325,116.05,116.05,3934422,135198820153.65,1183000000.0,18.6018835616438,1168000000.0,0.68399,0.67709,801000000.0,2021-12-31,6918000000.0,1174000000.0,25371000000.0,4169000000.0,2022-02-01,135546400000.0,5.342572228134484,6.238615547475503,0.16029197381855922,3.5511073253833048,32.67994722955145
2022-03-25,PYPL.OQ,115.98,116.19,112.1,113.76,113.76,3581921,132530958902.88,1183000000.0,18.6018835616438,1168000000.0,0.68399,0.67709,801000000.0,2021-12-31,6918000000.0,1174000000.0,25371000000.0,4169000000.0,2022-02-01,132871680000.0,5.237147924796027,6.115509734431825,0.16351866703273382,3.5511073253833048,32.03507795634445
2022-03-28,PYPL.OQ,113.85,117.05,112.36,116.17,116.17,4048804,135338620743.21,1183000000.0,18.6018835616438,1168000000.0,0.68399,0.67709,801000000.0,2021-12-31,6918000000.0,1174000000.0,25371000000.0,4169000000.0,2022-02-01,135686560000.0,5.348096645776674,6.24506650711098,0.16012639719070154,3.5511073253833048,32.71373950587671
2022-03-29,PYPL.OQ,118.57,121.54,116.97,121.18,121.18,4382533,141175295357.34,1183000000.0,18.6018835616438,1168000000.0,0.68399,0.67709,801000000.0,2021-12-31,6918000000.0,1174000000.0,25371000000.0,4169000000.0,2022-02-01,141538240000.0,5.5787410823381025,6.514394071892129,0.15350621853147217,3.5511073253833048,34.12456704245623
2022-03-30,PYPL.OQ,122.34,122.8,118.03,118.49,118.49,4442034,138041432141.37,1183000000.0,18.6018835616438,1168000000.0,0.68399,0.67709,801000000.0,2021-12-31,6918000000.0,1174000000.0,25371000000.0,4169000000.0,2022-02-01,138396320000.0,5.454902053525679,6.369785060063528,0.1569911685513022,3.5511073253833048,33.36705684816503
2022-03-31,PYPL.OQ,118.04,118.86,115.59,115.65,115.65,4562024,134732818188.45,1183000000.0,18.6018835616438,1168000000.0,0.68399,0.67709,801000000.0,2021-12-31,6918000000.0,1174000000.0,25371000000.0,4169000000.0,2022-02-01,135079200000.0,5.324157502660518,6.2171123486905815,0.160846377532588,3.5511073253833048,32.56730630846726
2022-04-01,PYPL.OQ,116.0,118.19,115.05,116.67,116.67,3220513,135921123199.71,1183000000.0,18.6018835616438,1168000000.0,0.68399,0.67709,801000000.0,2021-12-31,6918000000.0,1174000000.0,25371000000.0,4169000000.0,2022-02-01,136270560000.0,5.371115052619132,6.271945505592133,0.15944016080949514,3.5511073253833048,32.85454065723195
2022-04-04,PYPL.OQ,117.06,122.3,116.89,121.86,121.86,4420005,141967498698.18,1183000000.0,18.6018835616438,1168000000.0,0.68399,0.67709,801000000.0,2021-12-31,6918000000.0,1174000000.0,25371000000.0,4169000000.0,2022-02-01,142332480000.0,5.610046115643845,6.550949509826496,0.15264962712656982,3.5511073253833048,34.316056608299355
2022-04-05,PYPL.OQ,122.81,122.88,117.21,117.65,117.65,3511730,136626439105.0,1183000000.0,18.6018835616438,1168000000.0,0.68399,0.67709,801000000.0,2021-12-31,6918000000.0,1174000000.0,25371000000.0,4169000000.0,2022-02-01,137415200000.0,5.41623113003035,6.324628342615192,0.15811205747253548,3.5511073253833048,33.13051091388822
2022-04-06,PYPL.OQ,115.01,115.5,110.87,112.49,112.49,4980115,130634153293.0,1183000000.0,18.6018835616438,1168000000.0,0.68399,0.67709,801000000.0,2021-12-31,6918000000.0,1174000000.0,25371000000.0,4169000000.0,2022-02-01,131388320000.0,5.178681171416184,6.047237078289697,0.16536477519462886,3.5511073253833048,31.677443031902136
2022-04-07,PYPL.OQ,111.54,114.3,110.1,113.04,113.04,3594511,131272865928.0,1183000000.0,18.6018835616438,1168000000.0,0.68399,0.67709,801000000.0,2021-12-31,6918000000.0,1174000000.0,25371000000.0,4169000000.0,2022-02-01,132030720000.0,5.204001418942887,6.076803976618966,0.1645601872049168,3.5511073253833048,31.832324298392905
2022-04-08,PYPL.OQ,112.26,113.23,110.25,111.21,111.21,2933300,129147694797.0,1183000000.0,18.6018835616438,1168000000.0,0.68399,0.67709,801000000.0,2021-12-31,6918000000.0,1174000000.0,25371000000.0,4169000000.0,2022-02-01,129893280000.0,5.119754049899491,5.978426842177947,0.16726808346051433,3.5511073253833048,31.316992084432716
2022-04-11,PYPL.OQ,109.93,111.36,108.47,109.81,109.81,3417478,127521880817.0,1183000000.0,18.6018835616438,1168000000.0,0.68399,0.67709,801000000.0,2021-12-31,6918000000.0,1174000000.0,25371000000.0,4169000000.0,2022-02-01,128258080000.0,5.055302510740609,5.90316564643072,0.16940063347276021,3.5511073253833048,30.922748860638045
2022-04-12,PYPL.OQ,111.64,112.68,107.76,108.25,108.25,3946813,125710259525.0,1183000000.0,18.6018835616438,1168000000.0,0.68399,0.67709,801000000.0,2021-12-31,6918000000.0,1174000000.0,25371000000.0,4169000000.0,2022-02-01,126436000000.0,4.983485081392141,5.8193031711695244,0.17184188047707896,3.5511073253833048,30.483449268409693
2022-04-13,PYPL.OQ,102.62,105.92,102.3,105.17,105.17,5884029,122133468769.0,1183000000.0,18.6018835616438,1168000000.0,0.68399,0.67709,801000000.0,2021-12-31,6918000000.0,1174000000.0,25371000000.0,4169000000.0,2022-02-01,122838560000.0,4.8416916952425995,5.653728540525624,0.17687442770413425,3.5511073253833048,29.61611417606141
2022-04-14,PYPL.OQ,105.22,105.7,102.07,102.31,102.31,4419531,118812163067.0,1183000000.0,18.6018835616438,1168000000.0,0.68399,0.67709,801000000.0,2021-12-31,6918000000.0,1174000000.0,25371000000.0,4169000000.0,2022-02-01,119498080000.0,4.71002640810374,5.499980669213432,0.18181882085469453,3.5511073253833048,28.81073159030943
2022-04-18,PYPL.OQ,102.02,103.0,99.135,100.58,100.58,4386474,116803121506.0,1183000000.0,18.6018835616438,1168000000.0,0.68399,0.67709,801000000.0,2021-12-31,6918000000.0,1174000000.0,25371000000.0,4169000000.0,2022-02-01,117477440000.0,4.630382720428836,5.406979334468644,0.18494614795828,3.5511073253833048,28.323559606620293
2022-04-19,PYPL.OQ,100.0,104.86,99.91,103.66,103.66,3714785,120379912262.0,1183000000.0,18.6018835616438,1168000000.0,0.68399,0.67709,801000000.0,2021-12-31,6918000000.0,1174000000.0,25371000000.0,4169000000.0,2022-02-01,121074880000.0,4.772176106578377,5.572553965112544,0.1794509315227069,3.5511073253833048,29.190894698968577
2022-04-20,PYPL.OQ,101.94,101.95,94.43,94.9,94.9,7505267,110206961930.0,1183000000.0,18.6018835616438,1168000000.0,0.68399,0.67709,801000000.0,2021-12-31,6918000000.0,1174000000.0,25371000000.0,4169000000.0,2022-02-01,110843200000.0,4.368893618698514,5.101633911722752,0.19601563289403368,3.5511073253833048,26.724058527224756
2022-04-21,PYPL.OQ,96.2,97.58,88.81,89.4,89.4,6909026,103819835580.0,1183000000.0,18.6018835616438,1168000000.0,0.68399,0.67709,801000000.0,2021-12-31,6918000000.0,1174000000.0,25371000000.0,4169000000.0,2022-02-01,104419200000.0,4.1156911434314765,4.805964928430074,0.20807476019735793,3.5511073253833048,25.175245862317105
2022-04-22,PYPL.OQ,89.34,90.23,85.98,86.03,86.03,6161799,99626175091.87,1183000000.0,18.6018835616438,1168000000.0,0.68399,0.67709,801000000.0,2021-12-31,6918000000.0,1174000000.0,25371000000.0,4169000000.0,2022-02-01,100483040000.0,3.9605470813133103,4.6248004786671055,0.21622554413162615,3.5511073253833048,24.226246102182778
2022-04-25,PYPL.OQ,85.26,87.92,84.43,87.78,87.78,4810906,101652744967.62,1183000000.0,18.6018835616438,1168000000.0,0.68399,0.67709,801000000.0,2021-12-31,6918000000.0,1174000000.0,25371000000.0,4169000000.0,2022-02-01,102527040000.0,4.041111505261913,4.718876973351139,0.2119148275420802,3.5511073253833048,24.719050131926124
2022-04-26,PYPL.OQ,86.77,86.81,83.57,83.7,83.7,4842550,96927942057.3,1183000000.0,18.6018835616438,1168000000.0,0.68399,0.67709,801000000.0,2021-12-31,6918000000.0,1174000000.0,25371000000.0,4169000000.0,2022-02-01,97761600000.0,3.8532813054274566,4.499544345744935,0.22224472594556507,3.5511073253833048,23.570112736867355
2022-04-27,PYPL.OQ,83.5,86.6,82.12,82.61,82.61,7097507,95665678534.69,1172000000.0,17.7459086993971,1161000000.0,0.46862,0.4343,509000000.0,2022-03-31,6483000000.0,1163000000.0,25821000000.0,3581000000.0,2022-04-27,95910210000.0,3.7144266294876265,4.65515750133475,0.21481550295844448,3.0791057609630266,26.82921809550405
2022-04-28,PYPL.OQ,85.0,93.14,84.37,92.09,92.09,9255959,106643897061.61,1172000000.0,17.7459086993971,1161000000.0,0.46862,0.4343,509000000.0,2022-03-31,6483000000.0,1163000000.0,25821000000.0,3581000000.0,2022-04-27,106916490000.0,4.140679679330777,5.189365140998876,0.19270179932019868,3.0791057609630266,29.908034068695898
2022-04-29,PYPL.OQ,90.99,94.49,87.75,87.93,87.93,6851531,101826450956.97,1172000000.0,17.7459086993971,1161000000.0,0.46862,0.4343,509000000.0,2022-03-31,6483000000.0,1163000000.0,25821000000.0,3581000000.0,2022-04-27,102086730000.00002,3.953631927500872,4.954944910935294,0.20181859091774249,3.0791057609630266,28.55699246020665
2022-05-02,PYPL.OQ,87.68,92.49,86.82,91.53,91.53,4748270,105995394701.37,1172000000.0,17.7459086993971,1161000000.0,0.46862,0.4343,509000000.0,2022-03-31,6483000000.0,1163000000.0,25821000000.0,3581000000.0,2022-04-27,106266330000.0,4.115500174276751,5.15780857156724,0.19388078989836227,3.0791057609630266,29.726163082937727
2022-05-03,PYPL.OQ,91.46,92.24,90.05,90.71,90.71,3712993,105045801959.59,1172000000.0,17.7459086993971,1161000000.0,0.46862,0.4343,509000000.0,2022-03-31,6483000000.0,1163000000.0,25821000000.0,3581000000.0,2022-04-27,105314310000.0,4.078630184733356,5.111600737756629,0.19563343291144417,3.0791057609630266,29.45985199664898
2022-05-04,PYPL.OQ,90.32,92.85,87.14,92.72,92.72,4522213,107373462216.88,1172000000.0,17.7459086993971,1161000000.0,0.46862,0.4343,509000000.0,2022-03-31,6483000000.0,1163000000.0,25821000000.0,3581000000.0,2022-04-27,107647920000.0,4.169006622516556,5.224866281609466,0.1913924579313751,3.0791057609630266,30.112638927673835
2022-05-05,PYPL.OQ,90.6,90.6,84.17,85.43,85.43,6237234,98931351134.47,1172000000.0,17.7459086993971,1161000000.0,0.46862,0.4343,509000000.0,2022-03-31,6483000000.0,1163000000.0,25821000000.0,3581000000.0,2022-04-27,99184230000.00002,3.8412234227954,4.814067368829775,0.20772455459905298,3.0791057609630266,27.7450684166434
2022-05-06,PYPL.OQ,85.32,85.32,80.9,81.68,81.68,6388076,94588701400.72,1172000000.0,17.7459086993971,1161000000.0,0.46862,0.4343,509000000.0,2022-03-31,6483000000.0,1163000000.0,25821000000.0,3581000000.0,2022-04-27,94830480000.00002,3.6726106657371913,4.602751055671497,0.21726136997303008,3.0791057609630266,26.527182351298524
2022-05-09,PYPL.OQ,79.98,82.12,78.86,79.53,79.53,6606910,92098915553.37,1172000000.0,17.7459086993971,1161000000.0,0.46862,0.4343,509000000.0,2022-03-31,6483000000.0,1163000000.0,25821000000.0,3581000000.0,2022-04-27,92334330000.0,3.5759393516904843,4.4815963694607515,0.223134775548813,3.0791057609630266,25.828927673834126
2022-05-10,PYPL.OQ,81.57,82.23,76.13,78.75,78.75,6796927,91195644408.75,1172000000.0,17.7459086993971,1161000000.0,0.46862,0.4343,509000000.0,2022-03-31,6483000000.0,1163000000.0,25821000000.0,3581000000.0,2022-04-27,91428750000.0,3.5408678982223774,4.43764257632383,0.22534487237329648,3.0791057609630266,25.57560737224239
2022-05-11,PYPL.OQ,77.75,80.33,75.02,75.17,75.17,5553596,87049861462.93,1172000000.0,17.7459086993971,1161000000.0,0.46862,0.4343,509000000.0,2022-03-31,6483000000.0,1163000000.0,25821000000.0,3581000000.0,2022-04-27,87272370000.0,3.3798989194841407,4.235905936028727,0.23607700810691895,3.0791057609630266,24.412932141859816
2022-05-12,PYPL.OQ,73.86,76.55,71.84,74.29,74.29,9247379,86030786325.41,1172000000.0,17.7459086993971,1161000000.0,0.46862,0.4343,509000000.0,2022-03-31,6483000000.0,1163000000.0,25821000000.0,3581000000.0,2022-04-27,86250690000.0,3.3403311258278148,4.186317041207585,0.2388734513312303,3.0791057609630266,24.127134878525553
2022-05-13,PYPL.OQ,76.37,79.17,76.37,78.83,78.83,5368374,91288287603.0699,1172000000.0,17.7459086993971,1161000000.0,0.46862,0.4343,509000000.0,2022-03-31,6483000000.0,1163000000.0,25821000000.0,3581000000.0,2022-04-27,91521630000.0,3.5444649703729523,4.442150657671206,0.22511618291763413,3.0791057609630266,25.601588941636415
2022-05-16,PYPL.OQ,78.5,79.06,76.2,77.65,77.65,4134304,89921800486.85,1172000000.0,17.7459086993971,1161000000.0,0.46862,0.4343,509000000.0,2022-03-31,6483000000.0,1163000000.0,25821000000.0,3581000000.0,2022-04-27,90151650000.0,3.4914081561519694,4.375656457797402,0.2285371371461313,3.0791057609630266,25.218360793074563
2022-05-17,PYPL.OQ,80.0,81.27,77.32,79.75,79.75,3547236,92353684337.75,1172000000.0,17.7459086993971,1161000000.0,0.46862,0.4343,509000000.0,2022-03-31,6483000000.0,1163000000.0,25821000000.0,3581000000.0,2022-04-27,92589750000.0,3.585831300104566,4.493993593166037,0.2225192313404025,3.0791057609630266,25.90037698966769
2022-05-18,PYPL.OQ,78.58,79.92,76.77,77.18,77.18,4039391,89377521720.22,1172000000.0,17.7459086993971,1161000000.0,0.46862,0.4343,509000000.0,2022-03-31,6483000000.0,1163000000.0,25821000000.0,3581000000.0,2022-04-27,89605980000.00002,3.470275357267341,4.349171479881565,0.22992885073072164,3.0791057609630266,25.065719072884672
2022-05-19,PYPL.OQ,76.92,82.31,76.85,81.28,81.28,5379974,94125485429.12,1172000000.0,17.7459086993971,1161000000.0,0.46862,0.4343,509000000.0,2022-03-31,6483000000.0,1163000000.0,25821000000.0,3581000000.0,2022-04-27,94366080000.0,3.654625304984315,4.580210648934615,0.21833056962840916,3.0791057609630266,26.3972745043284
2022-05-20,PYPL.OQ,83.53,83.59,77.57,80.54,80.54,5580078,93268535881.66,1172000000.0,17.7459086993971,1161000000.0,0.46862,0.4343,509000000.0,2022-03-31,6483000000.0,1163000000.0,25821000000.0,3581000000.0,2022-04-27,93506940000.0,3.6213523875914952,4.538510896471381,0.22033658678168733,3.0791057609630266,26.15694498743368
2022-05-23,PYPL.OQ,80.58,82.04,79.29,81.18,81.18,3333901,94009681436.22,1172000000.0,17.7459086993971,1161000000.0,0.46862,0.4343,509000000.0,2022-03-31,6483000000.0,1163000000.0,25821000000.0,3581000000.0,2022-04-27,94249980000.00002,3.650128964796097,4.574575547250394,0.2185995158831867,3.0791057609630266,26.364797542585872
2022-05-24,PYPL.OQ,80.0,80.0,77.2,78.65,78.65,3619543,91079840415.85,1172000000.0,17.7459086993971,1161000000.0,0.46862,0.4343,509000000.0,2022-03-31,6483000000.0,1163000000.0,25821000000.0,3581000000.0,2022-04-27,91312650000.0,3.5363715580341584,4.432007474639609,0.22563138842208644,3.0791057609630266,25.543130410499863
2022-05-25,PYPL.OQ,77.86,80.78,77.25,80.12,80.12,4460289,92782159111.48,1172000000.0,17.7459086993971,1161000000.0,0.46862,0.4343,509000000.0,2022-03-31,6483000000.0,1163000000.0,25821000000.0,3581000000.0,2022-04-27,93019320000.0,3.602467758800976,4.514843469397654,0.22149162131049796,3.0791057609630266,26.020541748115054
2022-05-26,PYPL.OQ,80.23,81.3,79.78,80.42,80.42,5928796,93129571090.18,1172000000.0,17.7459086993971,1161000000.0,0.46862,0.4343,509000000.0,2022-03-31,6483000000.0,1163000000.0,25821000000.0,3581000000.0,2022-04-27,93367620000.0,3.6159567793656326,4.531748774450316,0.2206653655732044,3.0791057609630266,26.117972633342642
2022-05-27,PYPL.OQ,81.14,85.415,80.74,85.21,85.21,4487911,98676582350.09,1172000000.0,17.7459086993971,1161000000.0,0.46862,0.4343,509000000.0,2022-03-31,6483000000.0,1163000000.0,25821000000.0,3581000000.0,2022-04-27,98928810000.0,3.8313314743813174,4.801670145124489,0.20826086960916676,3.0791057609630266,27.673619100809827
2022-05-31,PYPL.OQ,84.67,86.59,83.15,85.21,85.21,4775080,98676582350.09,1172000000.0,17.7459086993971,1161000000.0,0.46862,0.4343,509000000.0,2022-03-31,6483000000.0,1163000000.0,25821000000.0,3581000000.0,2022-04-27,98928810000.0,3.8313314743813174,4.801670145124489,0.20826086960916676,3.0791057609630266,27.673619100809827
2022-06-01,PYPL.OQ,85.55,86.77,81.85,82.48,82.48,3319384,95515133343.92,1172000000.0,17.7459086993971,1161000000.0,0.46862,0.4343,509000000.0,2022-03-31,6483000000.0,1163000000.0,25821000000.0,3581000000.0,2022-04-27,95759280000.0,3.708581387242942,4.647831869145263,0.21515408219443619,3.0791057609630266,26.78699804523876
2022-06-02,PYPL.OQ,82.31,88.61,82.31,88.32,88.32,6628302,102278086529.28,1172000000.0,17.7459086993971,1161000000.0,0.46862,0.4343,509000000.0,2022-03-31,6483000000.0,1163000000.0,25821000000.0,3581000000.0,2022-04-27,102539519999.99998,3.9711676542349243,4.976921807503754,0.20092740828121716,3.0791057609630266,28.68365261100251
2022-06-03,PYPL.OQ,86.68,88.1,85.7,86.53,86.53,4633086,100205195056.37,1172000000.0,17.7459086993971,1161000000.0,0.46862,0.4343,509000000.0,2022-03-31,6483000000.0,1163000000.0,25821000000.0,3581000000.0,2022-04-27,100461330000.0,3.890683164865807,4.876053487356203,0.2050838865063804,3.0791057609630266,28.102314995811227
2022-06-06,PYPL.OQ,87.96,88.99,86.44,86.81,86.81,2555292,100529446236.49,1172000000.0,17.7459086993971,1161000000.0,0.46862,0.4343,509000000.0,2022-03-31,6483000000.0,1163000000.0,25821000000.0,3581000000.0,2022-04-27,100786410000.0,3.90327291739282,4.891831772072021,0.20442240179008292,3.0791057609630266,28.19325048869031
2022-06-07,PYPL.OQ,85.13,88.8,84.52,88.59,88.59,2629081,102590757310.11,1172000000.0,17.7459086993971,1161000000.0,0.46862,0.4343,509000000.0,2022-03-31,6483000000.0,1163000000.0,25821000000.0,3581000000.0,2022-04-27,102852990000.0,3.983307772743116,4.99213658205115,0.20031503216386837,3.0791057609630266,28.771340407707346
2022-06-08,PYPL.OQ,88.32,89.32,86.89,87.51,87.51,2626266,101340074186.79,1172000000.0,17.7459086993971,1161000000.0,0.46862,0.4343,509000000.0,2022-03-31,6483000000.0,1163000000.0,25821000000.0,3581000000.0,2022-04-27,101599110000.0,3.9347472987103522,4.9312774838615665,0.20278720945488626,3.0791057609630266,28.420589220888022
2022-06-09,PYPL.OQ,86.81,88.13,84.08,84.11,84.11,3640569,97402738428.19,1172000000.0,17.7459086993971,1161000000.0,0.46862,0.4343,509000000.0,2022-03-31,6483000000.0,1163000000.0,25821000000.0,3581000000.0,2022-04-27,97651710000.0,3.78187173231091,4.739684026598061,0.21098452858634048,3.0791057609630266,27.316372521642
2022-06-10,PYPL.OQ,80.4,81.42,78.25,79.3,79.3,5222439,91832566369.7,1172000000.0,17.7459086993971,1161000000.0,0.46862,0.4343,509000000.0,2022-03-31,6483000000.0,1163000000.0,25821000000.0,3581000000.0,2022-04-27,92067300000.0,3.565597769257581,4.468635635587043,0.22378195081206936,3.0791057609630266,25.754230661826305
2022-06-13,PYPL.OQ,76.13,78.08,73.46,73.72,73.72,5724971,85370703565.88,1172000000.0,17.7459086993971,1161000000.0,0.46862,0.4343,509000000.0,2022-03-31,6483000000.0,1163000000.0,25821000000.0,3581000000.0,2022-04-27,85588920000.0,3.314701986754967,4.154196961607527,0.24072041100647176,3.0791057609630266,23.94201619659313
2022-06-14,PYPL.OQ,74.3,75.07,71.46,72.46,72.46,4320460,83911573255.34,1172000000.0,17.7459086993971,1161000000.0,0.46862,0.4343,509000000.0,2022-03-31,6483000000.0,1163000000.0,25821000000.0,3581000000.0,2022-04-27,84126060000.0,3.2580481003834088,4.083194680386345,0.2449062751779892,3.0791057609630266,23.53280647863725
2022-06-15,PYPL.OQ,73.47,77.1,72.4,75.83,75.83,4538498,87814167816.0699,1172000000.0,17.7459086993971,1161000000.0,0.46862,0.4343,509000000.0,2022-03-31,6483000000.0,1163000000.0,25821000000.0,3581000000.0,2022-04-27,88038630000.0,3.4095747647263854,4.273097607144584,0.2340222695423592,3.0791057609630266,24.627280089360514
2022-06-16,PYPL.OQ,73.47,74.03,70.71,71.23,71.23,4709949,82487184142.67,1172000000.0,17.7459086993971,1161000000.0,0.46862,0.4343,509000000.0,2022-03-31,6483000000.0,1163000000.0,25821000000.0,3581000000.0,2022-04-27,82698030000.0,3.2027431160683166,4.01388292967043,0.24913531797553137,3.0791057609630266,23.133339849204134
2022-06-17,PYPL.OQ,71.17,73.65,70.48,72.9,72.9,7503950,84421110824.1,1172000000.0,17.7459086993971,1161000000.0,0.46862,0.4343,509000000.0,2022-03-31,6483000000.0,1163000000.0,25821000000.0,3581000000.0,2022-04-27,84636900000.0,3.277831997211572,4.107989127796917,0.24342810287238817,3.0791057609630266,23.675705110304385
2022-06-21,PYPL.OQ,74.58,74.99,72.29,72.37,72.37,5062529,83807349661.73,1172000000.0,17.7459086993971,1161000000.0,0.46862,0.4343,509000000.0,2022-03-31,6483000000.0,1163000000.0,25821000000.0,3581000000.0,2022-04-27,84021570000.0,3.254001394214012,4.078123088870547,0.24521084288236972,3.0791057609630266,23.503577213068976
2022-06-22,PYPL.OQ,71.87,74.57,71.39,72.97,72.97,4793456,84502173619.13,1172000000.0,17.7459086993971,1161000000.0,0.46862,0.4343,509000000.0,2022-03-31,6483000000.0,1163000000.0,25821000000.0,3581000000.0,2022-04-27,84718170000.0,3.2809794353433253,4.111933698975871,0.24319458269695904,3.0791057609630266,23.698438983524156
2022-06-23,PYPL.OQ,73.27,73.99,71.56,73.81,73.81,5821194,85474927159.49,1172000000.0,17.7459086993971,1161000000.0,0.46862,0.4343,509000000.0,2022-03-31,6483000000.0,1163000000.0,25821000000.0,3581000000.0,2022-04-27,85693410000.0,3.318748692924364,4.159268553123326,0.24042688930222322,3.0791057609630266,23.97124546216141
2022-06-24,PYPL.OQ,74.71,78.66,74.4,77.68,77.68,9338430,89956541684.72,1172000000.0,17.7459086993971,1161000000.0,0.46862,0.4343,509000000.0,2022-03-31,6483000000.0,1163000000.0,25821000000.0,3581000000.0,2022-04-27,90186480000.00002,3.4927570582084355,4.377346988302668,0.228448876150838,3.0791057609630266,25.22810388159732
2022-06-27,PYPL.OQ,77.99,78.45,75.32,75.94,75.94,3837516,87941552208.26,1172000000.0,17.7459086993971,1161000000.0,0.46862,0.4343,509000000.0,2022-03-31,6483000000.0,1163000000.0,25821000000.0,3581000000.0,2022-04-27,88166340000.0,3.4145207389334264,4.279296218997227,0.2336832854806044,3.0791057609630266,24.663004747277295
2022-06-28,PYPL.OQ,75.68,76.92,71.62,71.82,71.82,4658568,83170427700.78,1172000000.0,17.7459086993971,1161000000.0,0.46862,0.4343,509000000.0,2022-03-31,6483000000.0,1163000000.0,25821000000.0,3581000000.0,2022-04-27,83383019999.99998,3.229271523178807,4.047130029607332,0.24708867584791286,3.0791057609630266,23.324953923485058
2022-06-29,PYPL.OQ,71.29,72.15,69.79,71.47,71.47,3339445,82765113725.63,1172000000.0,17.7459086993971,1161000000.0,0.46862,0.4343,509000000.0,2022-03-31,6483000000.0,1163000000.0,25821000000.0,3581000000.0,2022-04-27,82976670000.0,3.213534332520042,4.02740717371256,0.24829870854060582,3.0791057609630266,23.211284557386204
2022-06-30,PYPL.OQ,70.82,70.87,67.59,69.84,69.84,4870410,80877508641.36,1172000000.0,17.7459086993971,1161000000.0,0.46862,0.4343,509000000.0,2022-03-31,6483000000.0,1163000000.0,25821000000.0,3581000000.0,2022-04-27,81084240000.0,3.140243987452074,3.9355550162597623,0.25409376717349796,3.0791057609630266,22.681910080982966
2022-07-01,PYPL.OQ,69.84,71.7,69.66,71.4,71.4,2995424,82684050930.6,1172000000.0,17.7459086993971,1161000000.0,0.46862,0.4343,509000000.0,2022-03-31,6483000000.0,1163000000.0,25821000000.0,3581000000.0,2022-04-27,82895400000.0,3.2103868943882885,4.0234626025336055,0.24854213864701818,3.0791057609630266,23.188550684166437
2022-07-05,PYPL.OQ,70.2,74.48,68.77,74.4,74.4,4365138,86158170717.6,1172000000.0,17.7459086993971,1161000000.0,0.46862,0.4343,509000000.0,2022-03-31,6483000000.0,1163000000.0,25821000000.0,3581000000.0,2022-04-27,86378400000.0,3.3452771000348553,4.192515653060228,0.23852027821770289,3.0791057609630266,24.162859536442337
2022-07-06,PYPL.OQ,74.83,75.37,72.63,73.24,73.24,2773995,84814844399.9599,1172000000.0,17.7459086993971,1161000000.0,0.46862,0.4343,509000000.0,2022-03-31,6483000000.0,1163000000.0,25821000000.0,3581000000.0,2022-04-27,85031640000.0,3.293119553851516,4.127148473523267,0.24229804341066494,3.0791057609630266,23.786126780228987
2022-07-07,PYPL.OQ,73.18,75.15,72.77,75.04,75.04,2894963,86899316272.16,1172000000.0,17.7459086993971,1161000000.0,0.46862,0.4343,509000000.0,2022-03-31,6483000000.0,1163000000.0,25821000000.0,3581000000.0,2022-04-27,87121440000.0,3.374053677239456,4.228580303839241,0.23648599013055832,3.0791057609630266,24.37071209159453
2022-07-08,PYPL.OQ,73.12,74.75,71.84,73.43,73.43,2806290,85034871986.47,1172000000.0,17.7459086993971,1161000000.0,0.46862,0.4343,509000000.0,2022-03-31,6483000000.0,1163000000.0,25821000000.0,3581000000.0,2022-04-27,85252230000.00002,3.3016626002091325,4.137855166723287,0.24167109763580413,3.0791057609630266,23.847833007539798
2022-07-11,PYPL.OQ,72.66,73.28,70.07,70.47,70.47,3214824,81607073796.63,1172000000.0,17.7459086993971,1161000000.0,0.46862,0.4343,509000000.0,2022-03-31,6483000000.0,1163000000.0,25821000000.0,3581000000.0,2022-04-27,81815670000.0,3.168570930637853,3.9710561568703526,0.25182217538522916,3.0791057609630266,22.886514939960904
2022-07-12,PYPL.OQ,70.46,72.51,70.46,71.43,71.43,3900110,82718792128.47,1172000000.0,17.7459086993971,1161000000.0,0.46862,0.4343,509000000.0,2022-03-31,6483000000.0,1163000000.0,25821000000.0,3581000000.0,2022-04-27,82930230000.00002,3.211735796444755,4.025153133038872,0.24843775303649865,3.0791057609630266,23.198293772689198
2022-07-13,PYPL.OQ,69.22,72.06,68.51,71.36,71.36,4310527,82637729333.44,1172000000.0,17.7459086993971,1161000000.0,0.46862,0.4343,509000000.0,2022-03-31,6483000000.0,1163000000.0,25821000000.0,3581000000.0,2022-04-27,82848960000.0,3.2085883583130013,4.021208561859917,0.2486814559893091,3.0791057609630266,23.175559899469423
2022-07-14,PYPL.OQ,70.52,70.82,68.71,69.55,69.55,3519037,80541677061.95,1172000000.0,17.7459086993971,1161000000.0,0.46862,0.4343,509000000.0,2022-03-31,6483000000.0,1163000000.0,25821000000.0,3581000000.0,2022-04-27,80747550000.0,3.1272046009062393,3.9192132213755215,0.25515325232778,3.0791057609630266,22.587726891929627
2022-07-15,PYPL.OQ,70.47,73.98,70.31,73.91,73.91,6255858,85590731152.39,1172000000.0,17.7459086993971,1161000000.0,0.46862,0.4343,509000000.0,2022-03-31,6483000000.0,1163000000.0,25821000000.0,3581000000.0,2022-04-27,85809510000.0,3.323245033112583,4.164903654807546,0.2401015924691801,3.0791057609630266,24.003722423903938
2022-07-18,PYPL.OQ,75.0,76.56,73.62,74.13,74.13,4695685,85845499936.7699,1172000000.0,17.7459086993971,1161000000.0,0.46862,0.4343,509000000.0,2022-03-31,6483000000.0,1163000000.0,25821000000.0,3581000000.0,2022-04-27,86064930000.0,3.3331369815266645,4.177300878512831,0.23938902872517334,3.0791057609630266,24.075171739737502
2022-07-19,PYPL.OQ,75.66,77.9,74.32,77.74,77.74,3971666,90026024080.4599,1172000000.0,17.7459086993971,1161000000.0,0.46862,0.4343,509000000.0,2022-03-31,6483000000.0,1163000000.0,25821000000.0,3581000000.0,2022-04-27,90256140000.0,3.4954548623213664,4.3807280493132,0.22827255852067274,3.0791057609630266,25.247590058642835
2022-07-20,PYPL.OQ,76.88,80.31,76.88,80.24,80.24,4276689,92921123902.9599,1172000000.0,17.7459086993971,1161000000.0,0.46862,0.4343,509000000.0,2022-03-31,6483000000.0,1163000000.0,25821000000.0,3581000000.0,2022-04-27,93158640000.0,3.6078633670268387,4.5216055914187185,0.22116037760963483,3.0791057609630266,26.059514102206087
2022-07-21,PYPL.OQ,79.79,84.13,79.78,82.75,82.75,5847142,95827804124.75,1172000000.0,17.7459086993971,1161000000.0,0.46862,0.4343,509000000.0,2022-03-31,6483000000.0,1163000000.0,25821000000.0,3581000000.0,2022-04-27,96072750000.0,3.7207215057511327,4.663046643692659,0.2144520688748894,3.0791057609630266,26.87468584194359
2022-07-22,PYPL.OQ,82.65,84.51,80.35,81.05,81.05,4335379,93859136245.45,1172000000.0,17.7459086993971,1161000000.0,0.46862,0.4343,509000000.0,2022-03-31,6483000000.0,1163000000.0,25821000000.0,3581000000.0,2022-04-27,94099050000.0,3.6442837225514118,4.5672499150609065,0.2189501381788661,3.0791057609630266,26.32257749232058
2022-07-25,PYPL.OQ,81.0,82.28,79.05,81.65,81.65,3941447,94553960202.85,1172000000.0,17.7459086993971,1161000000.0,0.46862,0.4343,509000000.0,2022-03-31,6483000000.0,1163000000.0,25821000000.0,3581000000.0,2022-04-27,94795650000.0,3.671261763680725,4.601060525166231,0.21734119656334475,3.0791057609630266,26.517439262775763
2022-07-26,PYPL.OQ,80.01,80.06,76.71,77.04,77.04,4386067,89215396130.16,1172000000.0,17.7459086993971,1161000000.0,0.46862,0.4343,509000000.0,2022-03-31,6483000000.0,1163000000.0,25821000000.0,3581000000.0,2022-04-27,89443440000.0,3.463980481003834,4.341282337523656,0.23034668612924578,3.0791057609630266,25.02025132644513
2022-07-27,PYPL.OQ,83.0,87.02,81.36,86.42,86.42,7028193,99942645031.08,1172000000.0,17.7459086993971,1161000000.0,0.46862,0.4343,509000000.0,2022-03-31,6483000000.0,1163000000.0,25821000000.0,3581000000.0,2022-04-27,100333620000.0,3.8857371906587663,4.86985487550356,0.2053449282503714,3.0791057609630266,28.066590337894443
2022-07-28,PYPL.OQ,85.5,86.45,83.35,85.86,85.86,3845285,99295018541.64,1172000000.0,17.7459086993971,1161000000.0,0.46862,0.4343,509000000.0,2022-03-31,6483000000.0,1163000000.0,25821000000.0,3581000000.0,2022-04-27,99683460000.0,3.86055768560474,4.838298306071924,0.20668423828787674,3.0791057609630266,27.884719352136276
2022-07-29,PYPL.OQ,86.27,87.62,84.83,86.53,86.53,3435054,100069857377.22,1172000000.0,17.7459086993971,1161000000.0,0.46862,0.4343,509000000.0,2022-03-31,6483000000.0,1163000000.0,25821000000.0,3581000000.0,2022-04-27,100461330000.0,3.890683164865807,4.876053487356203,0.2050838865063804,3.0791057609630266,28.102314995811227
2022-08-01,PYPL.OQ,87.0,89.205,85.29,88.565,88.565,3527271,102423285780.81,1172000000.0,17.7459086993971,1161000000.0,0.46862,0.4343,509000000.0,2022-03-31,6483000000.0,1163000000.0,25821000000.0,3581000000.0,2022-04-27,102823965000.0,3.9821836876960615,4.990727806630095,0.20037157680118667,3.0791057609630266,28.763221167271713
2022-08-02,PYPL.OQ,87.01,90.66,86.91,89.63,89.63,5533898,103654932586.62,1158000000.0,17.0994809688581,1156000000.0,-0.21675,-0.29447,-341000000.0,2022-06-30,6806000000.0,1158000000.0,26389000000.0,2056000000.0,2022-08-02,103612280000.0,3.926343552237675,5.241679566955035,0.1907785447825293,1.775474956822107,50.48226653696498
2022-08-03,PYPL.OQ,101.05,101.94,97.28,97.92,97.92,12359556,113242117582.08,1158000000.0,17.0994809688581,1156000000.0,-0.21675,-0.29447,-341000000.0,2022-06-30,6806000000.0,1158000000.0,26389000000.0,2056000000.0,2022-08-02,113195520000.0,4.2894963810678695,5.726489603885274,0.17462705237804432,1.775474956822107,55.15143968871595
2022-08-04,PYPL.OQ,97.82,98.39,94.47,96.98,96.98,4910393,112155030260.52,1158000000.0,17.0994809688581,1156000000.0,-0.21675,-0.29447,-341000000.0,2022-06-30,6806000000.0,1158000000.0,26389000000.0,2056000000.0,2022-08-02,112108880000.0,4.248318617605821,5.671517175089807,0.17631966352709938,1.775474956822107,54.62200389105058
2022-08-05,PYPL.OQ,95.0,96.99,94.41,95.32,95.32,3713278,110235280309.68,1158000000.0,17.0994809688581,1156000000.0,-0.21675,-0.29447,-341000000.0,2022-06-30,6806000000.0,1158000000.0,26389000000.0,2056000000.0,2022-08-02,110189919999.99998,4.175600439577096,5.5744382050893,0.1793902745369083,1.775474956822107,53.687042801556416
2022-08-08,PYPL.OQ,96.5,98.93,95.32,96.26,96.26,4801620,111322367631.24,1158000000.0,17.0994809688581,1156000000.0,-0.21675,-0.29447,-341000000.0,2022-06-30,6806000000.0,1158000000.0,26389000000.0,2056000000.0,2022-08-02,111276560000.0,4.216778203039145,5.629410633884769,0.177638489184065,1.775474956822107,54.216478599221794
2022-08-09,PYPL.OQ,95.45,95.77,93.62,94.48,94.48,3668686,109263840575.52,1158000000.0,17.0994809688581,1156000000.0,-0.21675,-0.29447,-341000000.0,2022-06-30,6806000000.0,1158000000.0,26389000000.0,2056000000.0,2022-08-02,109218880000.0,4.138803289249308,5.525313907016756,0.18098519230374788,1.775474956822107,53.2139299610895
2022-08-10,PYPL.OQ,97.94,99.0,96.36,98.91,98.91,5550202,114387028697.34,1158000000.0,17.0994809688581,1156000000.0,-0.21675,-0.29447,-341000000.0,2022-06-30,6806000000.0,1158000000.0,26389000000.0,2056000000.0,2022-08-02,114339960000.0,4.332864451097048,5.784386098042202,0.1728791928910939,1.775474956822107,55.70903696498054
2022-08-11,PYPL.OQ,101.3,101.94,98.55,99.11,99.11,4799364,114618323872.14,1158000000.0,17.0994809688581,1156000000.0,-0.21675,-0.29447,-341000000.0,2022-06-30,6806000000.0,1158000000.0,26389000000.0,2056000000.0,2022-08-02,114571160000.0,4.341625677365569,5.796082359488047,0.17253032962221873,1.775474956822107,55.821682879377434
2022-08-12,PYPL.OQ,100.69,101.78,100.03,101.1,101.1,3559601,116919710861.4,1158000000.0,17.0994809688581,1156000000.0,-0.21675,-0.29447,-341000000.0,2022-06-30,6806000000.0,1158000000.0,26389000000.0,2056000000.0,2022-08-02,116871600000.0,4.428799878737353,5.912460160874195,0.169134332036183,1.775474956822107,56.94250972762646
2022-08-15,PYPL.OQ,100.75,102.21,100.47,101.51,101.51,3176917,117393865969.74,1158000000.0,17.0994809688581,1156000000.0,-0.21675,-0.29447,-341000000.0,2022-06-30,6806000000.0,1158000000.0,26389000000.0,2056000000.0,2022-08-02,117345560000.0,4.44676039258782,5.936437496838176,0.16845119661962465,1.775474956822107,57.17343385214008
2022-08-16,PYPL.OQ,102.52,103.02,100.17,102.08,102.08,4498167,118053057217.92,1158000000.0,17.0994809688581,1156000000.0,-0.21675,-0.29447,-341000000.0,2022-06-30,6806000000.0,1158000000.0,26389000000.0,2056000000.0,2022-08-02,118004480000.0,4.4717298874531055,5.969771841958831,0.16751058942846886,1.775474956822107,57.494474708171204
2022-08-17,PYPL.OQ,100.0,101.0,99.02,99.42,99.42,4304186,114976831393.08,1158000000.0,17.0994809688581,1156000000.0,-0.21675,-0.29447,-341000000.0,2022-06-30,6806000000.0,1158000000.0,26389000000.0,2056000000.0,2022-08-02,114929520000.0,4.355205578081777,5.814211564729105,0.1719923654079471,1.775474956822107,55.99628404669261
2022-08-18,PYPL.OQ,98.75,100.62,97.16,99.86,99.86,3314725,115485680777.64,1158000000.0,17.0994809688581,1156000000.0,-0.21675,-0.29447,-341000000.0,2022-06-30,6806000000.0,1158000000.0,26389000000.0,2056000000.0,2022-08-02,115438160000.0,4.374480275872522,5.839943339909962,0.17123453804183955,1.775474956822107,56.24410505836576
2022-08-19,PYPL.OQ,97.99,98.41,95.9,96.56,96.56,3765604,111669310393.44,1158000000.0,17.0994809688581,1156000000.0,-0.21675,-0.29447,-341000000.0,2022-06-30,6806000000.0,1158000000.0,26389000000.0,2056000000.0,2022-08-02,111623360000.0,4.229920042441926,5.646955026053535,0.17708658832703084,1.775474956822107,54.38544747081712
2022-08-22,PYPL.OQ,94.16,95.28,93.14,93.58,93.58,4778874,108223012288.92,1158000000.0,17.0994809688581,1156000000.0,-0.21675,-0.29447,-341000000.0,2022-06-30,6806000000.0,1158000000.0,26389000000.0,2056000000.0,2022-08-02,108178480000.0,4.099377771040964,5.472680730510457,0.18272580646354028,1.775474956822107,52.7070233463035
2022-08-23,PYPL.OQ,93.08,95.27,92.4,93.2,93.2,3981075,107783551456.8,1158000000.0,17.0994809688581,1156000000.0,-0.21675,-0.29447,-341000000.0,2022-06-30,6806000000.0,1158000000.0,26389000000.0,2056000000.0,2022-08-02,107739200000.0,4.0827314411307745,5.450457833763354,0.18347082584611693,1.775474956822107,52.49299610894942
2022-08-24,PYPL.OQ,93.12,95.76,93.08,93.76,93.76,2404565,108431177946.24,1158000000.0,17.0994809688581,1156000000.0,-0.21675,-0.29447,-341000000.0,2022-06-30,6806000000.0,1158000000.0,26389000000.0,2056000000.0,2022-08-02,108386560000.0,4.1072628746826325,5.483207365811717,0.18237501033338416,1.775474956822107,52.8084046692607
2022-08-25,PYPL.OQ,94.0,96.76,93.98,96.72,96.72,3170267,111854346533.28,1158000000.0,17.0994809688581,1156000000.0,-0.21675,-0.29447,-341000000.0,2022-06-30,6806000000.0,1158000000.0,26389000000.0,2056000000.0,2022-08-02,111808320000.0,4.236929023456743,5.65631203521021,0.176793641117226,1.775474956822107,54.47556420233463
2022-08-26,PYPL.OQ,96.81,97.45,92.63,92.7,92.7,5145138,107205313519.8,1158000000.0,17.0994809688581,1156000000.0,-0.21675,-0.29447,-341000000.0,2022-06-30,6806000000.0,1158000000.0,26389000000.0,2056000000.0,2022-08-02,107161200000.0,4.060828375459471,5.421217180148743,0.18446042037603125,1.775474956822107,52.2113813229572
2022-08-29,PYPL.OQ,91.23,93.97,91.07,92.66,92.66,3907792,107159054484.84,1158000000.0,17.0994809688581,1156000000.0,-0.21675,-0.29447,-341000000.0,2022-06-30,6806000000.0,1158000000.0,26389000000.0,2056000000.0,2022-08-02,107114960000.0,4.059076130205767,5.418877927859574,0.1845400493077714,1.775474956822107,52.18885214007782
2022-08-30,PYPL.OQ,93.39,94.52,90.75,91.8,91.8,2560911,106164485233.2,1158000000.0,17.0994809688581,1156000000.0,-0.21675,-0.29447,-341000000.0,2022-06-30,6806000000.0,1158000000.0,26389000000.0,2056000000.0,2022-08-02,106120800000.0,4.021402857251127,5.368584003642444,0.18626885586991396,1.775474956822107,51.704474708171205
2022-08-31,PYPL.OQ,95.45,96.37,93.24,93.44,93.44,4539624,108061105666.56,1158000000.0,17.0994809688581,1156000000.0,-0.21675,-0.29447,-341000000.0,2022-06-30,6806000000.0,1158000000.0,26389000000.0,2056000000.0,2022-08-02,108016640000.0,4.093244912653,5.464493347498366,0.1829995822865807,1.775474956822107,52.62817120622568
2022-09-01,PYPL.OQ,92.45,92.855,89.8,92.66,92.66,3290469,107159054484.84,1158000000.0,17.0994809688581,1156000000.0,-0.21675,-0.29447,-341000000.0,2022-06-30,6806000000.0,1158000000.0,26389000000.0,2056000000.0,2022-08-02,107114960000.0,4.059076130205767,5.418877927859574,0.1845400493077714,1.775474956822107,52.18885214007782
2022-09-02,PYPL.OQ,93.62,94.06,90.63,91.13,91.13,3017177,105389646397.62,1158000000.0,17.0994809688581,1156000000.0,-0.21675,-0.29447,-341000000.0,2022-06-30,6806000000.0,1158000000.0,26389000000.0,2056000000.0,2022-08-02,105346280000.0,3.9920527492515823,5.329401527798867,0.18763832951671347,1.775474956822107,51.32711089494163
2022-09-06,PYPL.OQ,91.15,92.2,89.82,91.615,91.615,2855605,105950537196.51,1158000000.0,17.0994809688581,1156000000.0,-0.21675,-0.29447,-341000000.0,2022-06-30,6806000000.0,1158000000.0,26389000000.0,2056000000.0,2022-08-02,105906940000.0,4.0132987229527455,5.357764961805039,0.18664499229228945,1.775474956822107,51.600277237354085
2022-09-07,PYPL.OQ,91.88,95.55,91.77,94.97,94.97,3124526,109830513753.78,1158000000.0,17.0994809688581,1156000000.0,-0.21675,-0.29447,-341000000.0,2022-06-30,6806000000.0,1158000000.0,26389000000.0,2056000000.0,2022-08-02,109785320000.0,4.160268293607185,5.553969747559074,0.1800513948495114,1.775474956822107,53.48991245136187
2022-09-08,PYPL.OQ,93.67,96.37,93.4,96.17,96.17,3347010,111218284802.58,1158000000.0,17.0994809688581,1156000000.0,-0.21675,-0.29447,-341000000.0,2022-06-30,6806000000.0,1158000000.0,26389000000.0,2056000000.0,2022-08-02,111172520000.0,4.2128356512183105,5.624147316234138,0.17780473088133616,1.775474956822107,54.16578793774319
2022-09-09,PYPL.OQ,96.2,97.25,95.67,96.23,96.23,3745932,111287673355.02,1158000000.0,17.0994809688581,1156000000.0,-0.21675,-0.29447,-341000000.0,2022-06-30,6806000000.0,1158000000.0,26389000000.0,2056000000.0,2022-08-02,111241880000.0,4.215464019098867,5.627656194667892,0.1776938685322467,1.775474956822107,54.19958171206226
2022-09-12,PYPL.OQ,97.31,99.3,96.85,97.65,97.65,3929541,112929869096.1,1158000000.0,17.0994809688581,1156000000.0,-0.21675,-0.29447,-341000000.0,2022-06-30,6806000000.0,1158000000.0,26389000000.0,2056000000.0,2022-08-02,112883400000.0,4.277668725605366,5.7106996509333845,0.1751098921542048,1.775474956822107,54.99936770428016
2022-09-13,PYPL.OQ,94.23,97.35,93.8,95.01,95.01,5271100,109876772788.74,1158000000.0,17.0994809688581,1156000000.0,-0.21675,-0.29447,-341000000.0,2022-06-30,6806000000.0,1158000000.0,26389000000.0,2056000000.0,2022-08-02,109831560000.0,4.162020538860889,5.556308999848243,0.17997559171516786,1.775474956822107,53.51244163424125
2022-09-14,PYPL.OQ,96.93,97.835,95.55,97.66,97.66,4905887,112941433854.84,1158000000.0,17.0994809688581,1156000000.0,-0.21675,-0.29447,-341000000.0,2022-06-30,6806000000.0,1158000000.0,26389000000.0,2056000000.0,2022-08-02,112894960000.0,4.278106786918792,5.711284464005677,0.1750919615897819,1.775474956822107,55.004999999999995
2022-09-15,PYPL.OQ,95.02,98.98,95.02,96.4,96.4,4995619,111484274253.6,1158000000.0,17.0994809688581,1156000000.0,-0.21675,-0.29447,-341000000.0,2022-06-30,6806000000.0,1158000000.0,26389000000.0,2056000000.0,2022-08-02,111438400000.0,4.2229110614271095,5.63759801689686,0.1773805079757064,1.775474956822107,54.295330739299615
2022-09-16,PYPL.OQ,94.95,94.95,91.85,94.0,94.0,7097656,108708732156.0,1158000000.0,17.0994809688581,1156000000.0,-0.21675,-0.29447,-341000000.0,2022-06-30,6806000000.0,1158000000.0,26389000000.0,2056000000.0,2022-08-02,108664000000.0,4.117776346204858,5.49724287954673,0.1819093720091287,1.775474956822107,52.94357976653696
2022-09-19,PYPL.OQ,93.06,95.14,92.64,95.03,95.03,3695915,109899902306.22,1158000000.0,17.0994809688581,1156000000.0,-0.21675,-0.29447,-341000000.0,2022-06-30,6806000000.0,1158000000.0,26389000000.0,2056000000.0,2022-08-02,109854680000.0,4.162896661487741,5.557478625992827,0.17993771407827105,1.775474956822107,53.52370622568093
2022-09-20,PYPL.OQ,91.97,93.51,90.4,91.63,91.63,3962671,105967884334.62,1158000000.0,17.0994809688581,1156000000.0,-0.21675,-0.29447,-341000000.0,2022-06-30,6806000000.0,1158000000.0,26389000000.0,2056000000.0,2022-08-02,105924280000.0,4.013955814922885,5.358642181413477,0.18661443816280804,1.775474956822107,51.60872568093385
2022-09-21,PYPL.OQ,93.07,95.64,91.13,91.18,91.18,4141225,105447470191.32,1158000000.0,17.0994809688581,1156000000.0,-0.21675,-0.29447,-341000000.0,2022-06-30,6806000000.0,1158000000.0,26389000000.0,2056000000.0,2022-08-02,105404080000.00002,3.9942430558187128,5.332325593160328,0.18753543506095743,1.775474956822107,51.355272373540856
2022-09-22,PYPL.OQ,90.83,91.5,87.1,87.66,87.66,3887447,101376675114.84,1158000000.0,17.0994809688581,1156000000.0,-0.21675,-0.29447,-341000000.0,2022-06-30,6806000000.0,1158000000.0,26389000000.0,2056000000.0,2022-08-02,101334960000.0,3.840045473492743,5.126471391713471,0.19506594762557725,1.775474956822107,49.37270428015564
2022-09-23,PYPL.OQ,86.92,87.6,85.68,86.97,86.97,4348321,100578706761.78,1158000000.0,17.0994809688581,1156000000.0,-0.21675,-0.29447,-341000000.0,2022-06-30,6806000000.0,1158000000.0,26389000000.0,2056000000.0,2022-08-02,100537320000.0,3.8098192428663458,5.08611928972531,0.19661355604068181,1.775474956822107,48.98407587548638
2022-09-26,PYPL.OQ,86.99,89.04,84.13,84.26,84.26,4320497,97444657143.24,1158000000.0,17.0994809688581,1156000000.0,-0.21675,-0.29447,-341000000.0,2022-06-30,6806000000.0,1158000000.0,26389000000.0,2056000000.0,2022-08-02,97404560000.0,3.6911046269278867,4.927634947134122,0.20293711095250533,1.775474956822107,47.457723735408564
2022-09-27,PYPL.OQ,85.33,87.67,84.6,85.75,85.75,3549344,99167806195.5,1158000000.0,17.0994809688581,1156000000.0,-0.21675,-0.29447,-341000000.0,2022-06-30,6806000000.0,1158000000.0,26389000000.0,2056000000.0,2022-08-02,99127000000.0,3.756375762628368,5.01477209490566,0.1994108567796863,1.775474956822107,48.29693579766537
2022-09-28,PYPL.OQ,85.83,91.64,85.58,91.12,91.12,5025832,105378081638.88,1158000000.0,17.0994809688581,1156000000.0,-0.21675,-0.29447,-341000000.0,2022-06-30,6806000000.0,1158000000.0,26389000000.0,2056000000.0,2022-08-02,105334720000.0,3.991614687938156,5.328816714726575,0.18765892195849537,1.775474956822107,51.32147859922179
2022-09-29,PYPL.OQ,89.67,90.53,87.71,88.7,88.7,4064758,102579410023.8,1158000000.0,17.0994809688581,1156000000.0,-0.21675,-0.29447,-341000000.0,2022-06-30,6806000000.0,1158000000.0,26389000000.0,2056000000.0,2022-08-02,102537200000.0,3.885603850089052,5.187291951231861,0.19277881588340584,1.775474956822107,49.958463035019456
2022-09-30,PYPL.OQ,88.1,89.51,85.98,86.07,86.07,4014287,99537878475.18,1158000000.0,17.0994809688581,1156000000.0,-0.21675,-0.29447,-341000000.0,2022-06-30,6806000000.0,1158000000.0,26389000000.0,2056000000.0,2022-08-02,99496919999.99998,3.770393724658001,5.03348611321901,0.19866946635131988,1.775474956822107,48.477169260700386
2022-10-03,PYPL.OQ,87.53,88.05,85.45,87.18,87.18,3634357,100821566695.32,1158000000.0,17.0994809688581,1156000000.0,-0.21675,-0.29447,-341000000.0,2022-06-30,6806000000.0,1158000000.0,26389000000.0,2056000000.0,2022-08-02,100780080000.00002,3.8190185304482935,5.098400364243446,0.19613995146659896,1.775474956822107,49.10235408560312
2022-10-04,PYPL.OQ,89.54,93.0,89.5,92.79,92.79,3660855,107309396348.46,1158000000.0,17.0994809688581,1156000000.0,-0.21675,-0.29447,-341000000.0,2022-06-30,6806000000.0,1158000000.0,26389000000.0,2056000000.0,2022-08-02,107265240000.0,4.064770927280306,5.426480497799373,0.18428150629225237,1.775474956822107,52.2620719844358
2022-10-05,PYPL.OQ,91.02,94.58,90.99,93.83,93.83,2968219,108512131257.42,1158000000.0,17.0994809688581,1156000000.0,-0.21675,-0.29447,-341000000.0,2022-06-30,6806000000.0,1158000000.0,26389000000.0,2056000000.0,2022-08-02,108467480000.0,4.1103293038766155,5.487301057317762,0.18223895309451243,1.775474956822107,52.84783073929961
2022-10-06,PYPL.OQ,93.22,95.57,93.22,94.42,94.42,2668693,109194452023.08,1158000000.0,17.0994809688581,1156000000.0,-0.21675,-0.29447,-341000000.0,2022-06-30,6806000000.0,1158000000.0,26389000000.0,2056000000.0,2022-08-02,109149520000.0,4.136174921368752,5.521805028583002,0.18110020089873013,1.775474956822107,53.180136186770426
2022-10-07,PYPL.OQ,92.19,92.8,89.7,90.17,90.17,3452291,104279429558.58,1158000000.0,17.0994809688581,1156000000.0,-0.21675,-0.29447,-341000000.0,2022-06-30,6806000000.0,1158000000.0,26389000000.0,2056000000.0,2022-08-02,104236520000.0,3.9499988631626812,5.273259472858815,0.18963603159430076,1.775474956822107,50.78641050583658
2022-10-10,PYPL.OQ,87.26,87.85,84.24,84.52,84.52,5375587,97745340870.48,1158000000.0,17.0994809688581,1156000000.0,-0.21675,-0.29447,-341000000.0,2022-06-30,6806000000.0,1158000000.0,26389000000.0,2056000000.0,2022-08-02,97705120000.0,3.702494221076964,4.942840087013718,0.2023128368298403,1.775474956822107,47.60416342412451
2022-10-11,PYPL.OQ,84.16,84.82,79.82,83.09,83.09,3976190,96091580370.66,1158000000.0,17.0994809688581,1156000000.0,-0.21675,-0.29447,-341000000.0,2022-06-30,6806000000.0,1158000000.0,26389000000.0,2056000000.0,2022-08-02,96052040000.0,3.6398514532570387,4.859211817675934,0.20579469212730891,1.775474956822107,46.798745136186774
2022-10-12,PYPL.OQ,83.54,85.15,82.32,83.81,83.81,2920201,96924242999.94,1158000000.0,17.0994809688581,1156000000.0,-0.21675,-0.29447,-341000000.0,2022-06-30,6806000000.0,1158000000.0,26389000000.0,2056000000.0,2022-08-02,96884360000.0,3.6713918678237145,4.901318358880973,0.20402673868104163,1.775474956822107,47.20427042801556
2022-10-13,PYPL.OQ,79.5,84.78,79.5,84.04,84.04,4765969,97190232450.96,1158000000.0,17.0994809688581,1156000000.0,-0.21675,-0.29447,-341000000.0,2022-06-30,6806000000.0,1158000000.0,26389000000.0,2056000000.0,2022-08-02,97150240000.0,3.6814672780325135,4.914769059543693,0.2034683599340564,1.775474956822107,47.33381322957199
2022-10-14,PYPL.OQ,84.56,85.52,80.3,80.47,80.47,4306642,93061613580.78,1158000000.0,17.0994809688581,1156000000.0,-0.21675,-0.29447,-341000000.0,2022-06-30,6806000000.0,1158000000.0,26389000000.0,2056000000.0,2022-08-02,93023320000.0,3.5250793891394143,4.705990792735376,0.21249510337837826,1.775474956822107,45.323083657587546
2022-10-17,PYPL.OQ,82.67,84.83,82.67,84.66,84.66,4939166,97907247492.84,1158000000.0,17.0994809688581,1156000000.0,-0.21675,-0.29447,-341000000.0,2022-06-30,6806000000.0,1158000000.0,26389000000.0,2056000000.0,2022-08-02,97866960000.0,3.7086270794649288,4.95102747002581,0.20197827744930427,1.775474956822107,47.683015564202336
2022-10-18,PYPL.OQ,87.2,87.75,84.63,85.29,85.29,2835123,98635827293.46,1158000000.0,17.0994809688581,1156000000.0,-0.21675,-0.29447,-341000000.0,2022-06-30,6806000000.0,1158000000.0,26389000000.0,2056000000.0,2022-08-02,98595240000.0,3.73622494221077,4.987870693580219,0.2004863520794712,1.775474956822107,48.03785019455253
2022-10-19,PYPL.OQ,84.38,85.76,83.33,84.47,84.47,2948619,97687517076.78,1158000000.0,17.0994809688581,1156000000.0,-0.21675,-0.29447,-341000000.0,2022-06-30,6806000000.0,1158000000.0,26389000000.0,2056000000.0,2022-08-02,97647320000.0,3.7003039145098335,4.939916021652258,0.20243259108391262,1.775474956822107,47.57600194552529
2022-10-20,PYPL.OQ,84.68,87.6,84.0,84.78,84.78,3170593,98046024597.72,1158000000.0,17.0994809688581,1156000000.0,-0.21675,-0.29447,-341000000.0,2022-06-30,6806000000.0,1158000000.0,26389000000.0,2056000000.0,2022-08-02,98005680000.0,3.713883815226041,4.958045226893317,0.20169239170627623,1.775474956822107,47.750603112840466
2022-10-21,PYPL.OQ,83.6,85.1,82.35,83.94,83.94,4370056,97074584863.56,1158000000.0,17.0994809688581,1156000000.0,-0.21675,-0.29447,-341000000.0,2022-06-30,6806000000.0,1158000000.0,26389000000.0,2056000000.0,2022-08-02,97034640000.0,3.677086664898253,4.908920928820771,0.20371075731305816,1.775474956822107,47.27749027237354
2022-10-24,PYPL.OQ,84.55,84.55,80.86,83.32,83.32,3235416,96357569821.68,1158000000.0,17.0994809688581,1156000000.0,-0.21675,-0.29447,-341000000.0,2022-06-30,6806000000.0,1158000000.0,26389000000.0,2056000000.0,2022-08-02,96317919999.99998,3.6499268634658373,4.872662518338654,0.2052266078835586,1.775474956822107,46.928287937743185
2022-10-25,PYPL.OQ,86.17,89.66,85.98,89.24,89.24,4334923,103203906995.76,1158000000.0,17.0994809688581,1156000000.0,-0.21675,-0.29447,-341000000.0,2022-06-30,6806000000.0,1158000000.0,26389000000.0,2056000000.0,2022-08-02,103161440000.0,3.909259161014059,5.21887185713564,0.1916122923448913,1.775474956822107,50.26260700389105
2022-10-26,PYPL.OQ,88.04,91.33,87.96,88.55,88.55,3627522,102405938642.7,1158000000.0,17.0994809688581,1156000000.0,-0.21675,-0.29447,-341000000.0,2022-06-30,6806000000.0,1158000000.0,26389000000.0,2056000000.0,2022-08-02,102363800000.0,3.8790329303876616,5.1785197551474775,0.19310537514238396,1.775474956822107,49.873978599221786
2022-10-27,PYPL.OQ,88.55,89.7,87.1,87.35,87.35,3428798,101018167593.9,1158000000.0,17.0994809688581,1156000000.0,-0.21675,-0.29447,-341000000.0,2022-06-30,6806000000.0,1158000000.0,26389000000.0,2056000000.0,2022-08-02,100976600000.0,3.8264655727765358,5.108342186472413,0.1957582251729605,1.775474956822107,49.198103112840464
2022-10-28,PYPL.OQ,86.09,87.4,84.19,86.25,86.25,4669363,98327391885.0,1158000000.0,17.0994809688581,1156000000.0,-0.21675,-0.29447,-341000000.0,2022-06-30,6806000000.0,1158000000.0,26389000000.0,2056000000.0,2022-08-02,99705000000.0,3.7782788282996704,5.04401274852027,0.19825485181284755,1.775474956822107,48.57855058365759
2022-10-31,PYPL.OQ,85.51,86.25,82.47,83.58,83.58,4224629,95283517840.56,1158000000.0,17.0994809688581,1156000000.0,-0.21675,-0.29447,-341000000.0,2022-06-30,6806000000.0,1158000000.0,26389000000.0,2056000000.0,2022-08-02,96618480000.0,3.661316457614915,4.887867658218251,0.20458819058217398,1.775474956822107,47.07472762645914
2022-11-01,PYPL.OQ,85.0,86.13,83.06,83.11,83.11,2788165,94747704806.52,1158000000.0,17.0994809688581,1156000000.0,-0.21675,-0.29447,-341000000.0,2022-06-30,6806000000.0,1158000000.0,26389000000.0,2056000000.0,2022-08-02,96075160000.0,3.640727575883891,4.860381443820518,0.20574516867835518,1.775474956822107,46.81000972762646
2022-11-02,PYPL.OQ,83.11,84.2,79.4,79.45,79.45,4171734,90575203307.4,1158000000.0,17.0994809688581,1156000000.0,-0.21675,-0.29447,-341000000.0,2022-06-30,6806000000.0,1158000000.0,26389000000.0,2056000000.0,2022-08-02,91844200000.0,3.480397135169957,4.6463398593615715,0.21522317141419883,1.775474956822107,44.748589494163426
2022-11-03,PYPL.OQ,78.34,78.72,75.29,76.55,76.55,7824845,87269122884.5999,1158000000.0,17.0994809688581,1156000000.0,-0.21675,-0.29447,-341000000.0,2022-06-30,6806000000.0,1158000000.0,26389000000.0,2056000000.0,2022-08-02,88491800000.0,3.353359354276403,4.476744068396831,0.22337662924700327,1.775474956822107,43.115223735408556
2022-11-04,PYPL.OQ,74.98,75.3,71.17,75.18,75.18,10520056,85707284891.76,1157000000.0,17.6669572798605,1147000000.0,1.20104,1.14952,1330000000.0,2022-09-30,6846000000.0,1154000000.0,27053000000.0,2299000000.0,2022-11-04,86231460000.00002,3.1875008317007363,4.25540169759179,0.23499544133892658,1.9922010398613519,37.737155284906486
2022-11-07,PYPL.OQ,76.62,78.18,76.12,77.66,77.66,5083604,88534553667.12,1157000000.0,17.6669572798605,1147000000.0,1.20104,1.14952,1330000000.0,2022-09-30,6846000000.0,1154000000.0,27053000000.0,2299000000.0,2022-11-04,89076020000.0,3.2926485047868996,4.3957767469403874,0.22749108009091557,1.9922010398613519,38.982009569377986
2022-11-08,PYPL.OQ,78.15,83.23,78.1,81.13,81.13,5293429,92490449897.1599,1157000000.0,17.6669572798605,1147000000.0,1.20104,1.14952,1330000000.0,2022-09-30,6846000000.0,1154000000.0,27053000000.0,2299000000.0,2022-11-04,93056110000.0,3.4397704505969764,4.5921886103434675,0.21776109059362136,1.9922010398613519,40.72380165289256
2022-11-09,PYPL.OQ,80.22,80.25,78.1,78.68,78.68,4918985,89697381953.76,1157000000.0,17.6669572798605,1147000000.0,1.20104,1.14952,1330000000.0,2022-09-30,6846000000.0,1154000000.0,27053000000.0,2299000000.0,2022-11-04,90245960000.00002,3.335894725169113,4.453511646269248,0.2245419074715366,1.9922010398613519,39.49400608960418
2022-11-10,PYPL.OQ,83.94,86.9,83.11,86.8,86.8,6315839,98954407137.5999,1157000000.0,17.6669572798605,1147000000.0,1.20104,1.14952,1330000000.0,2022-09-30,6846000000.0,1154000000.0,27053000000.0,2299000000.0,2022-11-04,99559600000.0,3.680168558015747,4.9131267272009485,0.20353637419194126,1.9922010398613519,43.56989995650282
2022-11-11,PYPL.OQ,86.52,92.0,86.52,91.03,91.03,6262315,103776724443.96,1157000000.0,17.6669572798605,1147000000.0,1.20104,1.14952,1330000000.0,2022-09-30,6846000000.0,1154000000.0,27053000000.0,2299000000.0,2022-11-04,104411410000.0,3.8595131778360994,5.152556750888277,0.19407840579875316,1.9922010398613519,45.693179643323184
2022-11-14,PYPL.OQ,90.16,91.37,88.93,89.51,89.51,3242193,102043882291.32,1157000000.0,17.6669572798605,1147000000.0,1.20104,1.14952,1330000000.0,2022-09-30,6846000000.0,1154000000.0,27053000000.0,2299000000.0,2022-11-04,102667970000.0,3.7950678298155474,5.06652043031978,0.19737411775064798,1.9922010398613519,44.93020443671161
2022-11-15,PYPL.OQ,92.49,92.62,89.29,89.86,89.86,5325473,102442891997.52,1157000000.0,17.6669572798605,1147000000.0,1.20104,1.14952,1330000000.0,2022-09-30,6846000000.0,1154000000.0,27053000000.0,2299000000.0,2022-11-04,103069420000.0,3.809907219162385,5.086331425187526,0.19660535588538286,1.9922010398613519,45.10588951718138
2022-11-16,PYPL.OQ,89.62,89.7,85.49,87.04,87.04,5327207,99228013793.28,1157000000.0,17.6669572798605,1147000000.0,1.20104,1.14952,1330000000.0,2022-09-30,6846000000.0,1154000000.0,27053000000.0,2299000000.0,2022-11-04,99834880000.0,3.69034413928215,4.926711409395975,0.2029751525719267,1.9922010398613519,43.69036972596781
2022-11-17,PYPL.OQ,84.67,87.34,83.575,85.64,85.64,2731858,97631974968.48,1157000000.0,17.6669572798605,1147000000.0,1.20104,1.14952,1330000000.0,2022-09-30,6846000000.0,1154000000.0,27053000000.0,2299000000.0,2022-11-04,98229080000.0,3.630986581894799,4.847467429924992,0.20629328911560604,1.9922010398613519,42.987629404088736
2022-11-18,PYPL.OQ,87.0,87.28,84.44,84.92,84.92,3348722,96811155001.44,1157000000.0,17.6669572798605,1147000000.0,1.20104,1.14952,1330000000.0,2022-09-30,6846000000.0,1154000000.0,27053000000.0,2299000000.0,2022-11-04,97403240000.0,3.60045983809559,4.806713383339915,0.20804236080853156,1.9922010398613519,42.62622009569378
2022-11-21,PYPL.OQ,84.26,84.79,80.57,80.63,80.63,4778578,91920436031.1599,1157000000.0,17.6669572798605,1147000000.0,1.20104,1.14952,1330000000.0,2022-09-30,6846000000.0,1154000000.0,27053000000.0,2299000000.0,2022-11-04,92482610000.0,3.4185713229586367,4.563887189103831,0.21911146322535657,1.9922010398613519,40.472822966507174
2022-11-22,PYPL.OQ,80.0,80.15,76.05,79.91,79.91,4923597,91099616064.12,1157000000.0,17.6669572798605,1147000000.0,1.20104,1.14952,1330000000.0,2022-09-30,6846000000.0,1154000000.0,27053000000.0,2299000000.0,2022-11-04,91656770000.0,3.388044579159428,4.523133142518754,0.2210856873965774,1.9922010398613519,40.11141365811222
2022-11-23,PYPL.OQ,79.52,80.98,78.74,80.75,80.75,2694107,92057239359.0,1157000000.0,17.6669572798605,1147000000.0,1.20104,1.14952,1330000000.0,2022-09-30,6846000000.0,1154000000.0,27053000000.0,2299000000.0,2022-11-04,92620250000.0,3.4236591135918384,4.570679530201343,0.21878584866700312,1.9922010398613519,40.53305785123967
2022-11-25,PYPL.OQ,80.6,80.75,79.43,80.08,80.08,1458863,91293420778.56,1157000000.0,17.6669572798605,1147000000.0,1.20104,1.14952,1330000000.0,2022-09-30,6846000000.0,1154000000.0,27053000000.0,2299000000.0,2022-11-04,91851760000.0,3.3952522825564633,4.53275562574023,0.22061634964860766,1.9922010398613519,40.196746411483254
2022-11-28,PYPL.OQ,79.99,82.9,79.64,79.93,79.93,4220258,91122416618.76,1157000000.0,17.6669572798605,1147000000.0,1.20104,1.14952,1330000000.0,2022-09-30,6846000000.0,1154000000.0,27053000000.0,2299000000.0,2022-11-04,91679710000.00002,3.388892544264962,4.524265199368339,0.2210303675698799,1.9922010398613519,40.12145280556764
2022-11-29,PYPL.OQ,79.23,80.71,77.265,77.64,77.64,4529429,88511753112.48,1157000000.0,17.6669572798605,1147000000.0,1.20104,1.14952,1330000000.0,2022-09-30,6846000000.0,1154000000.0,27053000000.0,2299000000.0,2022-11-04,89053080000.0,3.291800539681366,4.394644690090803,0.2275496816056221,1.9922010398613519,38.97197042192258
2022-11-30,PYPL.OQ,77.7,79.11,75.33,78.41,78.41,8088537,89389574466.12,1157000000.0,17.6669572798605,1147000000.0,1.20104,1.14952,1330000000.0,2022-09-30,6846000000.0,1154000000.0,27053000000.0,2299000000.0,2022-11-04,89936270000.0,3.3244471962444093,4.438228878799843,0.22531510368397528,1.9922010398613519,39.358477598956064
2022-12-01,PYPL.OQ,79.11,80.74,78.14,78.53,78.53,4019452,89526377793.96,1157000000.0,17.6669572798605,1147000000.0,1.20104,1.14952,1330000000.0,2022-09-30,6846000000.0,1154000000.0,27053000000.0,2299000000.0,2022-11-04,90073910000.0,3.3295349868776105,4.445021219897356,0.224970804531523,1.9922010398613519,39.41871248368856
2022-12-02,PYPL.OQ,77.0,77.02,74.52,74.66,74.66,6088080,85114470471.12,1157000000.0,17.6669572798605,1147000000.0,1.20104,1.14952,1330000000.0,2022-09-30,6846000000.0,1154000000.0,27053000000.0,2299000000.0,2022-11-04,85635020000.0,3.1654537389568627,4.225968219502567,0.23663216286981653,1.9922010398613519,37.476137451065675
2022-12-05,PYPL.OQ,74.0,75.49,72.83,73.62,73.62,4512907,83928841629.84,1157000000.0,17.6669572798605,1147000000.0,1.20104,1.14952,1330000000.0,2022-09-30,6846000000.0,1154000000.0,27053000000.0,2299000000.0,2022-11-04,84442140000.0,3.1213595534691163,4.167101263324123,0.2399749698432559,1.9922010398613519,36.95410178338408
2022-12-06,PYPL.OQ,73.44,73.82,71.36,72.23,72.23,4282991,82344203082.36,1157000000.0,17.6669572798605,1147000000.0,1.20104,1.14952,1330000000.0,2022-09-30,6846000000.0,1154000000.0,27053000000.0,2299000000.0,2022-11-04,82847810000.0,3.0624259786345323,4.088423312277933,0.24459306769847014,1.9922010398613519,36.256381035232714
2022-12-07,PYPL.OQ,71.5,75.34,71.03,74.42,74.42,6179762,84840863815.44,1157000000.0,17.6669572798605,1147000000.0,1.20104,1.14952,1330000000.0,2022-09-30,6846000000.0,1154000000.0,27053000000.0,2299000000.0,2022-11-04,85359740000.0,3.1552781576904594,4.212383537307542,0.23739528728648887,1.9922010398613519,37.35566768160069
2022-12-08,PYPL.OQ,75.09,75.85,73.79,74.22,74.22,3888254,84612858269.04,1157000000.0,17.6669572798605,1147000000.0,1.20104,1.14952,1330000000.0,2022-09-30,6846000000.0,1154000000.0,27053000000.0,2299000000.0,2022-11-04,85130340000.0,3.1467985066351236,4.201062968811687,0.2380349943392684,1.9922010398613519,37.25527620704654
2022-12-09,PYPL.OQ,74.0,74.57,73.39,73.57,73.57,3638412,83871840243.2399,1157000000.0,17.6669572798605,1147000000.0,1.20104,1.14952,1330000000.0,2022-09-30,6846000000.0,1154000000.0,27053000000.0,2299000000.0,2022-11-04,84384789999.99998,3.1192396407052816,4.164271121200159,0.24013806279543976,1.9922010398613519,36.929003914745536
2022-12-12,PYPL.OQ,73.14,74.06,72.8,73.8,73.8,4216266,84134046621.5999,1157000000.0,17.6669572798605,1147000000.0,1.20104,1.14952,1330000000.0,2022-09-30,6846000000.0,1154000000.0,27053000000.0,2299000000.0,2022-11-04,84648600000.0,3.1289912394189185,4.177289774970392,0.2393896650387602,1.9922010398613519,37.04445411048282
2022-12-13,PYPL.OQ,76.98,77.81,73.1,73.7,73.7,5630297,84020043848.4,1157000000.0,17.6669572798605,1147000000.0,1.20104,1.14952,1330000000.0,2022-09-30,6846000000.0,1154000000.0,27053000000.0,2299000000.0,2022-11-04,84533900000.0,3.1247514138912504,4.171629490722465,0.23971448140923338,1.9922010398613519,36.99425837320574
2022-12-14,PYPL.OQ,73.74,74.335,71.59,72.63,72.63,4704508,82800214175.1599,1157000000.0,17.6669572798605,1147000000.0,1.20104,1.14952,1330000000.0,2022-09-30,6846000000.0,1154000000.0,27053000000.0,2299000000.0,2022-11-04,83306610000.0,3.079385280745204,4.111064449269642,0.2432460041286039,1.9922010398613519,36.457163984341015
2022-12-15,PYPL.OQ,71.29,71.65,69.44,69.77,69.77,5765732,79539734861.64,1157000000.0,17.6669572798605,1147000000.0,1.20104,1.14952,1330000000.0,2022-09-30,6846000000.0,1154000000.0,27053000000.0,2299000000.0,2022-11-04,80026190000.0,2.9581262706539015,3.949180319778919,0.2532171030508887,1.9922010398613519,35.021565898216615
2022-12-16,PYPL.OQ,69.58,70.47,68.46,69.26,69.26,12837870,78958320718.32,1157000000.0,17.6669572798605,1147000000.0,1.20104,1.14952,1330000000.0,2022-09-30,6846000000.0,1154000000.0,27053000000.0,2299000000.0,2022-11-04,79441220000.0,2.936503160462795,3.9203128701144903,0.25508168177679036,1.9922010398613519,34.765567638103526
2022-12-19,PYPL.OQ,69.06,69.595,67.755,68.95,68.95,4152640,78604912121.4,1157000000.0,17.6669572798605,1147000000.0,1.20104,1.14952,1330000000.0,2022-09-30,6846000000.0,1154000000.0,27053000000.0,2299000000.0,2022-11-04,79085650000.0,2.923359701327025,3.902765988945915,0.25622853197767226,1.9922010398613519,34.60996085254458
2022-12-20,PYPL.OQ,68.32,70.11,68.13,68.76,68.76,2800753,78388306852.32,1157000000.0,17.6669572798605,1147000000.0,1.20104,1.14952,1330000000.0,2022-09-30,6846000000.0,1154000000.0,27053000000.0,2299000000.0,2022-11-04,78867720000.0,2.9153040328244555,3.8920114488748534,0.2569365514813918,1.9922010398613519,34.51458895171814
2022-12-21,PYPL.OQ,68.81,70.185,68.07,69.21,69.21,3610501,78901319331.7199,1157000000.0,17.6669572798605,1147000000.0,1.20104,1.14952,1330000000.0,2022-09-30,6846000000.0,1154000000.0,27053000000.0,2299000000.0,2022-11-04,79383870000.0,2.9343832476989613,3.9174827279905258,0.2552659627201344,1.9922010398613519,34.74046976946498
2022-12-22,PYPL.OQ,68.62,68.815,66.39,68.57,68.57,5250601,78171701583.2399,1157000000.0,17.6669572798605,1147000000.0,1.20104,1.14952,1330000000.0,2022-09-30,6846000000.0,1154000000.0,27053000000.0,2299000000.0,2022-11-04,78649789999.99998,2.907248364321886,3.8812569088037905,0.25764849467493806,1.9922010398613519,34.41921705089169
2022-12-23,PYPL.OQ,68.12,69.24,67.76,69.03,69.03,2440967,78696114339.96,1157000000.0,17.6669572798605,1147000000.0,1.20104,1.14952,1330000000.0,2022-09-30,6846000000.0,1154000000.0,27053000000.0,2299000000.0,2022-11-04,79177410000.0,2.926751561749159,3.907294216344257,0.25593158452644504,1.9922010398613519,34.650117442366245
2022-12-27,PYPL.OQ,68.96,69.24,67.68,68.33,68.33,3148537,77898094927.56,1157000000.0,17.6669572798605,1147000000.0,1.20104,1.14952,1330000000.0,2022-09-30,6846000000.0,1154000000.0,27053000000.0,2299000000.0,2022-11-04,78374510000.0,2.8970727830554837,3.8676722266087653,0.25855345060530516,1.9922010398613519,34.29874728142671
2022-12-28,PYPL.OQ,68.0,69.46,67.295,67.55,67.55,2628671,77008873296.5999,1157000000.0,17.6669572798605,1147000000.0,1.20104,1.14952,1330000000.0,2022-09-30,6846000000.0,1154000000.0,27053000000.0,2299000000.0,2022-11-04,77479850000.0,2.864002143939674,3.8235220094749316,0.26153896787358255,1.9922010398613519,33.907220530665505
2022-12-29,PYPL.OQ,68.33,70.73,68.22,70.56,70.56,3833821,80440356769.92,1157000000.0,17.6669572798605,1147000000.0,1.20104,1.14952,1330000000.0,2022-09-30,6846000000.0,1154000000.0,27053000000.0,2299000000.0,2022-11-04,80932320000.0,2.9916208923224783,3.9938965653375456,0.2503820476170706,1.9922010398613519,35.418112222705524
2022-12-30,PYPL.OQ,69.31,71.25,69.09,71.22,71.22,3038596,81192775073.04,1157000000.0,17.6669572798605,1147000000.0,1.20104,1.14952,1330000000.0,2022-09-30,6846000000.0,1154000000.0,27053000000.0,2299000000.0,2022-11-04,81689340000.0,3.019603740805086,4.031254441373866,0.24806174220528646,1.9922010398613519,35.74940408873423
2023-01-03,PYPL.OQ,73.77,75.25,73.4,74.58,74.58,6162182,85023268252.56,1157000000.0,17.6669572798605,1147000000.0,1.20104,1.14952,1330000000.0,2022-09-30,6846000000.0,1154000000.0,27053000000.0,2299000000.0,2022-11-04,85543260000.0,3.162061878534728,4.221439992104226,0.23688599195307722,1.9922010398613519,37.43598086124402
2023-01-04,PYPL.OQ,76.12,78.46,75.44,77.69,77.69,5124595,88568754499.08,1157000000.0,17.6669572798605,1147000000.0,1.20104,1.14952,1330000000.0,2022-09-30,6846000000.0,1154000000.0,27053000000.0,2299000000.0,2022-11-04,89110430000.0,3.2939204524452004,4.397474832214766,0.2274032343913052,1.9922010398613519,38.99706829056111
2023-01-05,PYPL.OQ,77.3,77.3,75.65,76.27,76.27,3031210,86949915119.64,1157000000.0,17.6669572798605,1147000000.0,1.20104,1.14952,1330000000.0,2022-09-30,6846000000.0,1154000000.0,27053000000.0,2299000000.0,2022-11-04,87481690000.0,3.233714929952316,4.317098795894197,0.23163704313439756,1.9922010398613519,38.28428882122662
2023-01-06,PYPL.OQ,76.77,77.06,73.95,76.48,76.48,4179572,87189320943.36,1157000000.0,17.6669572798605,1147000000.0,1.20104,1.14952,1330000000.0,2022-09-30,6846000000.0,1154000000.0,27053000000.0,2299000000.0,2022-11-04,87722560000.0,3.2426185635604186,4.328985392814846,0.23100101045842703,1.9922010398613519,38.38969986950848
2023-01-09,PYPL.OQ,77.0,78.765,76.53,77.08,77.08,3976370,87873337582.56,1157000000.0,17.6669572798605,1147000000.0,1.20104,1.14952,1330000000.0,2022-09-30,6846000000.0,1154000000.0,27053000000.0,2299000000.0,2022-11-04,88410760000.0,3.268057516726426,4.362947098302409,0.2292028707817917,1.9922010398613519,38.69087429317094
2023-01-10,PYPL.OQ,76.9,78.015,76.515,77.92,77.92,3623429,88830960877.44,1157000000.0,17.6669572798605,1147000000.0,1.20104,1.14952,1330000000.0,2022-09-30,6846000000.0,1154000000.0,27053000000.0,2299000000.0,2022-11-04,89374240000.0,3.3036720511588364,4.410493485985,0.2267319979448216,1.9922010398613519,39.11251848629839
2023-01-11,PYPL.OQ,78.67,79.18,77.83,78.54,78.54,4071390,89537778071.28,1157000000.0,17.6669572798605,1147000000.0,1.20104,1.14952,1330000000.0,2022-09-30,6846000000.0,1154000000.0,27053000000.0,2299000000.0,2022-11-04,90085380000.0,3.3299589694303773,4.445587248322149,0.22494216042603132,1.9922010398613519,39.42373205741627
2023-01-12,PYPL.OQ,78.76,80.3,77.1,79.78,79.78,3009219,90951412458.96,1157000000.0,17.6669572798605,1147000000.0,1.20104,1.14952,1330000000.0,2022-09-30,6846000000.0,1154000000.0,27053000000.0,2299000000.0,2022-11-04,91507660000.0,3.3825328059734594,4.515774772996449,0.2214459423396904,1.9922010398613519,40.046159199652024
2023-01-13,PYPL.OQ,78.34,79.8,78.03,79.48,79.48,2135148,90609404139.36,1157000000.0,17.6669572798605,1147000000.0,1.20104,1.14952,1330000000.0,2022-09-30,6846000000.0,1154000000.0,27053000000.0,2299000000.0,2022-11-04,91163560000.0,3.369813329390456,4.498793920252666,0.22228179768319703,1.9922010398613519,39.895571987820794
2023-01-17,PYPL.OQ,80.14,80.66,78.88,80.18,80.18,3418357,91407423551.76,1157000000.0,17.6669572798605,1147000000.0,1.20104,1.14952,1330000000.0,2022-09-30,6846000000.0,1154000000.0,27053000000.0,2299000000.0,2022-11-04,91966460000.00002,3.399492108084132,4.538415909988158,0.22034119830207655,1.9922010398613519,40.24694214876033
2023-01-18,PYPL.OQ,79.9,80.75,77.125,77.31,77.31,3669813,88135543960.92,1157000000.0,17.6669572798605,1147000000.0,1.20104,1.14952,1330000000.0,2022-09-30,6846000000.0,1154000000.0,27053000000.0,2299000000.0,2022-11-04,88674570000.0,3.277809115440062,4.375965752072642,0.22852098408822275,1.9922010398613519,38.806324488908224
2023-01-19,PYPL.OQ,76.38,77.42,75.96,76.75,76.75,3083772,87497128431.0,1157000000.0,17.6669572798605,1147000000.0,1.20104,1.14952,1330000000.0,2022-09-30,6846000000.0,1154000000.0,27053000000.0,2299000000.0,2022-11-04,88032250000.0,3.2540660924851217,4.3442681602842494,0.23018836846723778,1.9922010398613519,38.52522836015659
2023-01-20,PYPL.OQ,77.0,79.1,75.93,79.09,79.09,4018414,90164793323.88,1157000000.0,17.6669572798605,1147000000.0,1.20104,1.14952,1330000000.0,2022-09-30,6846000000.0,1154000000.0,27053000000.0,2299000000.0,2022-11-04,90716230000.0,3.3532780098325508,4.47671881168575,0.22337788949121887,1.9922010398613519,39.699808612440194
2023-01-23,PYPL.OQ,77.83,79.72,76.68,79.5,79.5,5708496,90632204694.0,1157000000.0,17.6669572798605,1147000000.0,1.20104,1.14952,1330000000.0,2022-09-30,6846000000.0,1154000000.0,27053000000.0,2299000000.0,2022-11-04,91186500000.0,3.3706612944959895,4.499925977102252,0.22222587773409433,1.9922010398613519,39.9056111352762
2023-01-24,PYPL.OQ,79.38,80.37,78.11,79.58,79.58,2922367,90723406912.56,1157000000.0,17.6669572798605,1147000000.0,1.20104,1.14952,1330000000.0,2022-09-30,6846000000.0,1154000000.0,27053000000.0,2299000000.0,2022-11-04,91278260000.0,3.3740531549181236,4.504454204500593,0.2220024790130749,1.9922010398613519,39.945767725097866
2023-01-25,PYPL.OQ,78.66,79.54,77.31,79.1,79.1,2794192,90176193601.2,1157000000.0,17.6669572798605,1147000000.0,1.20104,1.14952,1330000000.0,2022-09-30,6846000000.0,1154000000.0,27053000000.0,2299000000.0,2022-11-04,90727700000.0,3.3537019923853175,4.477284840110542,0.22334964955575853,1.9922010398613519,39.704828186167894
2023-01-26,PYPL.OQ,80.08,80.9,78.56,80.81,80.81,3882432,92125641022.92,1157000000.0,17.6669572798605,1147000000.0,1.20104,1.14952,1330000000.0,2022-09-30,6846000000.0,1154000000.0,27053000000.0,2299000000.0,2022-11-04,92689070000.0,3.426203008908439,4.5740757007501,0.21862340403242791,1.9922010398613519,40.563175293605916
2023-01-27,PYPL.OQ,80.6,82.53,80.32,81.83,81.83,3697501,93288469309.56,1157000000.0,17.6669572798605,1147000000.0,1.20104,1.14952,1330000000.0,2022-09-30,6846000000.0,1154000000.0,27053000000.0,2299000000.0,2022-11-04,93859010000.0,3.469449229290652,4.631810600078959,0.21589829255603693,1.9922010398613519,41.0751718138321
2023-01-30,PYPL.OQ,80.99,81.35,79.54,79.64,79.64,3184055,90791808576.48,1157000000.0,17.6669572798605,1147000000.0,1.20104,1.14952,1330000000.0,2022-09-30,6846000000.0,1154000000.0,27053000000.0,2299000000.0,2022-11-04,91347080000.0,3.3765970502347242,4.50785037504935,0.2218352245085447,1.9922010398613519,39.975885167464114
2023-01-31,PYPL.OQ,79.7,82.46,79.61,81.49,81.49,5394181,92900859880.68,1157000000.0,17.6669572798605,1147000000.0,1.20104,1.14952,1330000000.0,2022-09-30,6846000000.0,1154000000.0,27053000000.0,2299000000.0,2022-11-04,93469030000.0,3.455033822496581,4.612565633636006,0.2167990830759664,1.9922010398613519,40.90450630709004
2023-02-01,PYPL.OQ,81.4,83.59,79.6,82.91,82.91,4204255,94519699260.12,1157000000.0,17.6669572798605,1147000000.0,1.20104,1.14952,1330000000.0,2022-09-30,6846000000.0,1154000000.0,27053000000.0,2299000000.0,2022-11-04,95097770000.0,3.515239344989465,4.692941669956574,0.21308596405572913,1.9922010398613519,41.61728577642453
2023-02-02,PYPL.OQ,86.6,88.62,85.68,86.96,86.96,4745981,99136811574.7199,1157000000.0,17.6669572798605,1147000000.0,1.20104,1.14952,1330000000.0,2022-09-30,6846000000.0,1154000000.0,27053000000.0,2299000000.0,2022-11-04,99743120000.0,3.6869522788600153,4.9221831819976325,0.20316188224310605,1.9922010398613519,43.65021313614615
2023-02-03,PYPL.OQ,85.5,87.82,85.3,85.52,85.52,4948866,96755044444.9599,1157000000.0,17.6669572798605,1147000000.0,1.20104,1.14952,1330000000.0,2022-09-30,6846000000.0,1154000000.0,27053000000.0,2299000000.0,2022-11-04,98091440000.0,3.6258987912615974,4.840675088827479,0.2065827558449544,1.9922010398613519,42.92739451935624
2023-02-06,PYPL.OQ,83.17,83.78,82.15,82.33,82.33,4330555,93145963624.34,1157000000.0,17.6669572798605,1147000000.0,1.20104,1.14952,1330000000.0,2022-09-30,6846000000.0,1154000000.0,27053000000.0,2299000000.0,2022-11-04,94432510000.0,3.4906483569289914,4.660112021318596,0.2145871162378295,1.9922010398613519,41.32615050021749
2023-02-07,PYPL.OQ,82.06,83.67,80.83,83.23,83.23,4010966,94164199592.54,1157000000.0,17.6669572798605,1147000000.0,1.20104,1.14952,1330000000.0,2022-09-30,6846000000.0,1154000000.0,27053000000.0,2299000000.0,2022-11-04,95464810000.0,3.5288067866780026,4.711054579549942,0.21226669806392529,1.9922010398613519,41.777912135711176
2023-02-08,PYPL.OQ,82.26,82.59,79.64,79.72,79.72,4471253,90193079316.56,1157000000.0,17.6669572798605,1147000000.0,1.20104,1.14952,1330000000.0,2022-09-30,6846000000.0,1154000000.0,27053000000.0,2299000000.0,2022-11-04,91438840000.0,3.379988910656859,4.512378602447692,0.2216126101337243,1.9922010398613519,40.01604175728578
2023-02-09,PYPL.OQ,81.6,81.77,78.1,78.42,78.42,7865373,88722294029.16,1143000000.0,17.8468309859155,1136000000.0,0.83055,0.80577,921000000.0,2022-12-31,7383000000.0,1139000000.0,27518000000.0,2419000000.0,2023-02-09,89085120000.0,3.2373399229595172,4.3940574134359265,0.2275800941840793,2.1237928007023705,36.92450599421249
2023-02-10,PYPL.OQ,79.34,82.84,78.6,80.8,80.8,8409859,91414962478.4,1143000000.0,17.8468309859155,1136000000.0,0.83055,0.80577,921000000.0,2022-12-31,7383000000.0,1139000000.0,27518000000.0,2419000000.0,2023-02-09,91788800000.0,3.3355912493640525,4.527414422412941,0.22087662111281559,2.1237928007023705,38.04514262091773
2023-02-13,PYPL.OQ,80.65,80.71,78.44,79.45,79.45,4625983,89887608526.1,1143000000.0,17.8468309859155,1136000000.0,0.83055,0.80577,921000000.0,2022-12-31,7383000000.0,1139000000.0,27518000000.0,2419000000.0,2023-02-09,90255200000.0,3.2798604549749255,4.451770740850349,0.22462971662574574,2.1237928007023705,37.409487391484085
2023-02-14,PYPL.OQ,79.0,79.37,76.3,77.26,77.26,5220819,87409901003.48,1143000000.0,17.8468309859155,1136000000.0,0.83055,0.80577,921000000.0,2022-12-31,7383000000.0,1139000000.0,27518000000.0,2419000000.0,2023-02-09,87767360000.0,3.189452721854786,4.32905987964881,0.23099703580009706,2.1237928007023705,36.37831335262506
2023-02-15,PYPL.OQ,76.46,78.78,76.05,77.91,77.91,4207301,88145293647.18,1143000000.0,17.8468309859155,1136000000.0,0.83055,0.80577,921000000.0,2022-12-31,7383000000.0,1139000000.0,27518000000.0,2419000000.0,2023-02-09,88505760000.0,3.216286067301403,4.36548091151228,0.22906983681062124,2.1237928007023705,36.68436957420421
2023-02-16,PYPL.OQ,77.0,78.71,76.54,76.73,76.73,3433860,86810273155.54,1143000000.0,17.8468309859155,1136000000.0,0.83055,0.80577,921000000.0,2022-12-31,7383000000.0,1139000000.0,27518000000.0,2419000000.0,2023-02-09,87165280000.0,3.1675732247983137,4.299362730590904,0.23259261026867584,2.1237928007023705,36.12875981810666
2023-02-17,PYPL.OQ,76.1,76.31,73.59,74.66,74.66,3764269,84468330428.68,1143000000.0,17.8468309859155,1136000000.0,0.83055,0.80577,921000000.0,2022-12-31,7383000000.0,1139000000.0,27518000000.0,2419000000.0,2023-02-09,84813760000.0,3.082119340068319,4.1833757521949275,0.2390414008292995,2.1237928007023705,35.15408846630839
2023-02-21,PYPL.OQ,73.75,75.56,73.74,75.24,75.24,4670071,85124526941.5199,1143000000.0,17.8468309859155,1136000000.0,0.83055,0.80577,921000000.0,2022-12-31,7383000000.0,1139000000.0,27518000000.0,2419000000.0,2023-02-09,85472640000.0,3.1060629406206846,4.215874519088486,0.23719871060493752,2.1237928007023705,35.42718478710211
2023-02-22,PYPL.OQ,75.36,76.28,74.9,75.48,75.48,2677039,85396056533.04,1143000000.0,17.8468309859155,1136000000.0,0.83055,0.80577,921000000.0,2022-12-31,7383000000.0,1139000000.0,27518000000.0,2419000000.0,2023-02-09,85745280000.0,3.1159706374009737,4.229322284699614,0.23644450166819686,2.1237928007023705,35.54019016122365
2023-02-23,PYPL.OQ,75.92,76.27,73.63,75.19,75.19,2668492,85067958276.62,1143000000.0,17.8468309859155,1136000000.0,0.83055,0.80577,921000000.0,2022-12-31,7383000000.0,1139000000.0,27518000000.0,2419000000.0,2023-02-09,85415840000.0,3.103998837124791,4.2130729012528345,0.23735644348870194,2.1237928007023705,35.403642000826785
2023-02-24,PYPL.OQ,73.42,74.02,72.98,73.55,73.55,3653093,83212506067.9,1143000000.0,17.8468309859155,1136000000.0,0.83055,0.80577,921000000.0,2022-12-31,7383000000.0,1139000000.0,27518000000.0,2419000000.0,2023-02-09,83552800000.0,3.036296242459481,4.121179836243463,0.24264895969973488,2.1237928007023705,34.63143861099628
2023-02-27,PYPL.OQ,74.32,74.55,73.46,73.77,73.77,2173209,83461408193.4599,1143000000.0,17.8468309859155,1136000000.0,0.83055,0.80577,921000000.0,2022-12-31,7383000000.0,1139000000.0,27518000000.0,2419000000.0,2023-02-09,83802720000.0,3.045378297841413,4.13350695472033,0.24192532175566625,2.1237928007023705,34.73502687060768
2023-02-28,PYPL.OQ,73.45,74.33,73.14,73.6,73.6,3090779,83269074732.7999,1143000000.0,17.8468309859155,1136000000.0,0.83055,0.80577,921000000.0,2022-12-31,7383000000.0,1139000000.0,27518000000.0,2419000000.0,2023-02-09,83609600000.0,3.0383603459553745,4.123981454079114,0.2424841166564606,2.1237928007023705,34.6549813972716
2023-03-01,PYPL.OQ,73.63,74.22,73.25,73.82,73.82,2565161,83517976858.3599,1143000000.0,17.8468309859155,1136000000.0,0.83055,0.80577,921000000.0,2022-12-31,7383000000.0,1139000000.0,27518000000.0,2419000000.0,2023-02-09,83859519999.99998,3.047442401337306,4.136308572555981,0.24176146011806424,2.1237928007023705,34.758569656883004
2023-03-02,PYPL.OQ,72.6,74.36,72.6,74.1,74.1,2603375,83834761381.7999,1143000000.0,17.8468309859155,1136000000.0,0.83055,0.80577,921000000.0,2022-12-31,7383000000.0,1139000000.0,27518000000.0,2419000000.0,2023-02-09,84177600000.0,3.0590013809143106,4.15199763243563,0.2408479215373212,2.1237928007023705,34.8904092600248
2023-03-03,PYPL.OQ,74.15,76.32,74.1,76.29,76.29,3074435,86312468904.42,1143000000.0,17.8468309859155,1136000000.0,0.83055,0.80577,921000000.0,2022-12-31,7383000000.0,1139000000.0,27518000000.0,2419000000.0,2023-02-09,86665440000.0,3.1494091140344502,4.27470849363717,0.23393408029775195,2.1237928007023705,35.92158329888384
2023-03-06,PYPL.OQ,77.0,77.75,76.36,76.78,76.78,3223398,86866841820.44,1143000000.0,17.8468309859155,1136000000.0,0.83055,0.80577,921000000.0,2022-12-31,7383000000.0,1139000000.0,27518000000.0,2419000000.0,2023-02-09,87222080000.0,3.1696373282942076,4.302164348426555,0.23244114334352045,2.1237928007023705,36.15230260438197
2023-03-07,PYPL.OQ,76.5,77.37,74.795,74.91,74.91,2976092,84751173753.18,1143000000.0,17.8468309859155,1136000000.0,0.83055,0.80577,921000000.0,2022-12-31,7383000000.0,1139000000.0,27518000000.0,2419000000.0,2023-02-09,85097760000.0,3.0924398575477867,4.197383841373186,0.2382436388454879,2.1237928007023705,35.27180239768499
2023-03-08,PYPL.OQ,75.0,76.2,74.38,75.84,75.84,2882908,85803350920.32,1143000000.0,17.8468309859155,1136000000.0,0.83055,0.80577,921000000.0,2022-12-31,7383000000.0,1139000000.0,27518000000.0,2419000000.0,2023-02-09,86154240000.0,3.1308321825714076,4.249493933116305,0.2353221385273668,2.1237928007023705,35.709698222405954
2023-03-09,PYPL.OQ,76.82,79.26,75.735,75.93,75.93,5202477,85905174517.14,1143000000.0,17.8468309859155,1136000000.0,0.83055,0.80577,921000000.0,2022-12-31,7383000000.0,1139000000.0,27518000000.0,2419000000.0,2023-02-09,86256480000.00002,3.1345475688640168,4.254536845220478,0.23504321066660736,2.1237928007023705,35.75207523770153
2023-03-10,PYPL.OQ,75.94,75.94,73.1,73.43,73.43,4427538,83076741272.14,1143000000.0,17.8468309859155,1136000000.0,0.83055,0.80577,921000000.0,2022-12-31,7383000000.0,1139000000.0,27518000000.0,2419000000.0,2023-02-09,83416480000.00002,3.031342394069337,4.1144559534379,0.24304549892299465,2.1237928007023705,34.57493592393551
2023-03-13,PYPL.OQ,72.77,73.97,71.1,72.61,72.61,5115853,82149015167.78,1143000000.0,17.8468309859155,1136000000.0,0.83055,0.80577,921000000.0,2022-12-31,7383000000.0,1139000000.0,27518000000.0,2419000000.0,2023-02-09,82484960000.0,2.9974910967366815,4.068509420933213,0.24579026285519212,2.1237928007023705,34.18883422902026
2023-03-14,PYPL.OQ,74.03,74.67,72.68,73.24,73.24,4349336,82861780345.5199,1143000000.0,17.8468309859155,1136000000.0,0.83055,0.80577,921000000.0,2022-12-31,7383000000.0,1139000000.0,27518000000.0,2419000000.0,2023-02-09,83200640000.0,3.0234988007849406,4.103809805662423,0.24367601018453713,2.1237928007023705,34.48547333608929
2023-03-15,PYPL.OQ,72.27,73.94,71.77,73.91,73.91,3634634,83619800455.18,1143000000.0,17.8468309859155,1136000000.0,0.83055,0.80577,921000000.0,2022-12-31,7383000000.0,1139000000.0,27518000000.0,2419000000.0,2023-02-09,83961760000.0,3.051157787629915,4.141351484660154,0.24146706786518063,2.1237928007023705,34.80094667217858
2023-03-16,PYPL.OQ,73.55,74.5,72.53,74.35,74.35,3436346,84117604706.2999,1143000000.0,17.8468309859155,1136000000.0,0.83055,0.80577,921000000.0,2022-12-31,7383000000.0,1139000000.0,27518000000.0,2419000000.0,2023-02-09,84461600000.0,3.0693218983937784,4.166005721613888,0.24003807647498993,2.1237928007023705,35.0081231914014
2023-03-17,PYPL.OQ,74.04,75.06,72.48,72.99,72.99,12886633,82578937021.0199,1143000000.0,17.8468309859155,1136000000.0,0.83055,0.80577,921000000.0,2022-12-31,7383000000.0,1139000000.0,27518000000.0,2419000000.0,2023-02-09,82916640000.0,3.0131782833054728,4.089801716484165,0.2445106314004042,2.1237928007023705,34.367759404712686
2023-03-20,PYPL.OQ,72.97,74.14,72.03,73.21,73.21,5166407,82827839146.5799,1143000000.0,17.8468309859155,1136000000.0,0.83055,0.80577,921000000.0,2022-12-31,7383000000.0,1139000000.0,27518000000.0,2419000000.0,2023-02-09,83166560000.0,3.0222603386874045,4.102128834961032,0.24377586376062696,2.1237928007023705,34.4713476643241
2023-03-21,PYPL.OQ,74.09,76.84,74.07,76.72,76.72,3916125,86798959422.56,1143000000.0,17.8468309859155,1136000000.0,0.83055,0.80577,921000000.0,2022-12-31,7383000000.0,1139000000.0,27518000000.0,2419000000.0,2023-02-09,87153920000.0,3.167160404099135,4.298802407023773,0.23262292734509252,2.1237928007023705,36.12405126085159
2023-03-22,PYPL.OQ,76.86,77.115,74.24,74.34,74.34,4141866,84106290973.32,1143000000.0,17.8468309859155,1136000000.0,0.83055,0.80577,921000000.0,2022-12-31,7383000000.0,1139000000.0,27518000000.0,2419000000.0,2023-02-09,84450240000.0,3.0689090776945998,4.165445398046758,0.24007036569700696,2.1237928007023705,35.003414634146345
2023-03-23,PYPL.OQ,73.0,74.51,71.71,72.56,72.56,6513004,82092446502.88,1143000000.0,17.8468309859155,1136000000.0,0.83055,0.80577,921000000.0,2022-12-31,7383000000.0,1139000000.0,27518000000.0,2419000000.0,2023-02-09,82428160000.0,2.995426993240788,4.065707803097562,0.24595963321272735,2.1237928007023705,34.16529144274494
2023-03-24,PYPL.OQ,71.96,73.9,71.54,73.88,73.88,3197673,83585859256.2399,1143000000.0,17.8468309859155,1136000000.0,0.83055,0.80577,921000000.0,2022-12-31,7383000000.0,1139000000.0,27518000000.0,2419000000.0,2023-02-09,83927680000.0,3.049919325532379,4.139670513958763,0.2415651189214334,2.1237928007023705,34.78682100041339
2023-03-27,PYPL.OQ,74.72,75.16,73.185,73.3,73.3,4341198,82929662743.4,1143000000.0,17.8468309859155,1136000000.0,0.83055,0.80577,921000000.0,2022-12-31,7383000000.0,1139000000.0,27518000000.0,2419000000.0,2023-02-09,83268800000.0,3.025975724980013,4.107171747065205,0.24347654823895631,2.1237928007023705,34.51372467961968
2023-03-28,PYPL.OQ,73.1,73.585,71.86,72.7,72.7,2781080,82250838764.6,1143000000.0,17.8468309859155,1136000000.0,0.83055,0.80577,921000000.0,2022-12-31,7383000000.0,1139000000.0,27518000000.0,2419000000.0,2023-02-09,82587200000.0,3.0012064830292897,4.073552333037386,0.24548598330007565,2.1237928007023705,34.23121124431584
2023-03-29,PYPL.OQ,73.0,74.3,73.0,74.18,74.18,2711181,83925271245.64,1143000000.0,17.8468309859155,1136000000.0,0.83055,0.80577,921000000.0,2022-12-31,7383000000.0,1139000000.0,27518000000.0,2419000000.0,2023-02-09,84268480000.00002,3.062303946507741,4.156480220972673,0.2405881772164397,2.1237928007023705,34.92807771806532
2023-03-30,PYPL.OQ,74.92,75.16,73.91,74.39,74.39,3199997,83525538935.12,1143000000.0,17.8468309859155,1136000000.0,0.83055,0.80577,921000000.0,2022-12-31,7383000000.0,1139000000.0,27518000000.0,2419000000.0,2023-02-09,84507040000.0,3.0709731811904937,4.168247015882409,0.2399090063975736,2.1237928007023705,35.02695742042166
2023-03-31,PYPL.OQ,74.51,76.03,74.13,75.94,75.94,3147260,85265888247.52,1143000000.0,17.8468309859155,1136000000.0,0.83055,0.80577,921000000.0,2022-12-31,7383000000.0,1139000000.0,27518000000.0,2419000000.0,2023-02-09,86267840000.0,3.134960389563195,4.255097168787608,0.2350122594932249,2.1237928007023705,35.75678379495659
2023-04-03,PYPL.OQ,75.44,75.92,74.71,75.29,75.29,2808488,84536064342.32,1143000000.0,17.8468309859155,1136000000.0,0.83055,0.80577,921000000.0,2022-12-31,7383000000.0,1139000000.0,27518000000.0,2419000000.0,2023-02-09,85529440000.0,3.108127044116578,4.218676136924138,0.23704118722161638,2.1237928007023705,35.45072757337743
2023-04-04,PYPL.OQ,75.46,75.68,74.73,75.26,75.26,2468363,84502380162.08,1143000000.0,17.8468309859155,1136000000.0,0.83055,0.80577,921000000.0,2022-12-31,7383000000.0,1139000000.0,27518000000.0,2419000000.0,2023-02-09,85495360000.0,3.106888582019042,4.216995166222747,0.23713567613493883,2.1237928007023705,35.436601901612235
2023-04-05,PYPL.OQ,75.11,75.11,73.115,73.61,73.61,4034966,82649750248.88,1143000000.0,17.8468309859155,1136000000.0,0.83055,0.80577,921000000.0,2022-12-31,7383000000.0,1139000000.0,27518000000.0,2419000000.0,2023-02-09,83620960000.0,3.038773166654553,4.124541777646245,0.24245117492073767,2.1237928007023705,34.65968995452666
2023-04-06,PYPL.OQ,73.27,74.99,72.28,74.96,74.96,3581062,84165538359.68,1143000000.0,17.8468309859155,1136000000.0,0.83055,0.80577,921000000.0,2022-12-31,7383000000.0,1139000000.0,27518000000.0,2419000000.0,2023-02-09,85154560000.0,3.0945039610436806,4.2001854592088375,0.23808472499887273,2.1237928007023705,35.29534518396031
2023-04-10,PYPL.OQ,74.46,74.85,73.47,74.52,74.52,2344023,83671503716.1599,1143000000.0,17.8468309859155,1136000000.0,0.83055,0.80577,921000000.0,2022-12-31,7383000000.0,1139000000.0,27518000000.0,2419000000.0,2023-02-09,84654720000.0,3.0763398502798167,4.1755312222551035,0.23949048558662775,2.1237928007023705,35.088168664737495
2023-04-11,PYPL.OQ,76.03,76.43,73.21,73.58,73.58,3967605,82616066068.64,1143000000.0,17.8468309859155,1136000000.0,0.83055,0.80577,921000000.0,2022-12-31,7383000000.0,1139000000.0,27518000000.0,2419000000.0,2023-02-09,83586880000.0,3.037534704557017,4.122860806944854,0.24255002698988173,2.1237928007023705,34.64556428276147
2023-04-12,PYPL.OQ,73.84,75.69,73.355,73.5,73.5,3349815,82526241588.0,1143000000.0,17.8468309859155,1136000000.0,0.83055,0.80577,921000000.0,2022-12-31,7383000000.0,1139000000.0,27518000000.0,2419000000.0,2023-02-09,83496000000.0,3.0342321389635876,4.118378218407812,0.24281402701925847,2.1237928007023705,34.607895824720956
2023-04-13,PYPL.OQ,73.71,75.56,73.56,75.52,75.52,3117143,84794309724.1599,1143000000.0,17.8468309859155,1136000000.0,0.83055,0.80577,921000000.0,2022-12-31,7383000000.0,1139000000.0,27518000000.0,2419000000.0,2023-02-09,85790720000.0,3.117621920197689,4.231563578968135,0.23631926623299124,2.1237928007023705,35.5590243902439
2023-04-14,PYPL.OQ,75.29,76.73,75.18,76.53,76.53,2889335,85928343792.24,1143000000.0,17.8468309859155,1136000000.0,0.83055,0.80577,921000000.0,2022-12-31,7383000000.0,1139000000.0,27518000000.0,2419000000.0,2023-02-09,86938080000.0,3.1593168108147394,4.2881562592482965,0.2332004571529531,2.1237928007023705,36.03458867300537
2023-04-17,PYPL.OQ,76.83,77.94,76.56,77.33,77.33,2639758,86826588598.64,1143000000.0,17.8468309859155,1136000000.0,0.83055,0.80577,921000000.0,2022-12-31,7383000000.0,1139000000.0,27518000000.0,2419000000.0,2023-02-09,87846880000.0,3.192342466749037,4.332982144618722,0.2307879346426419,2.1237928007023705,36.4112732534105
2023-04-18,PYPL.OQ,77.71,77.93,76.215,76.42,76.42,2783442,85804835131.36,1143000000.0,17.8468309859155,1136000000.0,0.83055,0.80577,921000000.0,2022-12-31,7383000000.0,1139000000.0,27518000000.0,2419000000.0,2023-02-09,86813120000.0,3.1547757831237737,4.281992700009863,0.2335361291012235,2.1237928007023705,35.98279454319967
2023-04-19,PYPL.OQ,75.23,75.935,74.1,75.32,75.32,3126078,84569748522.56,1143000000.0,17.8468309859155,1136000000.0,0.83055,0.80577,921000000.0,2022-12-31,7383000000.0,1139000000.0,27518000000.0,2419000000.0,2023-02-09,85563519999.99998,3.1093655062141137,4.220357107625528,0.23694677357827273,2.1237928007023705,35.46485324514262
2023-04-20,PYPL.OQ,74.4,74.97,73.48,73.58,73.58,2938214,82616066068.64,1143000000.0,17.8468309859155,1136000000.0,0.83055,0.80577,921000000.0,2022-12-31,7383000000.0,1139000000.0,27518000000.0,2419000000.0,2023-02-09,83586880000.0,3.037534704557017,4.122860806944854,0.24255002698988173,2.1237928007023705,34.64556428276147
2023-04-21,PYPL.OQ,73.38,74.23,72.93,74.18,74.18,2669887,83289749673.44,1143000000.0,17.8468309859155,1136000000.0,0.83055,0.80577,921000000.0,2022-12-31,7383000000.0,1139000000.0,27518000000.0,2419000000.0,2023-02-09,84268480000.00002,3.062303946507741,4.156480220972673,0.2405881772164397,2.1237928007023705,34.92807771806532
2023-04-24,PYPL.OQ,74.41,74.87,73.38,74.29,74.29,2607067,83413258334.32,1143000000.0,17.8468309859155,1136000000.0,0.83055,0.80577,921000000.0,2022-12-31,7383000000.0,1139000000.0,27518000000.0,2419000000.0,2023-02-09,84393440000.0,3.0668449741987063,4.1626437802111065,0.24023194219835103,2.1237928007023705,34.979871847871024
2023-04-25,PYPL.OQ,73.9,74.29,71.76,71.78,71.78,3674273,80595015254.24,1143000000.0,17.8468309859155,1136000000.0,0.83055,0.80577,921000000.0,2022-12-31,7383000000.0,1139000000.0,27518000000.0,2419000000.0,2023-02-09,81542080000.0,2.9632269787048475,4.022002564861397,0.24863236257892868,2.1237928007023705,33.79802397684994
2023-04-26,PYPL.OQ,71.1,72.76,71.05,72.06,72.06,2992360,80909400936.48,1143000000.0,17.8468309859155,1136000000.0,0.83055,0.80577,921000000.0,2022-12-31,7383000000.0,1139000000.0,27518000000.0,2419000000.0,2023-02-09,81860160000.0,2.974785958281852,4.037691624741046,0.24766626402880237,2.1237928007023705,33.92986357999173
2023-04-27,PYPL.OQ,73.03,74.37,73.02,74.27,74.27,3518337,83390802214.1599,1143000000.0,17.8468309859155,1136000000.0,0.83055,0.80577,921000000.0,2022-12-31,7383000000.0,1139000000.0,27518000000.0,2419000000.0,2023-02-09,84370720000.0,3.066019332800349,4.161523133076845,0.24029663371368656,2.1237928007023705,34.97045473336089
2023-04-28,PYPL.OQ,74.15,76.045,73.98,76.0,76.0,4132648,85333256608.0,1143000000.0,17.8468309859155,1136000000.0,0.83055,0.80577,921000000.0,2022-12-31,7383000000.0,1139000000.0,27518000000.0,2419000000.0,2023-02-09,86336000000.0,3.137437313758267,4.25845911019039,0.23482672349888814,2.1237928007023705,35.785035138486975
2023-05-01,PYPL.OQ,76.03,76.5,74.975,75.11,75.11,2313081,84333959260.88,1143000000.0,17.8468309859155,1136000000.0,0.83055,0.80577,921000000.0,2022-12-31,7383000000.0,1139000000.0,27518000000.0,2419000000.0,2023-02-09,85324960000.0,3.100696271531361,4.208590312715792,0.2376092529079417,2.1237928007023705,35.36597354278627
2023-05-02,PYPL.OQ,74.82,75.06,71.93,72.28,72.28,4074793,80643805607.04,1143000000.0,17.8468309859155,1136000000.0,0.83055,0.80577,921000000.0,2022-12-31,7383000000.0,1139000000.0,27518000000.0,2419000000.0,2023-02-09,82110080000.0,2.9838680136637836,4.0500187432179136,0.2469124375472537,2.1237928007023705,34.03345183960314
2023-05-03,PYPL.OQ,72.41,72.98,71.355,71.43,71.43,3888921,79695448734.24,1143000000.0,17.8468309859155,1136000000.0,0.83055,0.80577,921000000.0,2022-12-31,7383000000.0,1139000000.0,27518000000.0,2419000000.0,2023-02-09,81144480000.00002,2.948778254233593,4.002391240011836,0.24985063679008118,2.1237928007023705,33.6332244729227
2023-05-04,PYPL.OQ,71.98,73.05,71.755,71.81,71.81,3119014,80119420042.08,1143000000.0,17.8468309859155,1136000000.0,0.83055,0.80577,921000000.0,2022-12-31,7383000000.0,1139000000.0,27518000000.0,2419000000.0,2023-02-09,81576160000.0,2.964465440802384,4.023683535562789,0.24852849165736662,2.1237928007023705,33.81214964861513
2023-05-05,PYPL.OQ,73.02,75.07,72.98,74.97,74.97,4007857,83645076180.9599,1143000000.0,17.8468309859155,1136000000.0,0.83055,0.80577,921000000.0,2022-12-31,7383000000.0,1139000000.0,27518000000.0,2419000000.0,2023-02-09,85165920000.0,3.0949167817428593,4.200745782775968,0.2380529676659397,2.1237928007023705,35.30005374121538
2023-05-08,PYPL.OQ,75.6,76.38,74.92,75.52,75.52,6134429,84258718863.36,1134000000.0,17.698752228164,1122000000.0,0.84234,0.70106,795000000.0,2023-03-31,7040000000.0,1129000000.0,28075000000.0,2705000000.0,2023-05-08,84733440000.0,3.0181100623330366,4.266967469030112,0.2343584775975106,2.395925597874225,31.520177449168205
2023-05-09,PYPL.OQ,69.62,69.65,65.85,65.905,65.905,14381331,73531129061.04,1134000000.0,17.698752228164,1122000000.0,0.84234,0.70106,795000000.0,2023-03-31,7040000000.0,1129000000.0,28075000000.0,2705000000.0,2023-05-08,73945410000.0,2.633852537845058,3.7237088327122554,0.26854946101455124,2.395925597874225,27.5071146025878
2023-05-10,PYPL.OQ,66.56,66.59,62.78,63.38,63.38,8893475,70713951291.84,1134000000.0,17.698752228164,1122000000.0,0.84234,0.70106,795000000.0,2023-03-31,7040000000.0,1129000000.0,28075000000.0,2705000000.0,2023-05-08,71112360000.0,2.5329424755120216,3.581043408198206,0.279248220703124,2.395925597874225,26.45324214417745
2023-05-11,PYPL.OQ,63.45,64.375,62.64,64.18,64.18,6735116,71606522466.24,1134000000.0,17.698752228164,1122000000.0,0.84234,0.70106,795000000.0,2023-03-31,7040000000.0,1129000000.0,28075000000.0,2705000000.0,2023-05-08,72009960000.00002,2.5649139804096177,3.626244334776915,0.27576740773081954,2.395925597874225,26.787142329020337
2023-05-12,PYPL.OQ,64.09,64.18,61.315,61.69,61.69,6410367,68828394685.92,1134000000.0,17.698752228164,1122000000.0,0.84234,0.70106,795000000.0,2023-03-31,7040000000.0,1129000000.0,28075000000.0,2705000000.0,2023-05-08,69216180000.0,2.4654026714158506,3.4855564508006833,0.2868982367995461,2.395925597874225,25.747878003696858
2023-05-15,PYPL.OQ,61.75,62.72,61.6,62.25,62.25,4358208,69453194508.0,1134000000.0,17.698752228164,1122000000.0,0.84234,0.70106,795000000.0,2023-03-31,7040000000.0,1129000000.0,28075000000.0,2705000000.0,2023-05-08,69844500000.0,2.4877827248441675,3.5171970994057795,0.2843173048701044,2.395925597874225,25.981608133086876
2023-05-16,PYPL.OQ,61.8,61.96,60.75,60.8,60.8,3992085,67835409254.3999,1134000000.0,17.698752228164,1122000000.0,0.84234,0.70106,795000000.0,2023-03-31,7040000000.0,1129000000.0,28075000000.0,2705000000.0,2023-05-08,68217600000.0,2.4298343722172753,3.4352704199818698,0.2910978984895395,2.395925597874225,25.37641404805915
2023-05-17,PYPL.OQ,61.09,61.71,60.4,61.46,61.46,5025892,68571780473.28,1134000000.0,17.698752228164,1122000000.0,0.84234,0.70106,795000000.0,2023-03-31,7040000000.0,1129000000.0,28075000000.0,2705000000.0,2023-05-08,68958120000.0,2.4562108637577915,3.4725611844093045,0.2879718878646925,2.395925597874225,25.65188170055453
2023-05-18,PYPL.OQ,61.42,61.655,60.47,61.27,61.27,4625271,68359794819.36,1134000000.0,17.698752228164,1122000000.0,0.84234,0.70106,795000000.0,2023-03-31,7040000000.0,1129000000.0,28075000000.0,2705000000.0,2023-05-08,68744940000.0,2.4486176313446126,3.4618259643468616,0.2888648968200424,2.395925597874225,25.572580406654346
2023-05-19,PYPL.OQ,61.9,61.93,60.71,60.92,60.92,5021185,67969294930.56,1134000000.0,17.698752228164,1122000000.0,0.84234,0.70106,795000000.0,2023-03-31,7040000000.0,1129000000.0,28075000000.0,2705000000.0,2023-05-08,68352240000.0,2.4346300979519144,3.4420505589686763,0.2905244948812213,2.395925597874225,25.426499075785586
2023-05-22,PYPL.OQ,60.88,63.15,60.66,63.03,63.03,4753606,70323451403.04,1134000000.0,17.698752228164,1122000000.0,0.84234,0.70106,795000000.0,2023-03-31,7040000000.0,1129000000.0,28075000000.0,2705000000.0,2023-05-08,70719660000.0,2.5189549421193234,3.5612680028200208,0.2807988613067428,2.395925597874225,26.307160813308688
2023-05-23,PYPL.OQ,63.03,63.3,61.845,62.0,62.0,3908725,69174266016.0,1134000000.0,17.698752228164,1122000000.0,0.84234,0.70106,795000000.0,2023-03-31,7040000000.0,1129000000.0,28075000000.0,2705000000.0,2023-05-08,69564000000.0,2.4777916295636686,3.503071809849933,0.2854637456155484,2.395925597874225,25.877264325323477
2023-05-24,PYPL.OQ,61.56,62.21,61.23,61.8,61.8,3955887,68951123222.4,1134000000.0,17.698752228164,1122000000.0,0.84234,0.70106,795000000.0,2023-03-31,7040000000.0,1129000000.0,28075000000.0,2705000000.0,2023-05-08,69339600000.0,2.46979875333927,3.4917715782052556,0.2863875765075081,2.395925597874225,25.793789279112755
2023-05-25,PYPL.OQ,61.65,61.74,59.32,59.37,59.37,6455044,66239938280.1599,1134000000.0,17.698752228164,1122000000.0,0.84234,0.70106,795000000.0,2023-03-31,7040000000.0,1129000000.0,28075000000.0,2705000000.0,2023-05-08,66613140000.0,2.372685307212823,3.3544737637224276,0.2981093519987199,2.395925597874225,24.779567467652495
2023-05-26,PYPL.OQ,59.5,60.6,58.96,60.22,60.22,4847366,67188295152.96,1134000000.0,17.698752228164,1122000000.0,0.84234,0.70106,795000000.0,2023-03-31,7040000000.0,1129000000.0,28075000000.0,2705000000.0,2023-05-08,67566840000.0,2.4066550311665185,3.402499748212306,0.29390156473204915,2.395925597874225,25.13433641404806
2023-05-30,PYPL.OQ,61.0,62.185,59.55,62.05,62.05,5352184,69230051714.4,1134000000.0,17.698752228164,1122000000.0,0.84234,0.70106,795000000.0,2023-03-31,7040000000.0,1129000000.0,28075000000.0,2705000000.0,2023-05-08,69620100000.0,2.4797898486197685,3.505896867761102,0.2852337184232716,2.395925597874225,25.898133086876154
2023-05-31,PYPL.OQ,61.87,63.2,61.175,61.99,61.99,11784767,69163108876.32,1134000000.0,17.698752228164,1122000000.0,0.84234,0.70106,795000000.0,2023-03-31,7040000000.0,1129000000.0,28075000000.0,2705000000.0,2023-05-08,69552780000.0,2.477391985752449,3.5025067982676994,0.28550979558257783,2.395925597874225,25.87309057301294
2023-06-01,PYPL.OQ,62.42,63.61,61.84,63.05,63.05,4139001,70345765682.4,1134000000.0,17.698752228164,1122000000.0,0.84234,0.70106,795000000.0,2023-03-31,7040000000.0,1129000000.0,28075000000.0,2705000000.0,2023-05-08,70742100000.0,2.519754229741763,3.5623980259844883,0.28070978950299763,2.395925597874225,26.31550831792976
2023-06-02,PYPL.OQ,63.74,64.395,63.57,63.96,63.96,4482182,71361065393.28,1134000000.0,17.698752228164,1122000000.0,0.84234,0.70106,795000000.0,2023-03-31,7040000000.0,1129000000.0,28075000000.0,2705000000.0,2023-05-08,71763120000.0,2.5561218165627784,3.61381407996777,0.276715951034459,2.395925597874225,26.69531977818854
2023-06-05,PYPL.OQ,64.13,64.97,63.51,64.51,64.51,3570889,71974708075.68,1134000000.0,17.698752228164,1122000000.0,0.84234,0.70106,795000000.0,2023-03-31,7040000000.0,1129000000.0,28075000000.0,2705000000.0,2023-05-08,72380220000.0,2.578102226179875,3.6448897169906322,0.2743567234252674,2.395925597874225,26.924876155268027
2023-06-06,PYPL.OQ,64.43,65.17,64.24,65.02,65.02,3101175,72543722199.36,1134000000.0,17.698752228164,1122000000.0,0.84234,0.70106,795000000.0,2023-03-31,7040000000.0,1129000000.0,28075000000.0,2705000000.0,2023-05-08,72952440000.0,2.5984840605520927,3.6737053076845587,0.2722047405131344,2.395925597874225,27.13773752310536
2023-06-07,PYPL.OQ,65.25,65.31,63.555,64.04,64.04,4495953,71450322510.72,1134000000.0,17.698752228164,1122000000.0,0.84234,0.70106,795000000.0,2023-03-31,7040000000.0,1129000000.0,28075000000.0,2705000000.0,2023-05-08,71852880000.0,2.559318967052538,3.618334172625641,0.2763702721449719,2.395925597874225,26.72870979667283
2023-06-08,PYPL.OQ,64.2,64.69,63.985,64.24,64.24,3453960,71673465304.3199,1134000000.0,17.698752228164,1122000000.0,0.84234,0.70106,795000000.0,2023-03-31,7040000000.0,1129000000.0,28075000000.0,2705000000.0,2023-05-08,72077280000.0,2.567311843276937,3.6296344042703175,0.27550984165884185,2.395925597874225,26.812184842883546
2023-06-09,PYPL.OQ,64.0,64.06,62.43,63.49,63.49,4215606,70836679828.32,1134000000.0,17.698752228164,1122000000.0,0.84234,0.70106,795000000.0,2023-03-31,7040000000.0,1129000000.0,28075000000.0,2705000000.0,2023-05-08,71235780000.0,2.5373385574354406,3.5872585356027784,0.2787644074368247,2.395925597874225,26.49915341959335
2023-06-12,PYPL.OQ,63.64,64.26,63.125,63.73,63.73,4284916,71104451180.64,1134000000.0,17.698752228164,1122000000.0,0.84234,0.70106,795000000.0,2023-03-31,7040000000.0,1129000000.0,28075000000.0,2705000000.0,2023-05-08,71505060000.0,2.5469300089047193,3.6008188135763906,0.27771461208479525,2.395925597874225,26.599323475046212
2023-06-13,PYPL.OQ,63.55,64.235,63.135,63.56,63.56,5980926,70914779806.08,1134000000.0,17.698752228164,1122000000.0,0.84234,0.70106,795000000.0,2023-03-31,7040000000.0,1129000000.0,28075000000.0,2705000000.0,2023-05-08,71314320000.0,2.5401360641139803,3.591213616678415,0.27845739817753307,2.395925597874225,26.5283696857671
2023-06-14,PYPL.OQ,64.05,65.1,63.03,63.6,63.6,5926622,70959408364.8,1134000000.0,17.698752228164,1122000000.0,0.84234,0.70106,795000000.0,2023-03-31,7040000000.0,1129000000.0,28075000000.0,2705000000.0,2023-05-08,71359200000.0,2.54173463935886,3.5934736630073507,0.2782822677384277,2.395925597874225,26.545064695009245
2023-06-15,PYPL.OQ,63.09,66.205,62.63,65.85,65.85,5516850,73469764792.7999,1134000000.0,17.698752228164,1122000000.0,0.84234,0.70106,795000000.0,2023-03-31,7040000000.0,1129000000.0,28075000000.0,2705000000.0,2023-05-08,73883700000.0,2.631654496883348,3.720601269009969,0.26877376200704634,2.395925597874225,27.48415896487985
2023-06-16,PYPL.OQ,65.93,67.14,65.23,66.43,66.43,10319678,74116878894.24,1134000000.0,17.698752228164,1122000000.0,0.84234,0.70106,795000000.0,2023-03-31,7040000000.0,1129000000.0,28075000000.0,2705000000.0,2023-05-08,74534460000.00002,2.6548338379341057,3.7533719407795334,0.26642709962613276,2.395925597874225,27.726236598890946
2023-06-20,PYPL.OQ,67.07,69.19,66.79,68.89,68.89,6882286,76861535255.52,1134000000.0,17.698752228164,1122000000.0,0.84234,0.70106,795000000.0,2023-03-31,7040000000.0,1129000000.0,28075000000.0,2705000000.0,2023-05-08,77294580000.0,2.753146215494212,3.8923647900090628,0.256913227292263,2.395925597874225,28.752979667282812
2023-06-21,PYPL.OQ,68.89,69.01,67.23,68.19,68.19,7150138,76080535477.92,1134000000.0,17.698752228164,1122000000.0,0.84234,0.70106,795000000.0,2023-03-31,7040000000.0,1129000000.0,28075000000.0,2705000000.0,2023-05-08,76509180000.0,2.7251711487088155,3.8528139792526925,0.25955055328001175,2.395925597874225,28.460817005545287
2023-06-22,PYPL.OQ,67.48,68.645,67.09,68.57,68.57,4821552,76504506785.76,1134000000.0,17.698752228164,1122000000.0,0.84234,0.70106,795000000.0,2023-03-31,7040000000.0,1129000000.0,28075000000.0,2705000000.0,2023-05-08,76935539999.99998,2.7403576135351733,3.8742844193775787,0.2581121806644889,2.395925597874225,28.619419593345654
2023-06-23,PYPL.OQ,67.42,68.155,65.86,66.94,66.94,6277487,74685893017.92,1134000000.0,17.698752228164,1122000000.0,0.84234,0.70106,795000000.0,2023-03-31,7040000000.0,1129000000.0,28075000000.0,2705000000.0,2023-05-08,75106680000.0,2.6752156723063223,3.78218753147346,0.26439725467827907,2.395925597874225,27.93909796672828
2023-06-26,PYPL.OQ,66.87,67.58,66.41,66.44,66.44,3393230,74128036033.92,1134000000.0,17.698752228164,1122000000.0,0.84234,0.70106,795000000.0,2023-03-31,7040000000.0,1129000000.0,28075000000.0,2705000000.0,2023-05-08,74545680000.0,2.655233481745325,3.7539369523617667,0.26638699921980735,2.395925597874225,27.730410351201478
2023-06-27,PYPL.OQ,66.89,67.07,65.78,66.23,66.23,4066207,73893736100.64,1134000000.0,17.698752228164,1122000000.0,0.84234,0.70106,795000000.0,2023-03-31,7040000000.0,1129000000.0,28075000000.0,2705000000.0,2023-05-08,74310060000.0,2.646840961709706,3.7420717091348563,0.26723165073477273,2.395925597874225,27.642761552680224
2023-06-28,PYPL.OQ,66.02,66.475,65.63,66.03,66.03,4746855,73670593307.04,1134000000.0,17.698752228164,1122000000.0,0.84234,0.70106,795000000.0,2023-03-31,7040000000.0,1129000000.0,28075000000.0,2705000000.0,2023-05-08,74085660000.0,2.638848085485307,3.730771477490179,0.2680410756953506,2.395925597874225,27.5592865064695
2023-06-29,PYPL.OQ,66.3,67.34,65.62,65.86,65.86,4772164,73480921932.48,1134000000.0,17.698752228164,1122000000.0,0.84234,0.70106,795000000.0,2023-03-31,7040000000.0,1129000000.0,28075000000.0,2705000000.0,2023-05-08,73894920000.0,2.632054140694568,3.721166280592203,0.2687329521433951,2.395925597874225,27.48833271719039
2023-06-30,PYPL.OQ,66.09,66.97,65.75,66.73,66.73,4768176,74451593084.64,1134000000.0,17.698752228164,1122000000.0,0.84234,0.70106,795000000.0,2023-03-31,7040000000.0,1129000000.0,28075000000.0,2705000000.0,2023-05-08,74871060000.0,2.6668231522707035,3.770322288246549,0.265229315572666,2.395925597874225,27.851449168207026
2023-07-03,PYPL.OQ,67.1,68.625,66.85,68.1,68.1,2241706,75980121220.7999,1134000000.0,17.698752228164,1122000000.0,0.84234,0.70106,795000000.0,2023-03-31,7040000000.0,1129000000.0,28075000000.0,2705000000.0,2023-05-08,76408200000.0,2.7215743544078363,3.8477288750125873,0.2598935716323642,2.395925597874225,28.42325323475046
2023-07-05,PYPL.OQ,68.0,68.9,67.005,68.85,68.85,4132186,76816906696.7999,1134000000.0,17.698752228164,1122000000.0,0.84234,0.70106,795000000.0,2023-03-31,7040000000.0,1129000000.0,28075000000.0,2705000000.0,2023-05-08,77249700000.0,2.751547640249332,3.890104743680127,0.2570624869740596,2.395925597874225,28.736284658040663
2023-07-06,PYPL.OQ,67.71,67.83,65.64,66.14,66.14,4707281,73793321843.52,1134000000.0,17.698752228164,1122000000.0,0.84234,0.70106,795000000.0,2023-03-31,7040000000.0,1129000000.0,28075000000.0,2705000000.0,2023-05-08,74209080000.0,2.6432441674087266,3.736986604894751,0.26759528618330813,2.395925597874225,27.605197781885398
2023-07-07,PYPL.OQ,66.19,67.66,66.0,66.79,66.79,3351866,74518535922.72,1134000000.0,17.698752228164,1122000000.0,0.84234,0.70106,795000000.0,2023-03-31,7040000000.0,1129000000.0,28075000000.0,2705000000.0,2023-05-08,74938380000.0,2.669221015138023,3.7737123577399525,0.264991049979997,2.395925597874225,27.876491682070245
2023-07-10,PYPL.OQ,66.8,69.35,66.7,69.28,69.28,4068245,77296663703.04,1134000000.0,17.698752228164,1122000000.0,0.84234,0.70106,795000000.0,2023-03-31,7040000000.0,1129000000.0,28075000000.0,2705000000.0,2023-05-08,77732160000.0,2.76873232413179,3.914400241716183,0.25546697788920325,2.395925597874225,28.915756007393718
2023-07-11,PYPL.OQ,69.52,70.73,69.41,70.62,70.62,4434748,78791720420.16,1134000000.0,17.698752228164,1122000000.0,0.84234,0.70106,795000000.0,2023-03-31,7040000000.0,1129000000.0,28075000000.0,2705000000.0,2023-05-08,79235640000.0,2.8222845948352626,3.9901117937355206,0.25061954443732654,2.395925597874225,29.475038817005547
2023-07-12,PYPL.OQ,71.7,71.85,70.29,70.59,70.59,4615638,78758249001.12,1134000000.0,17.698752228164,1122000000.0,0.84234,0.70106,795000000.0,2023-03-31,7040000000.0,1129000000.0,28075000000.0,2705000000.0,2023-05-08,79201980000.0,2.821085663401603,3.9884167589888193,0.2507260550809463,2.395925597874225,29.46251756007394
2023-07-13,PYPL.OQ,71.37,72.735,71.01,72.39,72.39,4176143,80766534143.52,1134000000.0,17.698752228164,1122000000.0,0.84234,0.70106,795000000.0,2023-03-31,7040000000.0,1129000000.0,28075000000.0,2705000000.0,2023-05-08,81221580000.0,2.893021549421193,4.090118843790914,0.24449167327205415,2.395925597874225,30.213792975970428
2023-07-14,PYPL.OQ,72.66,72.98,71.93,72.1,72.1,3870173,80442977092.7999,1134000000.0,17.698752228164,1122000000.0,0.84234,0.70106,795000000.0,2023-03-31,7040000000.0,1129000000.0,28075000000.0,2705000000.0,2023-05-08,80896200000.0,2.881431878895815,4.073733507906131,0.2454750655778641,2.395925597874225,30.09275415896488
2023-07-17,PYPL.OQ,72.44,73.78,71.97,73.49,73.49,3480359,81993819508.3199,1134000000.0,17.698752228164,1122000000.0,0.84234,0.70106,795000000.0,2023-03-31,7040000000.0,1129000000.0,28075000000.0,2705000000.0,2023-05-08,82455780000.0,2.9369823686553875,4.152270117836638,0.24083211631737655,2.395925597874225,30.67290573012939
2023-07-18,PYPL.OQ,73.48,74.41,73.28,74.37,74.37,3876386,82975647800.16,1134000000.0,17.698752228164,1122000000.0,0.84234,0.70106,795000000.0,2023-03-31,7040000000.0,1129000000.0,28075000000.0,2705000000.0,2023-05-08,83443140000.0,2.9721510240427427,4.201991137073218,0.23798241533096678,2.395925597874225,31.040195933456566
2023-07-19,PYPL.OQ,74.58,75.035,73.91,74.22,74.22,3477588,82808290704.9599,1134000000.0,17.698752228164,1122000000.0,0.84234,0.70106,795000000.0,2023-03-31,7040000000.0,1129000000.0,28075000000.0,2705000000.0,2023-05-08,83274840000.0,2.9661563668744435,4.19351596333971,0.23846338221724606,2.395925597874225,30.97758964879852
2023-07-20,PYPL.OQ,72.86,74.68,72.82,73.02,73.02,4133922,81469433943.36,1134000000.0,17.698752228164,1122000000.0,0.84234,0.70106,795000000.0,2023-03-31,7040000000.0,1129000000.0,28075000000.0,2705000000.0,2023-05-08,81928440000.0,2.9181991095280497,4.1257145734716465,0.2423822545626404,2.395925597874225,30.476739371534194
2023-07-21,PYPL.OQ,72.64,73.6,71.85,72.99,72.99,8914039,81435962524.3199,1134000000.0,17.698752228164,1122000000.0,0.84234,0.70106,795000000.0,2023-03-31,7040000000.0,1129000000.0,28075000000.0,2705000000.0,2023-05-08,81894780000.0,2.91700017809439,4.124019538724945,0.24248187735530896,2.395925597874225,30.464218114602588
2023-07-24,PYPL.OQ,73.04,73.96,73.02,73.69,73.69,2853686,82216962301.92,1134000000.0,17.698752228164,1122000000.0,0.84234,0.70106,795000000.0,2023-03-31,7040000000.0,1129000000.0,28075000000.0,2705000000.0,2023-05-08,82680180000.0,2.944975244879786,4.163570349481316,0.24017848050161486,2.395925597874225,30.756380776340112
2023-07-25,PYPL.OQ,73.68,74.3,72.95,72.96,72.96,2655519,81402491105.28,1134000000.0,17.698752228164,1122000000.0,0.84234,0.70106,795000000.0,2023-03-31,7040000000.0,1129000000.0,28075000000.0,2705000000.0,2023-05-08,81861120000.0,2.91580124666073,4.122324503978243,0.24258158207461628,2.395925597874225,30.451696857670978
2023-07-26,PYPL.OQ,72.89,73.76,72.41,73.43,73.43,4011598,81926876670.24,1134000000.0,17.698752228164,1122000000.0,0.84234,0.70106,795000000.0,2023-03-31,7040000000.0,1129000000.0,28075000000.0,2705000000.0,2023-05-08,82388460000.00002,2.9345845057880684,4.148880048343235,0.24102890137769303,2.395925597874225,30.647863216266177
2023-07-27,PYPL.OQ,74.33,75.055,71.82,72.03,72.03,3754890,79091639036.13,1134000000.0,17.698752228164,1122000000.0,0.84234,0.70106,795000000.0,2023-03-31,7040000000.0,1129000000.0,28075000000.0,2705000000.0,2023-05-08,80817660000.0,2.878634372217275,4.069778426830495,0.24571362249290574,2.395925597874225,30.06353789279113
2023-07-28,PYPL.OQ,73.04,74.19,73.0,73.98,73.98,3335969,81232812104.58,1134000000.0,17.698752228164,1122000000.0,0.84234,0.70106,795000000.0,2023-03-31,7040000000.0,1129000000.0,28075000000.0,2705000000.0,2023-05-08,83005560000.0,2.9565649154051648,4.179955685366098,0.23923698605250066,2.395925597874225,30.87741959334566
2023-07-31,PYPL.OQ,74.92,76.53,74.74,75.82,75.82,4704869,83253201051.2199,1134000000.0,17.698752228164,1122000000.0,0.84234,0.70106,795000000.0,2023-03-31,7040000000.0,1129000000.0,28075000000.0,2705000000.0,2023-05-08,85070039999.99998,3.0300993766696345,4.283917816497127,0.23343118211769984,2.395925597874225,31.645390018484285
2023-08-01,PYPL.OQ,76.11,76.15,74.58,75.53,75.53,3521357,82934770184.63,1134000000.0,17.698752228164,1122000000.0,0.84234,0.70106,795000000.0,2023-03-31,7040000000.0,1129000000.0,28075000000.0,2705000000.0,2023-05-08,84744660000.0,3.0185097061442563,4.267532480612346,0.2343274490687674,2.395925597874225,31.524351201478744
2023-08-02,PYPL.OQ,74.38,74.99,72.5,73.2,73.2,7038039,80376342877.2,1114000000.0,17.8411978221416,1102000000.0,0.9604,0.9237,1029000000.0,2023-06-30,7287000000.0,1111000000.0,28556000000.0,4075000000.0,2023-08-02,80666400000.0,2.8248494186860906,4.1028635369513164,0.2437322106849945,3.667866786678668,19.957104294478526
2023-08-03,PYPL.OQ,66.64,66.9,64.11,64.18,64.18,12542365,70472044888.78,1114000000.0,17.8411978221416,1102000000.0,0.9604,0.9237,1029000000.0,2023-06-30,7287000000.0,1111000000.0,28556000000.0,4075000000.0,2023-08-02,70726360000.0,2.476760050427231,3.597292101113873,0.27798687787693355,3.667866786678668,17.49790920245399
2023-08-04,PYPL.OQ,64.73,64.97,62.66,62.75,62.75,6274847,68901851305.25,1114000000.0,17.8411978221416,1102000000.0,0.9604,0.9237,1029000000.0,2023-06-30,7287000000.0,1111000000.0,28556000000.0,4075000000.0,2023-08-02,69150500000.0,2.421575150581314,3.5171405320176925,0.2843218776436908,3.667866786678668,17.10803680981595
2023-08-07,PYPL.OQ,62.95,64.75,62.21,64.42,64.42,5411201,70735573881.82,1114000000.0,17.8411978221416,1102000000.0,0.9604,0.9237,1029000000.0,2023-06-30,7287000000.0,1111000000.0,28556000000.0,4075000000.0,2023-08-02,70990840000.0,2.486021851799972,3.6107441127104343,0.2769512235663086,3.667866786678668,17.563342331288343
2023-08-08,PYPL.OQ,63.71,63.98,62.49,63.19,63.19,4407403,69384987792.4899,1114000000.0,17.8411978221416,1102000000.0,0.9604,0.9237,1029000000.0,2023-06-30,7287000000.0,1111000000.0,28556000000.0,4075000000.0,2023-08-02,69635380000.0,2.438555119764673,3.5418025532780555,0.2823421082788669,3.667866786678668,17.22799754601227
2023-08-09,PYPL.OQ,63.1,63.39,61.93,62.02,62.02,3539452,68100283951.42,1114000000.0,17.8411978221416,1102000000.0,0.9604,0.9237,1029000000.0,2023-06-30,7287000000.0,1111000000.0,28556000000.0,4075000000.0,2023-08-02,68346040000.0,2.393403838072559,3.4762239967448174,0.2876684589187617,3.667866786678668,16.909011042944787
2023-08-10,PYPL.OQ,62.58,63.045,62.08,62.79,62.79,3681135,68945772804.09,1114000000.0,17.8411978221416,1102000000.0,0.9604,0.9237,1029000000.0,2023-06-30,7287000000.0,1111000000.0,28556000000.0,4075000000.0,2023-08-02,69194580000.0,2.4231187841434374,3.519382533950453,0.2841407520646854,3.667866786678668,17.11894233128834
2023-08-11,PYPL.OQ,62.27,62.49,61.475,61.54,61.54,3237362,67573225965.34,1114000000.0,17.8411978221416,1102000000.0,0.9604,0.9237,1029000000.0,2023-06-30,7287000000.0,1111000000.0,28556000000.0,4075000000.0,2023-08-02,67817080000.0,2.3748802353270766,3.449319973551694,0.2899122168043809,3.667866786678668,16.778144785276073
2023-08-14,PYPL.OQ,62.12,63.43,61.68,63.27,63.27,6148562,69472830790.17,1114000000.0,17.8411978221416,1102000000.0,0.9604,0.9237,1029000000.0,2023-06-30,7287000000.0,1111000000.0,28556000000.0,4075000000.0,2023-08-02,69723540000.0,2.44164238688892,3.5462865571435764,0.28198510861611503,3.667866786678668,17.249808588957055
2023-08-15,PYPL.OQ,62.69,62.76,59.4,59.47,59.47,7752097,65300288400.3699,1114000000.0,17.8411978221416,1102000000.0,0.9604,0.9237,1029000000.0,2023-06-30,7287000000.0,1111000000.0,28556000000.0,4075000000.0,2023-08-02,65535940000.0,2.294997198487183,3.333296373531349,0.3000033264190617,3.667866786678668,16.213784049079752
2023-08-16,PYPL.OQ,59.4,60.18,59.27,59.68,59.68,4260979,65530876269.28,1114000000.0,17.8411978221416,1102000000.0,0.9604,0.9237,1029000000.0,2023-06-30,7287000000.0,1111000000.0,28556000000.0,4075000000.0,2023-08-02,65767360000.0,2.3031012746883315,3.345066883678341,0.2989476846873592,3.667866786678668,16.271038036809816
2023-08-17,PYPL.OQ,59.0,59.19,58.15,58.6,58.6,5447795,64344995800.6,1114000000.0,17.8411978221416,1102000000.0,0.9604,0.9237,1029000000.0,2023-06-30,7287000000.0,1111000000.0,28556000000.0,4075000000.0,2023-08-02,64577200000.0,2.261423168510996,3.2845328314938134,0.3044573007191399,3.667866786678668,15.976588957055215
2023-08-18,PYPL.OQ,57.37,59.79,57.29,59.42,59.42,5111513,65245386526.82,1114000000.0,17.8411978221416,1102000000.0,0.9604,0.9237,1029000000.0,2023-06-30,7287000000.0,1111000000.0,28556000000.0,4075000000.0,2023-08-02,65480840000.0,2.2930676565345287,3.330493871115399,0.3002557694739414,3.667866786678668,16.200152147239262
2023-08-21,PYPL.OQ,59.38,59.75,58.75,59.51,59.51,3931880,65344209899.21,1114000000.0,17.8411978221416,1102000000.0,0.9604,0.9237,1029000000.0,2023-06-30,7287000000.0,1111000000.0,28556000000.0,4075000000.0,2023-08-02,65580020000.0,2.2965408320493066,3.3355383754641097,0.29980167740113595,3.667866786678668,16.224689570552147
2023-08-22,PYPL.OQ,59.92,61.31,59.61,60.98,60.98,4329287,66958324981.5799,1114000000.0,17.8411978221416,1102000000.0,0.9604,0.9237,1029000000.0,2023-06-30,7287000000.0,1111000000.0,28556000000.0,4075000000.0,2023-08-02,67199960000.0,2.353269365457347,3.41793194649305,0.29257457891344046,3.667866786678668,16.625467484662575
2023-08-23,PYPL.OQ,61.28,62.365,60.94,61.76,61.76,4288520,67814794208.96,1114000000.0,17.8411978221416,1102000000.0,0.9604,0.9237,1029000000.0,2023-06-30,7287000000.0,1111000000.0,28556000000.0,4075000000.0,2023-08-02,68059520000.0,2.3833702199187563,3.4616509841818757,0.28887949841550514,3.667866786678668,16.838125153374232
2023-08-24,PYPL.OQ,61.69,61.91,60.63,60.71,60.71,4120412,66661854864.41,1114000000.0,17.8411978221416,1102000000.0,0.9604,0.9237,1029000000.0,2023-06-30,7287000000.0,1111000000.0,28556000000.0,4075000000.0,2023-08-02,66902420000.0,2.342849838913013,3.402798433446918,0.29387576712471747,3.667866786678668,16.551855214723926
2023-08-25,PYPL.OQ,60.79,61.6,60.085,61.19,61.19,3819507,67188912850.49,1114000000.0,17.8411978221416,1102000000.0,0.9604,0.9237,1029000000.0,2023-06-30,7287000000.0,1111000000.0,28556000000.0,4075000000.0,2023-08-02,67431380000.0,2.3613734416584955,3.4297024566400416,0.29157048246676903,3.667866786678668,16.682721472392636
2023-08-28,PYPL.OQ,61.59,61.96,61.04,61.67,61.67,2899001,67715970836.57,1114000000.0,17.8411978221416,1102000000.0,0.9604,0.9237,1029000000.0,2023-06-30,7287000000.0,1111000000.0,28556000000.0,4075000000.0,2023-08-02,67960340000.0,2.379897044403978,3.456606479833165,0.28930108354372625,3.667866786678668,16.81358773006135
2023-08-29,PYPL.OQ,61.63,62.735,61.53,62.5,62.5,3347606,68627341937.5,1114000000.0,17.8411978221416,1102000000.0,0.9604,0.9237,1029000000.0,2023-06-30,7287000000.0,1111000000.0,28556000000.0,4075000000.0,2023-08-02,68875000000.0,2.4119274408180416,3.503128019937941,0.28545916515426556,3.667866786678668,17.039877300613497
2023-08-30,PYPL.OQ,62.38,63.47,62.13,63.42,63.42,2842023,69637536410.82,1114000000.0,17.8411978221416,1102000000.0,0.9604,0.9237,1029000000.0,2023-06-30,7287000000.0,1111000000.0,28556000000.0,4075000000.0,2023-08-02,69888840000.0,2.4474310127468835,3.5546940643914273,0.2813181618123872,3.667866786678668,17.290704294478527
2023-08-31,PYPL.OQ,62.79,63.41,62.45,62.51,62.51,3965269,68638322312.21,1114000000.0,17.8411978221416,1102000000.0,0.9604,0.9237,1029000000.0,2023-06-30,7287000000.0,1111000000.0,28556000000.0,4075000000.0,2023-08-02,68886020000.0,2.4123133492085724,3.5036885204211305,0.2854134989944265,3.667866786678668,17.042603680981593
2023-09-01,PYPL.OQ,63.13,63.645,62.745,63.57,63.57,3015896,69802242031.47,1114000000.0,17.8411978221416,1102000000.0,0.9604,0.9237,1029000000.0,2023-06-30,7287000000.0,1111000000.0,28556000000.0,4075000000.0,2023-08-02,70054140000.0,2.4532196386048466,3.563101571639278,0.2806543624687997,3.667866786678668,17.331599999999998
2023-09-05,PYPL.OQ,63.38,64.18,63.04,63.74,63.74,3633049,69988908401.54,1114000000.0,17.8411978221416,1102000000.0,0.9604,0.9237,1029000000.0,2023-06-30,7287000000.0,1111000000.0,28556000000.0,4075000000.0,2023-08-02,70241480000.0,2.4597800812438715,3.5726300798535098,0.2799058334192281,3.667866786678668,17.377948466257667
2023-09-06,PYPL.OQ,63.12,63.835,62.69,62.8,62.8,4502493,68956753178.8,1114000000.0,17.8411978221416,1102000000.0,0.9604,0.9237,1029000000.0,2023-06-30,7287000000.0,1111000000.0,28556000000.0,4075000000.0,2023-08-02,69205600000.0,2.4235046925339683,3.5199430344336426,0.284095506722,3.667866786678668,17.12166871165644
2023-09-07,PYPL.OQ,61.88,62.09,61.13,61.65,61.65,4180165,67694010087.15,1114000000.0,17.8411978221416,1102000000.0,0.9604,0.9237,1029000000.0,2023-06-30,7287000000.0,1111000000.0,28556000000.0,4075000000.0,2023-08-02,67938300000.0,2.3791252276229162,3.455485478866785,0.2893949362877794,3.667866786678668,16.808134969325152
2023-09-08,PYPL.OQ,61.58,61.8,60.31,60.98,60.98,4365184,66958324981.5799,1114000000.0,17.8411978221416,1102000000.0,0.9604,0.9237,1029000000.0,2023-06-30,7287000000.0,1111000000.0,28556000000.0,4075000000.0,2023-08-02,67199960000.0,2.353269365457347,3.41793194649305,0.29257457891344046,3.667866786678668,16.625467484662575
2023-09-11,PYPL.OQ,61.71,62.25,61.275,61.93,61.93,3175765,68001460579.03,1114000000.0,17.8411978221416,1102000000.0,0.9604,0.9237,1029000000.0,2023-06-30,7287000000.0,1111000000.0,28556000000.0,4075000000.0,2023-08-02,68246860000.0,2.389930662557781,3.471179492396107,0.2880865141634361,3.667866786678668,16.8844736196319
2023-09-12,PYPL.OQ,61.88,63.68,61.76,62.81,62.81,3458378,68967733553.51,1114000000.0,17.8411978221416,1102000000.0,0.9604,0.9237,1029000000.0,2023-06-30,7287000000.0,1111000000.0,28556000000.0,4075000000.0,2023-08-02,69216620000.0,2.423890600924499,3.520503534916833,0.2840502757863652,3.667866786678668,17.12439509202454
2023-09-13,PYPL.OQ,62.81,63.32,62.17,62.84,62.84,2742049,69000674677.64,1114000000.0,17.8411978221416,1102000000.0,0.9604,0.9237,1029000000.0,2023-06-30,7287000000.0,1111000000.0,28556000000.0,4075000000.0,2023-08-02,69249680000.0,2.4250483260960918,3.5221850363664036,0.2839146693529853,3.667866786678668,17.132574233128835
2023-09-14,PYPL.OQ,63.89,64.595,63.32,64.44,64.44,5425629,70757534631.2399,1114000000.0,17.8411978221416,1102000000.0,0.9604,0.9237,1029000000.0,2023-06-30,7287000000.0,1111000000.0,28556000000.0,4075000000.0,2023-08-02,71012880000.0,2.4867936685810337,3.6118651136768145,0.27686526725855987,3.667866786678668,17.568795092024537
2023-09-15,PYPL.OQ,64.66,65.73,63.91,64.21,64.21,9931323,70504986012.9099,1114000000.0,17.8411978221416,1102000000.0,0.9604,0.9237,1029000000.0,2023-06-30,7287000000.0,1111000000.0,28556000000.0,4075000000.0,2023-08-02,70759420000.0,2.4779177755988235,3.5989736025634427,0.27785699769726835,3.667866786678668,17.50608834355828
2023-09-18,PYPL.OQ,63.34,63.51,62.75,62.94,62.94,3214829,69110478424.7399,1114000000.0,17.8411978221416,1102000000.0,0.9604,0.9237,1029000000.0,2023-06-30,7287000000.0,1111000000.0,28556000000.0,4075000000.0,2023-08-02,69359880000.0,2.4289074100014005,3.527790041198304,0.28346358154022244,3.667866786678668,17.159838036809813
2023-09-19,PYPL.OQ,62.1,62.41,61.455,62.19,62.19,2894508,68286950321.49,1114000000.0,17.8411978221416,1102000000.0,0.9604,0.9237,1029000000.0,2023-06-30,7287000000.0,1111000000.0,28556000000.0,4075000000.0,2023-08-02,68533380000.0,2.3999642807115844,3.4857525049590485,0.28688210037211126,3.667866786678668,16.955359509202452
2023-09-20,PYPL.OQ,62.56,62.62,60.83,60.86,60.86,3029516,66826560485.06,1114000000.0,17.8411978221416,1102000000.0,0.9604,0.9237,1029000000.0,2023-06-30,7287000000.0,1111000000.0,28556000000.0,4075000000.0,2023-08-02,67067720000.0,2.348638464770976,3.411205940694769,0.2931514594502399,3.667866786678668,16.592750920245397
2023-09-21,PYPL.OQ,60.0,60.3,58.62,58.62,58.62,4690925,64366956550.02,1114000000.0,17.8411978221416,1102000000.0,0.9604,0.9237,1029000000.0,2023-06-30,7287000000.0,1111000000.0,28556000000.0,4075000000.0,2023-08-02,64599240000.0,2.2621949852920578,3.285653832460193,0.30435342582977826,3.667866786678668,15.98204171779141
2023-09-22,PYPL.OQ,59.02,59.19,57.835,57.88,57.88,4045428,63554408821.48,1114000000.0,17.8411978221416,1102000000.0,0.9604,0.9237,1029000000.0,2023-06-30,7287000000.0,1111000000.0,28556000000.0,4075000000.0,2023-08-02,63783760000.0,2.233637764392772,3.2441767967041284,0.3082446064640912,3.667866786678668,15.780289570552148
2023-09-25,PYPL.OQ,57.56,58.89,57.55,58.86,58.86,3553726,64630485543.06,1114000000.0,17.8411978221416,1102000000.0,0.9604,0.9237,1029000000.0,2023-06-30,7287000000.0,1111000000.0,28556000000.0,4075000000.0,2023-08-02,64863720000.0,2.2714567866647988,3.299105844056755,0.30311243326778115,3.667866786678668,16.047474846625764
2023-09-26,PYPL.OQ,58.3,59.225,58.23,58.93,58.93,3795728,64707348166.03,1114000000.0,17.8411978221416,1102000000.0,0.9604,0.9237,1029000000.0,2023-06-30,7287000000.0,1111000000.0,28556000000.0,4075000000.0,2023-08-02,64940860000.0,2.2741581453985154,3.3030293474390855,0.30275238116649583,3.667866786678668,16.066559509202452
2023-09-27,PYPL.OQ,59.05,59.57,56.535,57.34,57.34,5707858,62961468587.14,1114000000.0,17.8411978221416,1102000000.0,0.9604,0.9237,1029000000.0,2023-06-30,7287000000.0,1111000000.0,28556000000.0,4075000000.0,2023-08-02,63188680000.0,2.2127987113041043,3.2139097706118647,0.31114750300212063,3.667866786678668,15.633065030674846
2023-09-28,PYPL.OQ,57.41,58.455,57.02,58.18,58.18,3177701,63883820062.78,1114000000.0,17.8411978221416,1102000000.0,0.9604,0.9237,1029000000.0,2023-06-30,7287000000.0,1111000000.0,28556000000.0,4075000000.0,2023-08-02,64114360000.0,2.245215016108699,3.26099181119983,0.3066551705421382,3.667866786678668,15.86208098159509
2023-09-29,PYPL.OQ,58.85,59.32,58.075,58.46,58.46,3340664,64191270554.66,1114000000.0,17.8411978221416,1102000000.0,0.9604,0.9237,1029000000.0,2023-06-30,7287000000.0,1111000000.0,28556000000.0,4075000000.0,2023-08-02,64422920000.0,2.2560204510435637,3.276685824729152,0.30518641502123844,3.667866786678668,15.93841963190184
2023-10-02,PYPL.OQ,58.55,59.64,58.01,58.56,58.56,3717717,64301074301.76,1114000000.0,17.8411978221416,1102000000.0,0.9604,0.9237,1029000000.0,2023-06-30,7287000000.0,1111000000.0,28556000000.0,4075000000.0,2023-08-02,64533120000.0,2.2598795349488725,3.2822908295610533,0.3046652633562431,3.667866786678668,15.965683435582822
2023-10-03,PYPL.OQ,57.89,58.65,57.12,57.3,57.3,3907661,62917547088.2999,1114000000.0,17.8411978221416,1102000000.0,0.9604,0.9237,1029000000.0,2023-06-30,7287000000.0,1111000000.0,28556000000.0,4075000000.0,2023-08-02,63144600000.0,2.211255077741981,3.211667768679104,0.31136470893789875,3.667866786678668,15.622159509202453
2023-10-04,PYPL.OQ,58.11,58.65,57.31,58.57,58.57,3499422,64312054676.47,1114000000.0,17.8411978221416,1102000000.0,0.9604,0.9237,1029000000.0,2023-06-30,7287000000.0,1111000000.0,28556000000.0,4075000000.0,2023-08-02,64544140000.0,2.2602654433394034,3.282851330044243,0.3046132460669558,3.667866786678668,15.968409815950919
2023-10-05,PYPL.OQ,58.39,58.65,57.26,57.48,57.48,4190410,63115193833.0799,1114000000.0,17.8411978221416,1102000000.0,0.9604,0.9237,1029000000.0,2023-06-30,7287000000.0,1111000000.0,28556000000.0,4075000000.0,2023-08-02,63342960000.0,2.2182014287715366,3.2217567773765254,0.3103896628765066,3.667866786678668,15.671234355828219
2023-10-06,PYPL.OQ,56.83,58.245,55.86,57.77,57.77,4802393,63433624699.67,1114000000.0,17.8411978221416,1102000000.0,0.9604,0.9237,1029000000.0,2023-06-30,7287000000.0,1111000000.0,28556000000.0,4075000000.0,2023-08-02,63662540000.0,2.2293927720969324,3.2380112913890375,0.3088315357822676,3.667866786678668,15.750299386503068
2023-10-09,PYPL.OQ,57.0,58.09,56.32,57.96,57.96,3138799,63642251819.16,1114000000.0,17.8411978221416,1102000000.0,0.9604,0.9237,1029000000.0,2023-06-30,7287000000.0,1111000000.0,28556000000.0,4075000000.0,2023-08-02,63871920000.0,2.236725031517019,3.248660800569649,0.3078191480700759,3.667866786678668,15.802100613496933
2023-10-10,PYPL.OQ,57.96,58.495,57.42,57.72,57.72,4710728,63378722826.1199,1114000000.0,17.8411978221416,1102000000.0,0.9604,0.9237,1029000000.0,2023-06-30,7287000000.0,1111000000.0,28556000000.0,4075000000.0,2023-08-02,63607440000.0,2.227463230144278,3.235208788973087,0.3090990613676646,3.667866786678668,15.736667484662576
2023-10-11,PYPL.OQ,58.11,58.89,57.58,58.07,58.07,2988494,63763035940.97,1114000000.0,17.8411978221416,1102000000.0,0.9604,0.9237,1029000000.0,2023-06-30,7287000000.0,1111000000.0,28556000000.0,4075000000.0,2023-08-02,63993140000.0,2.240970023812859,3.2548263058847398,0.30723605686484584,3.667866786678668,15.832090797546012
2023-10-12,PYPL.OQ,58.09,58.1,56.24,56.355,56.355,3285567,61879901678.2049,1114000000.0,17.8411978221416,1102000000.0,0.9604,0.9237,1029000000.0,2023-06-30,7287000000.0,1111000000.0,28556000000.0,4075000000.0,2023-08-02,62103210000.0,2.174786734836812,3.1587004730176425,0.31658588984369795,3.667866786678668,15.364516564417176
2023-10-13,PYPL.OQ,56.5,56.875,55.54,55.75,55.75,3226707,61215589008.25,1114000000.0,17.8411978221416,1102000000.0,0.9604,0.9237,1029000000.0,2023-06-30,7287000000.0,1111000000.0,28556000000.0,4075000000.0,2023-08-02,61436500000.0,2.1514392772096933,3.1247901937846434,0.32002148559895244,3.667866786678668,15.199570552147238
2023-10-16,PYPL.OQ,56.1,57.075,55.81,57.0,57.0,3640390,62588135847.0,1114000000.0,17.8411978221416,1102000000.0,0.9604,0.9237,1029000000.0,2023-06-30,7287000000.0,1111000000.0,28556000000.0,4075000000.0,2023-08-02,62814000000.0,2.199677826026054,3.194852754183402,0.3130034705638877,3.667866786678668,15.540368098159508
2023-10-17,PYPL.OQ,56.51,57.58,56.49,57.16,57.16,2433551,62763821842.3599,1114000000.0,17.8411978221416,1102000000.0,0.9604,0.9237,1029000000.0,2023-06-30,7287000000.0,1111000000.0,28556000000.0,4075000000.0,2023-08-02,62990320000.0,2.205852360274548,3.203820761914443,0.3121273236903709,3.667866786678668,15.583990184049078
2023-10-18,PYPL.OQ,56.53,57.09,55.71,55.8,55.8,2985109,61270490881.7999,1114000000.0,17.8411978221416,1102000000.0,0.9604,0.9237,1029000000.0,2023-06-30,7287000000.0,1111000000.0,28556000000.0,4075000000.0,2023-08-02,61491600000.0,2.1533688191623477,3.1275926962005935,0.3197347279953692,3.667866786678668,15.213202453987728
2023-10-19,PYPL.OQ,55.66,56.39,54.705,54.81,54.81,4177154,60183433785.51,1114000000.0,17.8411978221416,1102000000.0,0.9604,0.9237,1029000000.0,2023-06-30,7287000000.0,1111000000.0,28556000000.0,4075000000.0,2023-08-02,60400620000.0,2.11516388849979,3.0721031483647767,0.32550990370628713,3.667866786678668,14.943290797546013
2023-10-20,PYPL.OQ,53.99,54.455,53.34,53.39,53.39,5488806,58624220576.69,1114000000.0,17.8411978221416,1102000000.0,0.9604,0.9237,1029000000.0,2023-06-30,7287000000.0,1111000000.0,28556000000.0,4075000000.0,2023-08-02,58835780000.0,2.060364897044404,2.9925120797517866,0.33416740629596553,3.667866786678668,14.556144785276073
2023-10-23,PYPL.OQ,52.92,54.125,52.65,53.45,53.45,2987554,58690102824.95,1114000000.0,17.8411978221416,1102000000.0,0.9604,0.9237,1029000000.0,2023-06-30,7287000000.0,1111000000.0,28556000000.0,4075000000.0,2023-08-02,58901900000.0,2.062680347387589,2.9958750826509273,0.33379228853398685,3.667866786678668,14.572503067484663
2023-10-24,PYPL.OQ,53.88,54.61,53.59,54.24,54.24,2549366,59557552427.04,1114000000.0,17.8411978221416,1102000000.0,0.9604,0.9237,1029000000.0,2023-06-30,7287000000.0,1111000000.0,28556000000.0,4075000000.0,2023-08-02,59772480000.0,2.0931671102395293,3.0401546208229426,0.32893063831382,3.667866786678668,14.787887116564416
2023-10-25,PYPL.OQ,52.56,52.78,51.24,51.49,51.49,6305135,56537949381.79,1114000000.0,17.8411978221416,1102000000.0,0.9604,0.9237,1029000000.0,2023-06-30,7287000000.0,1111000000.0,28556000000.0,4075000000.0,2023-08-02,56741980000.0,1.9870423028435356,2.8860169879456734,0.3464983068972926,3.667866786678668,14.038132515337423
2023-10-26,PYPL.OQ,51.5,52.25,51.06,51.75,51.75,4565541,55793756592.0,1114000000.0,17.8411978221416,1102000000.0,0.9604,0.9237,1029000000.0,2023-06-30,7287000000.0,1111000000.0,28556000000.0,4075000000.0,2023-08-02,57028500000.0,1.9970759209973385,2.900590000508615,0.344757445838485,3.667866786678668,14.109018404907975
2023-10-27,PYPL.OQ,51.51,51.67,50.255,50.39,50.39,4893928,54327485887.36,1114000000.0,17.8411978221416,1102000000.0,0.9604,0.9237,1029000000.0,2023-06-30,7287000000.0,1111000000.0,28556000000.0,4075000000.0,2023-08-02,55529780000.0,1.944592379885138,2.8243619347947653,0.35406227073112917,3.667866786678668,13.738230674846625
2023-10-30,PYPL.OQ,50.96,51.44,50.58,51.05,51.05,3754270,55039058435.2,1114000000.0,17.8411978221416,1102000000.0,0.9604,0.9237,1029000000.0,2023-06-30,7287000000.0,1111000000.0,28556000000.0,4075000000.0,2023-08-02,56257100000.0,1.9700623336601766,2.86135496668531,0.3494847761438119,3.667866786678668,13.918171779141103
2023-10-31,PYPL.OQ,51.06,51.885,50.86,51.8,51.8,3894890,55847663603.2,1114000000.0,17.8411978221416,1102000000.0,0.9604,0.9237,1029000000.0,2023-06-30,7287000000.0,1111000000.0,28556000000.0,4075000000.0,2023-08-02,57083600000.0,1.999005462949993,2.9033925029245653,0.34442466838111196,3.667866786678668,14.122650306748465
2023-11-01,PYPL.OQ,51.91,52.19,51.1,51.66,51.66,7063839,55696723971.84,1098000000.0,18.2777777777778,1080000000.0,0.96801,0.92896,1020000000.0,2023-09-30,7418000000.0,1094000000.0,29128000000.0,3765000000.0,2023-11-01,55792800000.0,1.915435319967042,2.8263829787234007,0.3538090936464925,3.4414990859232177,15.010900398406372
2023-11-02,PYPL.OQ,55.05,55.41,52.55,55.06,55.06,9317266,59362400733.44,1098000000.0,18.2777777777778,1080000000.0,0.96801,0.92896,1020000000.0,2023-09-30,7418000000.0,1094000000.0,29128000000.0,3765000000.0,2023-11-01,59464800000.0,2.041499588025268,3.012401215805468,0.33196109294910636,3.4414990859232177,15.998841965471447
2023-11-03,PYPL.OQ,55.42,56.265,55.42,56.1,56.1,4836754,60483666566.4,1098000000.0,18.2777777777778,1080000000.0,0.96801,0.92896,1020000000.0,2023-09-30,7418000000.0,1094000000.0,29128000000.0,3765000000.0,2023-11-01,60588000000.0,2.080060422960725,3.0693009118541,0.32580709051297324,3.4414990859232177,16.301035856573705
2023-11-06,PYPL.OQ,56.64,56.72,54.19,54.62,54.62,4733048,58888019034.88,1098000000.0,18.2777777777778,1080000000.0,0.96801,0.92896,1020000000.0,2023-09-30,7418000000.0,1094000000.0,29128000000.0,3765000000.0,2023-11-01,58989600000.0,2.0251853886294975,2.9883282674772,0.33463525774034786,3.4414990859232177,15.87099070385126
2023-11-07,PYPL.OQ,54.44,55.04,54.06,54.63,54.63,3235281,58898800437.12,1098000000.0,18.2777777777778,1080000000.0,0.96801,0.92896,1020000000.0,2023-09-30,7418000000.0,1094000000.0,29128000000.0,3765000000.0,2023-11-01,59000400000.0,2.025556165888492,2.988875379939206,0.33457400288811645,3.4414990859232177,15.87389641434263
2023-11-08,PYPL.OQ,54.3,55.83,53.555,55.08,55.08,4852874,59383963537.92,1098000000.0,18.2777777777778,1080000000.0,0.96801,0.92896,1020000000.0,2023-09-30,7418000000.0,1094000000.0,29128000000.0,3765000000.0,2023-11-01,59486400000.0,2.0422411425432574,3.0134954407294794,0.3318405551521024,3.4414990859232177,16.004653386454184
2023-11-09,PYPL.OQ,55.8,56.03,54.15,54.28,54.28,3220730,58521451358.72,1098000000.0,18.2777777777778,1080000000.0,0.96801,0.92896,1020000000.0,2023-09-30,7418000000.0,1094000000.0,29128000000.0,3765000000.0,2023-11-01,58622400000.0,2.012578961823675,2.9697264437689936,0.3367313518382056,3.4414990859232177,15.772196547144754
2023-11-10,PYPL.OQ,54.34,54.825,53.87,54.77,54.77,2908116,59049740068.48,1098000000.0,18.2777777777778,1080000000.0,0.96801,0.92896,1020000000.0,2023-09-30,7418000000.0,1094000000.0,29128000000.0,3765000000.0,2023-11-01,59151600000.0,2.030747047514419,2.9965349544072915,0.3337187836001059,3.4414990859232177,15.91457636122178
2023-11-13,PYPL.OQ,54.4,54.72,53.98,54.39,54.39,3130849,58640046783.36,1098000000.0,18.2777777777778,1080000000.0,0.96801,0.92896,1020000000.0,2023-09-30,7418000000.0,1094000000.0,29128000000.0,3765000000.0,2023-11-01,58741200000.0,2.0166575116726175,2.97574468085106,0.33605033605033646,3.4414990859232177,15.8041593625498
2023-11-14,PYPL.OQ,55.49,57.185,55.44,56.68,56.68,4729858,61108987896.32,1098000000.0,18.2777777777778,1080000000.0,0.96801,0.92896,1020000000.0,2023-09-30,7418000000.0,1094000000.0,29128000000.0,3765000000.0,2023-11-01,61214400000.0,2.1015655039824224,3.1010334346504522,0.32247314357406137,3.4414990859232177,16.46956706507304
2023-11-15,PYPL.OQ,57.0,58.555,57.0,58.25,58.25,4189124,62801668048.0,1098000000.0,18.2777777777778,1080000000.0,0.96801,0.92896,1020000000.0,2023-09-30,7418000000.0,1094000000.0,29128000000.0,3765000000.0,2023-11-01,62910000000.0,2.1597775336446032,3.1869300911854066,0.3137815927515502,3.4414990859232177,16.925763612217793
2023-11-16,PYPL.OQ,57.96,58.26,56.55,56.82,56.82,3601822,61259927527.68,1098000000.0,18.2777777777778,1080000000.0,0.96801,0.92896,1020000000.0,2023-09-30,7418000000.0,1094000000.0,29128000000.0,3765000000.0,2023-11-01,61365600000.0,2.1067563856083495,3.108693009118537,0.32167859517384373,3.4414990859232177,16.510247011952192
2023-11-17,PYPL.OQ,56.89,56.955,56.36,56.54,56.54,3268553,60958048264.96,1098000000.0,18.2777777777778,1080000000.0,0.96801,0.92896,1020000000.0,2023-09-30,7418000000.0,1094000000.0,29128000000.0,3765000000.0,2023-11-01,61063200000.0,2.0963746223564956,3.093373860182367,0.32327162677357274,3.4414990859232177,16.42888711819389
2023-11-20,PYPL.OQ,56.54,57.23,56.26,56.99,56.99,3684704,61443211365.76,1098000000.0,18.2777777777778,1080000000.0,0.96801,0.92896,1020000000.0,2023-09-30,7418000000.0,1094000000.0,29128000000.0,3765000000.0,2023-11-01,61549200000.0,2.113059599011261,3.1179939209726406,0.32071903452847517,3.4414990859232177,16.559644090305444
2023-11-21,PYPL.OQ,56.55,56.62,55.275,55.4,55.4,3587963,59728968409.6,1098000000.0,18.2777777777778,1080000000.0,0.96801,0.92896,1020000000.0,2023-09-30,7418000000.0,1094000000.0,29128000000.0,3765000000.0,2023-11-01,59832000000.0,2.0541060148310906,3.0310030395136742,0.32992378660248733,3.4414990859232177,16.097636122177953
2023-11-22,PYPL.OQ,55.7,56.73,55.63,56.34,56.34,3498139,60742420220.16,1098000000.0,18.2777777777778,1080000000.0,0.96801,0.92896,1020000000.0,2023-09-30,7418000000.0,1094000000.0,29128000000.0,3765000000.0,2023-11-01,60847200000.0,2.0889590771766,3.082431610942246,0.324419200883525,3.4414990859232177,16.370772908366533
2023-11-24,PYPL.OQ,56.0,56.13,55.56,55.76,55.76,1799664,60117098890.24,1098000000.0,18.2777777777778,1080000000.0,0.96801,0.92896,1020000000.0,2023-09-30,7418000000.0,1094000000.0,29128000000.0,3765000000.0,2023-11-01,60220800000.0,2.0674539961549026,3.050699088145893,0.3277937191136621,3.4414990859232177,16.202241699867198
2023-11-27,PYPL.OQ,56.0,56.97,55.71,56.39,56.39,3184424,60796327231.36,1098000000.0,18.2777777777778,1080000000.0,0.96801,0.92896,1020000000.0,2023-09-30,7418000000.0,1094000000.0,29128000000.0,3765000000.0,2023-11-01,60901200000.0,2.0908129634715737,3.085167173252276,0.3241315442060259,3.4414990859232177,16.38530146082337
2023-11-28,PYPL.OQ,56.47,58.695,56.13,58.47,58.47,6144165,63038858897.28,1098000000.0,18.2777777777778,1080000000.0,0.96801,0.92896,1020000000.0,2023-09-30,7418000000.0,1094000000.0,29128000000.0,3765000000.0,2023-11-01,63147600000.0,2.1679346333424885,3.19896656534954,0.31260095395549514,3.4414990859232177,16.989689243027886
2023-11-29,PYPL.OQ,59.23,60.2,57.91,57.97,57.97,4273261,62499788785.28,1098000000.0,18.2777777777778,1080000000.0,0.96801,0.92896,1020000000.0,2023-09-30,7418000000.0,1094000000.0,29128000000.0,3765000000.0,2023-11-01,62607600000.0,2.1493957703927493,3.1716109422492362,0.31529718436739346,3.4414990859232177,16.844403718459493
2023-11-30,PYPL.OQ,58.0,58.1,57.06,57.61,57.61,6675540,62111658304.64,1098000000.0,18.2777777777778,1080000000.0,0.96801,0.92896,1020000000.0,2023-09-30,7418000000.0,1094000000.0,29128000000.0,3765000000.0,2023-11-01,62218800000.0,2.136047789068937,3.1519148936170174,0.3172674497097344,3.4414990859232177,16.73979814077025
2023-12-01,PYPL.OQ,57.63,59.8,57.45,59.65,59.65,4227612,64311064361.6,1098000000.0,18.2777777777778,1080000000.0,0.96801,0.92896,1020000000.0,2023-09-30,7418000000.0,1094000000.0,29128000000.0,3765000000.0,2023-11-01,64422000000.0,2.2116863499038724,3.2635258358662576,0.3064170624941794,3.4414990859232177,17.332563081009294
2023-12-04,PYPL.OQ,59.43,60.38,59.25,59.85,59.85,3863430,64526692406.4,1098000000.0,18.2777777777778,1080000000.0,0.96801,0.92896,1020000000.0,2023-09-30,7418000000.0,1094000000.0,29128000000.0,3765000000.0,2023-11-01,64638000000.0,2.219101895083768,3.274468085106379,0.30539311241065664,3.4414990859232177,17.390677290836653
2023-12-05,PYPL.OQ,59.3,59.465,57.33,57.92,57.92,5297583,62445881774.08,1098000000.0,18.2777777777778,1080000000.0,0.96801,0.92896,1020000000.0,2023-09-30,7418000000.0,1094000000.0,29128000000.0,3765000000.0,2023-11-01,62553600000.0,2.1475418840977754,3.168875379939206,0.315569367710252,3.4414990859232177,16.829875166002655
2023-12-06,PYPL.OQ,57.79,60.45,57.77,59.53,59.53,7130894,64181687534.72,1098000000.0,18.2777777777778,1080000000.0,0.96801,0.92896,1020000000.0,2023-09-30,7418000000.0,1094000000.0,29128000000.0,3765000000.0,2023-11-01,64292400000.0,2.207237022795935,3.2569604863221846,0.3070347350542214,3.4414990859232177,17.29769455511288
2023-12-07,PYPL.OQ,59.09,59.15,58.13,58.48,58.48,4375913,63049640299.52,1098000000.0,18.2777777777778,1080000000.0,0.96801,0.92896,1020000000.0,2023-09-30,7418000000.0,1094000000.0,29128000000.0,3765000000.0,2023-11-01,63158400000.0,2.168305410601483,3.199513677811546,0.31254749962000344,3.4414990859232177,16.992594953519255
2023-12-08,PYPL.OQ,58.26,59.74,57.4,58.94,58.94,4261863,63545584802.56,1098000000.0,18.2777777777778,1080000000.0,0.96801,0.92896,1020000000.0,2023-09-30,7418000000.0,1094000000.0,29128000000.0,3765000000.0,2023-11-01,63655200000.0,2.185361164515243,3.224680851063826,0.31010820797044114,3.4414990859232177,17.126257636122176
2023-12-11,PYPL.OQ,59.24,59.79,58.96,59.04,59.04,3550488,63653398824.96,1098000000.0,18.2777777777778,1080000000.0,0.96801,0.92896,1020000000.0,2023-09-30,7418000000.0,1094000000.0,29128000000.0,3765000000.0,2023-11-01,63763200000.0,2.189068937105191,3.230151975683887,0.3095829569406809,3.4414990859232177,17.155314741035856
2023-12-12,PYPL.OQ,59.26,59.26,58.14,58.89,58.89,3770052,63491677791.36,1098000000.0,18.2777777777778,1080000000.0,0.96801,0.92896,1020000000.0,2023-09-30,7418000000.0,1094000000.0,29128000000.0,3765000000.0,2023-11-01,63601200000.0,2.183507278220269,3.2219452887537954,0.31037150242448297,3.4414990859232177,17.111729083665338
2023-12-13,PYPL.OQ,58.73,61.75,58.545,61.73,61.73,4983589,66553596027.52,1098000000.0,18.2777777777778,1080000000.0,0.96801,0.92896,1020000000.0,2023-09-30,7418000000.0,1094000000.0,29128000000.0,3765000000.0,2023-11-01,66668400000.0,2.288808019774787,3.3773252279635217,0.29609230160015876,3.4414990859232177,17.93695086321381
2023-12-14,PYPL.OQ,62.94,64.12,61.22,61.87,61.87,8131315,66704535658.88,1098000000.0,18.2777777777778,1080000000.0,0.96801,0.92896,1020000000.0,2023-09-30,7418000000.0,1094000000.0,29128000000.0,3765000000.0,2023-11-01,66819600000.0,2.2939989014007143,3.3849848024316067,0.29542230124095364,3.4414990859232177,17.97763081009296
2023-12-15,PYPL.OQ,62.14,62.29,60.82,61.26,61.26,10803614,66046870122.24,1098000000.0,18.2777777777778,1080000000.0,0.96801,0.92896,1020000000.0,2023-09-30,7418000000.0,1094000000.0,29128000000.0,3765000000.0,2023-11-01,66160800000.0,2.2713814886020325,3.351610942249236,0.2983639859252008,3.4414990859232177,17.80038247011952
2023-12-18,PYPL.OQ,61.29,61.73,60.86,61.47,61.47,4097887,66273279569.28,1098000000.0,18.2777777777778,1080000000.0,0.96801,0.92896,1020000000.0,2023-09-30,7418000000.0,1094000000.0,29128000000.0,3765000000.0,2023-11-01,66387600000.0,2.279167811040923,3.363100303951364,0.29734468485078575,3.4414990859232177,17.861402390438247
2023-12-19,PYPL.OQ,61.78,63.28,61.78,63.01,63.01,5855906,67933615514.24,1098000000.0,18.2777777777778,1080000000.0,0.96801,0.92896,1020000000.0,2023-09-30,7418000000.0,1094000000.0,29128000000.0,3765000000.0,2023-11-01,68050800000.0,2.3362675089261193,3.4473556231002997,0.29007741275635296,3.4414990859232177,18.308881806108896
2023-12-20,PYPL.OQ,63.0,63.96,61.67,61.74,61.74,4222637,66564377429.76,1098000000.0,18.2777777777778,1080000000.0,0.96801,0.92896,1020000000.0,2023-09-30,7418000000.0,1094000000.0,29128000000.0,3765000000.0,2023-11-01,66679200000.0,2.289178797033782,3.3778723404255278,0.29604434366339166,3.4414990859232177,17.93985657370518
2023-12-21,PYPL.OQ,62.18,62.43,61.595,62.06,62.06,3371212,66909382301.44,1098000000.0,18.2777777777778,1080000000.0,0.96801,0.92896,1020000000.0,2023-09-30,7418000000.0,1094000000.0,29128000000.0,3765000000.0,2023-11-01,67024800000.0,2.301043669321615,3.3953799392097226,0.29451785010921366,3.4414990859232177,18.03283930942895
2023-12-22,PYPL.OQ,62.17,62.73,61.58,61.84,61.84,2949622,66672191452.16,1098000000.0,18.2777777777778,1080000000.0,0.96801,0.92896,1020000000.0,2023-09-30,7418000000.0,1094000000.0,29128000000.0,3765000000.0,2023-11-01,66787200000.0,2.2928865696237297,3.3833434650455887,0.2955656173638066,3.4414990859232177,17.968913678618858
2023-12-26,PYPL.OQ,61.95,62.68,61.86,62.56,62.56,2347710,67448452413.44,1098000000.0,18.2777777777778,1080000000.0,0.96801,0.92896,1020000000.0,2023-09-30,7418000000.0,1094000000.0,29128000000.0,3765000000.0,2023-11-01,67564800000.0,2.319582532271354,3.4227355623100264,0.29216396703609016,3.4414990859232177,18.178124833997344
2023-12-27,PYPL.OQ,62.66,62.82,62.115,62.68,62.68,3352223,67577829240.32,1098000000.0,18.2777777777778,1080000000.0,0.96801,0.92896,1020000000.0,2023-09-30,7418000000.0,1094000000.0,29128000000.0,3765000000.0,2023-11-01,67694400000.0,2.3240318593792915,3.4293009118540994,0.2916046231298309,3.4414990859232177,18.21299335989376
2023-12-28,PYPL.OQ,62.62,63.495,62.45,63.08,63.08,2711863,68009085329.92,1098000000.0,18.2777777777778,1080000000.0,0.96801,0.92896,1020000000.0,2023-09-30,7418000000.0,1094000000.0,29128000000.0,3765000000.0,2023-11-01,68126400000.0,2.3388629497390827,3.4511854103343422,0.2897555132811953,3.4414990859232177,18.329221779548472
2023-12-29,PYPL.OQ,63.0,63.15,61.15,61.41,61.41,4607570,66208591155.84,1098000000.0,18.2777777777778,1080000000.0,0.96801,0.92896,1020000000.0,2023-09-30,7418000000.0,1094000000.0,29128000000.0,3765000000.0,2023-11-01,66322800000.0,2.276943147486954,3.359817629179327,0.29763520237384467,3.4414990859232177,17.843968127490037
2024-01-02,PYPL.OQ,61.22,62.15,60.43,61.46,61.46,4037905,66262498167.04,1098000000.0,18.2777777777778,1080000000.0,0.96801,0.92896,1020000000.0,2023-09-30,7418000000.0,1094000000.0,29128000000.0,3765000000.0,2023-11-01,66376800000.0,2.278797033781928,3.362553191489358,0.29739306504682395,3.4414990859232177,17.858496679946878
2024-01-03,PYPL.OQ,60.7,60.75,58.355,58.63,58.63,4970046,63211361333.12,1098000000.0,18.2777777777778,1080000000.0,0.96801,0.92896,1020000000.0,2023-09-30,7418000000.0,1094000000.0,29128000000.0,3765000000.0,2023-11-01,63320400000.0,2.1738670694864046,3.2077203647416375,0.31174787272348287,3.4414990859232177,17.036180610889772
2024-01-04,PYPL.OQ,58.0,59.06,57.44,58.45,58.45,4093229,63017296092.8,1098000000.0,18.2777777777778,1080000000.0,0.96801,0.92896,1020000000.0,2023-09-30,7418000000.0,1094000000.0,29128000000.0,3765000000.0,2023-11-01,63126000000.0,2.1671930788244986,3.197872340425528,0.31270791749833704,3.4414990859232177,16.98387782204515
2024-01-05,PYPL.OQ,57.74,60.37,57.64,60.12,60.12,4163944,64817790266.88,1098000000.0,18.2777777777778,1080000000.0,0.96801,0.92896,1020000000.0,2023-09-30,7418000000.0,1094000000.0,29128000000.0,3765000000.0,2023-11-01,64929600000.0,2.2291128810766274,3.289240121580543,0.30402158645671656,3.4414990859232177,17.469131474103584
2024-01-08,PYPL.OQ,60.4,61.92,60.06,61.74,61.74,4481950,66564377429.76,1098000000.0,18.2777777777778,1080000000.0,0.96801,0.92896,1020000000.0,2023-09-30,7418000000.0,1094000000.0,29128000000.0,3765000000.0,2023-11-01,66679200000.0,2.289178797033782,3.3778723404255278,0.29604434366339166,3.4414990859232177,17.93985657370518
2024-01-09,PYPL.OQ,60.26,62.02,60.12,61.05,61.05,3251165,65820460675.2,1098000000.0,18.2777777777778,1080000000.0,0.96801,0.92896,1020000000.0,2023-09-30,7418000000.0,1094000000.0,29128000000.0,3765000000.0,2023-11-01,65934000000.0,2.263595166163142,3.340121580547108,0.29939029939029976,3.4414990859232177,17.739362549800795
2024-01-10,PYPL.OQ,60.95,61.425,60.29,60.96,60.96,2703790,65723428055.04,1098000000.0,18.2777777777778,1080000000.0,0.96801,0.92896,1020000000.0,2023-09-30,7418000000.0,1094000000.0,29128000000.0,3765000000.0,2023-11-01,65836800000.0,2.260258170832189,3.3351975683890536,0.2998323126275886,3.4414990859232177,17.713211155378485
2024-01-11,PYPL.OQ,60.65,61.49,60.08,61.35,61.35,3475280,66143902742.4,1098000000.0,18.2777777777778,1080000000.0,0.96801,0.92896,1020000000.0,2023-09-30,7418000000.0,1094000000.0,29128000000.0,3765000000.0,2023-11-01,66258000000.0,2.2747184839329853,3.356534954407291,0.29792628814633737,3.4414990859232177,17.826533864541833
2024-01-12,PYPL.OQ,61.8,61.9,60.74,61.0,61.0,2341266,65766553664.0,1098000000.0,18.2777777777778,1080000000.0,0.96801,0.92896,1020000000.0,2023-09-30,7418000000.0,1094000000.0,29128000000.0,3765000000.0,2023-11-01,65880000000.0,2.261741279868168,3.337386018237078,0.2996357012750459,3.4414990859232177,17.724833997343957
2024-01-16,PYPL.OQ,60.05,60.24,58.095,58.45,58.45,5565266,63017296092.8,1098000000.0,18.2777777777778,1080000000.0,0.96801,0.92896,1020000000.0,2023-09-30,7418000000.0,1094000000.0,29128000000.0,3765000000.0,2023-11-01,63126000000.0,2.1671930788244986,3.197872340425528,0.31270791749833704,3.4414990859232177,16.98387782204515
2024-01-17,PYPL.OQ,57.51,59.98,56.48,59.89,59.89,7501852,64569818015.36,1098000000.0,18.2777777777778,1080000000.0,0.96801,0.92896,1020000000.0,2023-09-30,7418000000.0,1094000000.0,29128000000.0,3765000000.0,2023-11-01,64681200000.0,2.2205850041197475,3.2766565349544035,0.3051891430585707,3.4414990859232177,17.402300132802125
2024-01-18,PYPL.OQ,60.41,62.46,60.13,62.09,62.09,7038212,66941726508.16,1098000000.0,18.2777777777778,1080000000.0,0.96801,0.92896,1020000000.0,2023-09-30,7418000000.0,1094000000.0,29128000000.0,3765000000.0,2023-11-01,67057200000.0,2.302156001098599,3.3970212765957406,0.2943755480395845,3.4414990859232177,18.041556440903054
2024-01-19,PYPL.OQ,63.0,66.2,62.28,65.82,65.82,9305075,70963189543.68,1098000000.0,18.2777777777778,1080000000.0,0.96801,0.92896,1020000000.0,2023-09-30,7418000000.0,1094000000.0,29128000000.0,3765000000.0,2023-11-01,71085600000.0,2.4404559187036527,3.601094224924007,0.2776933724973838,3.4414990859232177,19.125386454183264
2024-01-22,PYPL.OQ,68.05,68.21,63.22,63.74,63.74,12910043,68720657877.76,1098000000.0,18.2777777777778,1080000000.0,0.96801,0.92896,1020000000.0,2023-09-30,7418000000.0,1094000000.0,29128000000.0,3765000000.0,2023-11-01,68839200000.0,2.3633342488327385,3.4872948328267435,0.2867552208625322,3.4414990859232177,18.520998671978752
2024-01-23,PYPL.OQ,64.49,65.72,64.18,64.78,64.78,5329228,69841923710.72,1098000000.0,18.2777777777778,1080000000.0,0.96801,0.92896,1020000000.0,2023-09-30,7418000000.0,1094000000.0,29128000000.0,3765000000.0,2023-11-01,69962400000.0,2.4018950837681956,3.5441945288753756,0.28215155569277245,3.4414990859232177,18.823192563081008
2024-01-24,PYPL.OQ,65.9,65.96,62.965,63.02,63.02,4743635,67944396916.48,1098000000.0,18.2777777777778,1080000000.0,0.96801,0.92896,1020000000.0,2023-09-30,7418000000.0,1094000000.0,29128000000.0,3765000000.0,2023-11-01,68061600000.0,2.336638286185114,3.447902735562306,0.29003138333509676,3.4414990859232177,18.311787516600265
2024-01-25,PYPL.OQ,63.46,64.33,58.92,60.71,60.71,9109106,65453892999.04,1098000000.0,18.2777777777778,1080000000.0,0.96801,0.92896,1020000000.0,2023-09-30,7418000000.0,1094000000.0,29128000000.0,3765000000.0,2023-11-01,65566800000.0,2.2509887393573194,3.3215197568389017,0.3010670034224642,3.4414990859232177,17.640568393094288
2024-01-26,PYPL.OQ,60.35,62.26,60.01,61.78,61.78,4581918,66607503038.72,1098000000.0,18.2777777777778,1080000000.0,0.96801,0.92896,1020000000.0,2023-09-30,7418000000.0,1094000000.0,29128000000.0,3765000000.0,2023-11-01,66722400000.0,2.290661906069761,3.380060790273552,0.29585266717024605,3.4414990859232177,17.95147941567065
2024-01-29,PYPL.OQ,61.2,63.78,60.92,63.76,63.76,4851414,68742220682.2399,1098000000.0,18.2777777777778,1080000000.0,0.96801,0.92896,1020000000.0,2023-09-30,7418000000.0,1094000000.0,29128000000.0,3765000000.0,2023-11-01,68860800000.0,2.364075803350728,3.4883890577507555,0.28666527254984003,3.4414990859232177,18.526810092961487
2024-01-30,PYPL.OQ,62.9,64.5,62.07,63.68,63.68,3998158,68655969464.32,1098000000.0,18.2777777777778,1080000000.0,0.96801,0.92896,1020000000.0,2023-09-30,7418000000.0,1094000000.0,29128000000.0,3765000000.0,2023-11-01,68774400000.0,2.3611095852787694,3.484012158054707,0.28702540480178707,3.4414990859232177,18.503564409030542
2024-01-31,PYPL.OQ,63.0,63.395,61.19,61.35,61.35,4079813,66143902742.4,1098000000.0,18.2777777777778,1080000000.0,0.96801,0.92896,1020000000.0,2023-09-30,7418000000.0,1094000000.0,29128000000.0,3765000000.0,2023-11-01,66258000000.0,2.2747184839329853,3.356534954407291,0.29792628814633737,3.4414990859232177,17.826533864541833
2024-02-01,PYPL.OQ,61.51,62.06,60.65,62.02,62.02,3823714,66469430405.28,1098000000.0,18.2777777777778,1080000000.0,0.96801,0.92896,1020000000.0,2023-09-30,7418000000.0,1094000000.0,29128000000.0,3765000000.0,2023-11-01,66981600000.0,2.2995605602856357,3.393191489361698,0.2947078003511416,3.4414990859232177,18.02121646746348
2024-02-02,PYPL.OQ,61.84,62.7,61.0,62.42,62.42,3805832,66898127150.88,1098000000.0,18.2777777777778,1080000000.0,0.96801,0.92896,1020000000.0,2023-09-30,7418000000.0,1094000000.0,29128000000.0,3765000000.0,2023-11-01,67413600000.0,2.314391650645427,3.4150759878419414,0.2928192530883979,3.4414990859232177,18.137444887118193
2024-02-05,PYPL.OQ,62.0,62.075,61.3,61.54,61.54,2853700,65954994310.56,1098000000.0,18.2777777777778,1080000000.0,0.96801,0.92896,1020000000.0,2023-09-30,7418000000.0,1094000000.0,29128000000.0,3765000000.0,2023-11-01,66463200000.0,2.2817632518538864,3.3669300911854063,0.29700646372729606,3.4414990859232177,17.88174236387782
2024-02-06,PYPL.OQ,62.0,63.73,61.63,63.71,63.71,4464287,68280674155.44,1098000000.0,18.2777777777778,1080000000.0,0.96801,0.92896,1020000000.0,2023-09-30,7418000000.0,1094000000.0,29128000000.0,3765000000.0,2023-11-01,68806800000.0,2.362221917055754,3.4856534954407254,0.2868902492195542,3.4414990859232177,18.51228154050465
2024-02-07,PYPL.OQ,64.5,64.85,62.87,63.24,63.24,8147664,67776955479.36,1083000000.0,19.6371268656716,1072000000.0,1.00834,1.29455,1402000000.0,2023-12-31,8026000000.0,1079000000.0,29771000000.0,4246000000.0,2024-02-07,67793280000.0,2.2771583084209466,3.2204303833547168,0.31051750261972805,3.9351251158480074,16.07064531323599
2024-02-08,PYPL.OQ,57.88,58.58,55.775,56.13,56.13,14811819,60156870826.32,1083000000.0,19.6371268656716,1072000000.0,1.00834,1.29455,1402000000.0,2023-12-31,8026000000.0,1079000000.0,29771000000.0,4246000000.0,2024-02-07,60171360000.0,2.0211400356051192,2.858361122987038,0.3498508260408266,3.9351251158480074,14.26384126236458
2024-02-09,PYPL.OQ,56.21,59.22,56.17,58.91,58.91,8146199,63136313208.24,1083000000.0,19.6371268656716,1072000000.0,1.00834,1.29455,1402000000.0,2023-12-31,8026000000.0,1079000000.0,29771000000.0,4246000000.0,2024-02-07,63151520000.0,2.1212428201941487,2.999929694551334,0.3333411452329248,3.9351251158480074,14.970299105040036
2024-02-12,PYPL.OQ,58.61,60.61,58.45,60.09,60.09,5591432,64400968607.76,1083000000.0,19.6371268656716,1072000000.0,1.00834,1.29455,1402000000.0,2023-12-31,8026000000.0,1079000000.0,29771000000.0,4246000000.0,2024-02-07,64416480000.0,2.1637324913506433,3.0600199515462516,0.326795254878875,3.9351251158480074,15.270162505887896
2024-02-13,PYPL.OQ,57.95,58.73,57.86,58.26,58.26,5239889,62439680996.64,1083000000.0,19.6371268656716,1072000000.0,1.00834,1.29455,1402000000.0,2023-12-31,8026000000.0,1079000000.0,29771000000.0,4246000000.0,2024-02-07,62454720000.0,2.0978374928621815,2.9668291292575235,0.3370601933688912,3.9351251158480074,14.805120113047574
2024-02-14,PYPL.OQ,58.56,59.01,57.63,58.87,58.87,4378534,63093443533.68,1083000000.0,19.6371268656716,1072000000.0,1.00834,1.29455,1402000000.0,2023-12-31,8026000000.0,1079000000.0,29771000000.0,4246000000.0,2024-02-07,63108640000.0,2.1198024923583354,2.9978927366870995,0.3335676382821743,3.9351251158480074,14.960134243994347
2024-02-15,PYPL.OQ,58.86,60.24,58.07,59.7,59.7,3831491,63982989280.8,1083000000.0,19.6371268656716,1072000000.0,1.00834,1.29455,1402000000.0,2023-12-31,8026000000.0,1079000000.0,29771000000.0,4246000000.0,2024-02-07,63998400000.0,2.1496892949514628,3.040159612369965,0.3289300982524556,3.9351251158480074,15.171055110692418
2024-02-16,PYPL.OQ,58.8,59.75,58.46,59.14,59.14,3457269,63382813836.96,1083000000.0,19.6371268656716,1072000000.0,1.00834,1.29455,1402000000.0,2023-12-31,8026000000.0,1079000000.0,29771000000.0,4246000000.0,2024-02-07,63398080000.0,2.1295247052500756,3.011642202270682,0.33204475592951643,3.9351251158480074,15.028747056052756
2024-02-20,PYPL.OQ,58.34,59.02,58.19,58.63,58.63,3644700,62836225486.32,1083000000.0,19.6371268656716,1072000000.0,1.00834,1.29455,1402000000.0,2023-12-31,8026000000.0,1079000000.0,29771000000.0,4246000000.0,2024-02-07,62851360000.0,2.111160525343455,2.985670989501693,0.33493308657123655,3.9351251158480074,14.899145077720208
2024-02-21,PYPL.OQ,58.08,58.45,57.15,57.48,57.48,3270070,61603722342.7199,1083000000.0,19.6371268656716,1072000000.0,1.00834,1.29455,1402000000.0,2023-12-31,8026000000.0,1079000000.0,29771000000.0,4246000000.0,2024-02-07,61618560000.0,2.0697511000638205,2.927108450904951,0.3416340790826653,3.9351251158480074,14.606905322656617
2024-02-22,PYPL.OQ,57.77,58.64,57.37,58.35,58.35,6193165,62536137764.4,1083000000.0,19.6371268656716,1072000000.0,1.00834,1.29455,1402000000.0,2023-12-31,8026000000.0,1079000000.0,29771000000.0,4246000000.0,2024-02-07,62551200000.0,2.1010782304927615,2.971412284452051,0.3365403061811757,3.9351251158480074,14.827991050400378
2024-02-23,PYPL.OQ,58.86,59.43,58.24,59.16,59.16,3901773,63404248674.24,1083000000.0,19.6371268656716,1072000000.0,1.00834,1.29455,1402000000.0,2023-12-31,8026000000.0,1079000000.0,29771000000.0,4246000000.0,2024-02-07,63419520000.0,2.1302448691679823,3.0126606812027994,0.33193250280039893,3.9351251158480074,15.0338294865756
2024-02-26,PYPL.OQ,58.85,60.17,58.74,59.33,59.33,3234519,63586444791.1199,1083000000.0,19.6371268656716,1072000000.0,1.00834,1.29455,1402000000.0,2023-12-31,8026000000.0,1079000000.0,29771000000.0,4246000000.0,2024-02-07,63601760000.0,2.136366262470189,3.021317752125796,0.3309814068038362,3.9351251158480074,15.077030146019784
2024-02-27,PYPL.OQ,59.58,60.24,59.45,60.16,60.16,2739377,64475990538.24,1083000000.0,19.6371268656716,1072000000.0,1.00834,1.29455,1402000000.0,2023-12-31,8026000000.0,1079000000.0,29771000000.0,4246000000.0,2024-02-07,64491520000.0,2.1662530650633167,3.0635846278086616,0.3264150077405519,3.9351251158480074,15.287951012717851
2024-02-28,PYPL.OQ,59.7,60.895,59.44,60.25,60.25,2742317,64572447306.0,1083000000.0,19.6371268656716,1072000000.0,1.00834,1.29455,1402000000.0,2023-12-31,8026000000.0,1079000000.0,29771000000.0,4246000000.0,2024-02-07,64588000000.0,2.169493802693897,3.0681677830031893,0.32592741685761994,3.9351251158480074,15.310821950070654
2024-02-29,PYPL.OQ,60.6,61.86,60.015,60.34,60.34,5791547,64668904073.76,1083000000.0,19.6371268656716,1072000000.0,1.00834,1.29455,1402000000.0,2023-12-31,8026000000.0,1079000000.0,29771000000.0,4246000000.0,2024-02-07,64684480000.0,2.172734540324477,3.072750938197717,0.3254412805049983,3.9351251158480074,15.333692887423458
2024-03-01,PYPL.OQ,60.53,61.64,60.215,60.54,60.54,4789420,64883252446.56,1083000000.0,19.6371268656716,1072000000.0,1.00834,1.29455,1402000000.0,2023-12-31,8026000000.0,1079000000.0,29771000000.0,4246000000.0,2024-02-07,64898880000.0,2.1799361795035437,3.082935727518889,0.3243661523896862,3.9351251158480074,15.384517192651908
2024-03-04,PYPL.OQ,60.35,60.6,58.86,59.98,59.98,5484786,64283077002.7199,1083000000.0,19.6371268656716,1072000000.0,1.00834,1.29455,1402000000.0,2023-12-31,8026000000.0,1079000000.0,29771000000.0,4246000000.0,2024-02-07,64298560000.0,2.1597715898021566,3.0544183174196062,0.32739457928762256,3.9351251158480074,15.242209138012246
2024-03-05,PYPL.OQ,59.55,60.815,57.87,58.27,58.27,4734815,62450398415.28,1083000000.0,19.6371268656716,1072000000.0,1.00834,1.29455,1402000000.0,2023-12-31,8026000000.0,1079000000.0,29771000000.0,4246000000.0,2024-02-07,62465440000.0,2.0981975748211346,2.9673383687235826,0.3370023488188021,3.9351251158480074,14.807661328308997
2024-03-06,PYPL.OQ,58.75,58.9,57.915,58.12,58.12,4147210,62289637135.68,1083000000.0,19.6371268656716,1072000000.0,1.00834,1.29455,1402000000.0,2023-12-31,8026000000.0,1079000000.0,29771000000.0,4246000000.0,2024-02-07,62304640000.0,2.0927963454368346,2.9596997767327027,0.33787210711754306,3.9351251158480074,14.769543099387658
2024-03-07,PYPL.OQ,58.45,59.05,57.95,58.5,58.5,4974131,62696899044.0,1083000000.0,19.6371268656716,1072000000.0,1.00834,1.29455,1402000000.0,2023-12-31,8026000000.0,1079000000.0,29771000000.0,4246000000.0,2024-02-07,62712000000.0,2.1064794598770615,2.9790508764429307,0.33567738231917266,3.9351251158480074,14.866109279321714
2024-03-08,PYPL.OQ,58.72,59.56,58.25,59.01,59.01,4987296,63243487394.64,1083000000.0,19.6371268656716,1072000000.0,1.00834,1.29455,1402000000.0,2023-12-31,8026000000.0,1079000000.0,29771000000.0,4246000000.0,2024-02-07,63258720000.0,2.1248436397836823,3.00502208921192,0.332776255984945,3.9351251158480074,14.995711257654262
2024-03-11,PYPL.OQ,59.0,60.21,58.95,60.08,60.08,3252686,64390251189.1199,1083000000.0,19.6371268656716,1072000000.0,1.00834,1.29455,1402000000.0,2023-12-31,8026000000.0,1079000000.0,29771000000.0,4246000000.0,2024-02-07,64405760000.0,2.1633724093916897,3.0595107120801925,0.3268496482302197,3.9351251158480074,15.267621290626472
2024-03-12,PYPL.OQ,59.8,60.475,59.3,60.03,60.03,3773106,64336664095.92,1083000000.0,19.6371268656716,1072000000.0,1.00834,1.29455,1402000000.0,2023-12-31,8026000000.0,1079000000.0,29771000000.0,4246000000.0,2024-02-07,64352160000.0,2.1615719995969234,3.0569645147498994,0.3271218868177845,3.9351251158480074,15.25491521431936
2024-03-13,PYPL.OQ,59.98,63.3,59.81,62.45,62.45,5407033,66930279406.8,1083000000.0,19.6371268656716,1072000000.0,1.00834,1.29455,1402000000.0,2023-12-31,8026000000.0,1079000000.0,29771000000.0,4246000000.0,2024-02-07,66946400000.0,2.2487118336636325,3.180200465536086,0.31444558631980146,3.9351251158480074,15.869889307583609
2024-03-14,PYPL.OQ,62.5,64.195,62.21,63.0,63.0,5364101,67519737432.0,1083000000.0,19.6371268656716,1072000000.0,1.00834,1.29455,1402000000.0,2023-12-31,8026000000.0,1079000000.0,29771000000.0,4246000000.0,2024-02-07,67536000000.0,2.2685163414060665,3.20820863616931,0.31170042643923174,3.9351251158480074,16.009656146961845
2024-03-15,PYPL.OQ,62.45,63.83,62.43,62.85,62.85,7486878,67358976152.4,1083000000.0,19.6371268656716,1072000000.0,1.00834,1.29455,1402000000.0,2023-12-31,8026000000.0,1079000000.0,29771000000.0,4246000000.0,2024-02-07,67375200000.0,2.263115112021766,3.2005700441784306,0.31244434153813205,3.9351251158480074,15.971537918040509
2024-03-18,PYPL.OQ,63.2,64.755,63.1,64.23,64.23,4273166,68837979924.72,1083000000.0,19.6371268656716,1072000000.0,1.00834,1.29455,1402000000.0,2023-12-31,8026000000.0,1079000000.0,29771000000.0,4246000000.0,2024-02-07,68854560000.0,2.3128064223573275,3.2708450904945203,0.30573138511087655,3.9351251158480074,16.322225624116818
2024-03-19,PYPL.OQ,63.78,64.05,62.8,63.01,63.01,2867869,67530454850.64,1083000000.0,19.6371268656716,1072000000.0,1.00834,1.29455,1402000000.0,2023-12-31,8026000000.0,1079000000.0,29771000000.0,4246000000.0,2024-02-07,67546720000.0,2.2688764233650196,3.2087178756353683,0.31165095803319476,3.9351251158480074,16.01219736222327
2024-03-20,PYPL.OQ,63.58,65.35,63.12,65.05,65.05,3719503,69716808253.2,1083000000.0,19.6371268656716,1072000000.0,1.00834,1.29455,1402000000.0,2023-12-31,8026000000.0,1079000000.0,29771000000.0,4246000000.0,2024-02-07,69733600000.0,2.3423331429915017,3.312602726711327,0.3018774306790407,3.9351251158480074,16.530605275553462
2024-03-21,PYPL.OQ,65.11,66.99,65.05,66.14,66.14,3744446,70885006884.96,1083000000.0,19.6371268656716,1072000000.0,1.00834,1.29455,1402000000.0,2023-12-31,8026000000.0,1079000000.0,29771000000.0,4246000000.0,2024-02-07,70902080000.0,2.3815820765174163,3.3681098285117166,0.2969024321994497,3.9351251158480074,16.807597739048518
2024-03-22,PYPL.OQ,66.44,67.25,64.75,64.77,64.77,3059646,69416720531.28,1083000000.0,19.6371268656716,1072000000.0,1.00834,1.29455,1402000000.0,2023-12-31,8026000000.0,1079000000.0,29771000000.0,4246000000.0,2024-02-07,69433440000.0,2.332250848140808,3.2983440216616855,0.3031824435027266,3.9351251158480074,16.45945124823363
2024-03-25,PYPL.OQ,64.8,66.38,64.8,66.0,66.0,2460772,70734963024.0,1083000000.0,19.6371268656716,1072000000.0,1.00834,1.29455,1402000000.0,2023-12-31,8026000000.0,1079000000.0,29771000000.0,4246000000.0,2024-02-07,70752000000.0,2.3765409290920694,3.360980475986896,0.2975322252374485,3.9351251158480074,16.7720207253886
2024-03-26,PYPL.OQ,66.71,67.97,66.5,66.67,66.67,4800162,71453030072.88,1083000000.0,19.6371268656716,1072000000.0,1.00834,1.29455,1402000000.0,2023-12-31,8026000000.0,1079000000.0,29771000000.0,4246000000.0,2024-02-07,71470240000.0,2.4006664203419437,3.3950995202128236,0.2945421758762802,3.9351251158480074,16.94228214790391
2024-03-27,PYPL.OQ,67.72,68.21,66.14,66.57,66.57,2802572,70074466944.09,1083000000.0,19.6371268656716,1072000000.0,1.00834,1.29455,1402000000.0,2023-12-31,8026000000.0,1079000000.0,29771000000.0,4246000000.0,2024-02-07,71363040000.0,2.39706560075241,3.3900071255522373,0.2949846306995884,3.9351251158480074,16.916869995289684
2024-03-28,PYPL.OQ,66.87,67.715,66.47,66.99,66.99,3453708,70516577145.6299,1083000000.0,19.6371268656716,1072000000.0,1.00834,1.29455,1402000000.0,2023-12-31,8026000000.0,1079000000.0,29771000000.0,4246000000.0,2024-02-07,71813280000.0,2.4121890430284507,3.4113951831266993,0.2931351972782744,3.9351251158480074,17.02360103626943
2024-04-01,PYPL.OQ,67.0,67.32,65.0,65.03,65.03,3494065,68476590000.0,1083000000.0,19.6371268656716,1072000000.0,1.00834,1.29455,1402000000.0,2023-12-31,8026000000.0,1079000000.0,29771000000.0,4246000000.0,2024-02-07,69712160000.0,2.341612979073595,3.31158424777921,0.30197027319193603,3.9351251158480074,16.52552284503062
2024-04-02,PYPL.OQ,63.9,64.84,63.59,64.66,64.66,3781768,68086980000.0,1083000000.0,19.6371268656716,1072000000.0,1.00834,1.29455,1402000000.0,2023-12-31,8026000000.0,1079000000.0,29771000000.0,4246000000.0,2024-02-07,69315520000.0,2.3282899465923212,3.2927423875350406,0.3036982193886731,3.9351251158480074,16.431497880357984
2024-04-03,PYPL.OQ,64.48,65.45,64.41,65.34,65.34,2625310,68803020000.0,1083000000.0,19.6371268656716,1072000000.0,1.00834,1.29455,1402000000.0,2023-12-31,8026000000.0,1079000000.0,29771000000.0,4246000000.0,2024-02-07,70044480000.0,2.3527755198011486,3.3273706712270275,0.30053760124994794,3.9351251158480074,16.604300518134718
2024-04-04,PYPL.OQ,65.8,66.35,64.34,64.54,64.54,3813142,67960620000.0,1083000000.0,19.6371268656716,1072000000.0,1.00834,1.29455,1402000000.0,2023-12-31,8026000000.0,1079000000.0,29771000000.0,4246000000.0,2024-02-07,69186880000.0,2.3239689630848814,3.286631513942338,0.3042628891489247,3.9351251158480074,16.401003297220914
2024-04-05,PYPL.OQ,64.7,65.46,64.06,65.15,65.15,3323291,68602950000.0,1083000000.0,19.6371268656716,1072000000.0,1.00834,1.29455,1402000000.0,2023-12-31,8026000000.0,1079000000.0,29771000000.0,4246000000.0,2024-02-07,69840800000.0,2.3459339625810354,3.3176951213719135,0.3014140731492187,3.9351251158480074,16.55601742816769
2024-04-08,PYPL.OQ,65.58,66.7,65.33,66.34,66.34,2857362,69856020000.0,1083000000.0,19.6371268656716,1072000000.0,1.00834,1.29455,1402000000.0,2023-12-31,8026000000.0,1079000000.0,29771000000.0,4246000000.0,2024-02-07,71116480000.0,2.388783715696483,3.378294617832889,0.29600733894590897,3.9351251158480074,16.858422044276967
2024-04-09,PYPL.OQ,67.0,67.26,66.39,67.0,67.0,2876496,70551000000.0,1083000000.0,19.6371268656716,1072000000.0,1.00834,1.29455,1402000000.0,2023-12-31,8026000000.0,1079000000.0,29771000000.0,4246000000.0,2024-02-07,71824000000.0,2.412549124987404,3.411904422592758,0.29309144575629253,3.9351251158480074,17.026142251530853
2024-04-10,PYPL.OQ,65.1,66.18,65.1,65.88,65.88,3277955,69371640000.0,1083000000.0,19.6371268656716,1072000000.0,1.00834,1.29455,1402000000.0,2023-12-31,8026000000.0,1079000000.0,29771000000.0,4246000000.0,2024-02-07,70623360000.0,2.372219945584629,3.354869602394192,0.2980741782888829,3.9351251158480074,16.74152614225153
2024-04-11,PYPL.OQ,65.88,66.37,64.69,65.8,65.8,3315441,69287400000.0,1083000000.0,19.6371268656716,1072000000.0,1.00834,1.29455,1402000000.0,2023-12-31,8026000000.0,1079000000.0,29771000000.0,4246000000.0,2024-02-07,70537600000.0,2.3693392899130026,3.3507956866657236,0.2984365785056474,3.9351251158480074,16.72119642016015
2024-04-12,PYPL.OQ,65.35,65.96,64.17,64.59,64.59,3238090,68013270000.0,1083000000.0,19.6371268656716,1072000000.0,1.00834,1.29455,1402000000.0,2023-12-31,8026000000.0,1079000000.0,29771000000.0,4246000000.0,2024-02-07,69240480000.0,2.325769372879648,3.2891777112726306,0.3040273550963245,3.9351251158480074,16.41370937352803
2024-04-15,PYPL.OQ,65.06,65.46,63.255,63.51,63.51,4590065,66876030000.0,1083000000.0,19.6371268656716,1072000000.0,1.00834,1.29455,1402000000.0,2023-12-31,8026000000.0,1079000000.0,29771000000.0,4246000000.0,2024-02-07,68082720000.0,2.286880521312687,3.2341798489382994,0.3091973998688648,3.9351251158480074,16.139258125294393
2024-04-16,PYPL.OQ,63.06,64.205,62.92,63.43,63.43,2920215,66791790000.0,1083000000.0,19.6371268656716,1072000000.0,1.00834,1.29455,1402000000.0,2023-12-31,8026000000.0,1079000000.0,29771000000.0,4246000000.0,2024-02-07,67996960000.0,2.2839998656410603,3.2301059332098307,0.30958736978829576,3.9351251158480074,16.118928403203014
2024-04-17,PYPL.OQ,63.78,63.97,62.58,63.26,63.26,2654239,66612780000.0,1083000000.0,19.6371268656716,1072000000.0,1.00834,1.29455,1402000000.0,2023-12-31,8026000000.0,1079000000.0,29771000000.0,4246000000.0,2024-02-07,67814720000.0,2.277878472338853,3.221448862286834,0.31041933078835915,3.9351251158480074,16.075727743758833
2024-04-18,PYPL.OQ,63.85,64.02,61.95,62.1,62.1,2825662,65391300000.0,1083000000.0,19.6371268656716,1072000000.0,1.00834,1.29455,1402000000.0,2023-12-31,8026000000.0,1079000000.0,29771000000.0,4246000000.0,2024-02-07,66571200000.0,2.2361089651002652,3.162377084224034,0.3162178239238583,3.9351251158480074,15.78094677343382
2024-04-19,PYPL.OQ,62.0,62.46,61.73,62.31,62.31,4345457,65612430000.0,1083000000.0,19.6371268656716,1072000000.0,1.00834,1.29455,1402000000.0,2023-12-31,8026000000.0,1079000000.0,29771000000.0,4246000000.0,2024-02-07,66796320000.0,2.2436706862382856,3.173071113011265,0.31515209221106727,3.9351251158480074,15.834312293923693
2024-04-22,PYPL.OQ,63.04,63.63,62.485,63.19,63.19,3691127,66539070000.0,1083000000.0,19.6371268656716,1072000000.0,1.00834,1.29455,1402000000.0,2023-12-31,8026000000.0,1079000000.0,29771000000.0,4246000000.0,2024-02-07,67739680000.0,2.2753578986261798,3.2178841860244236,0.3107632040777275,3.9351251158480074,16.057939236928874
2024-04-23,PYPL.OQ,63.39,64.69,63.2,64.43,64.43,3092688,67844790000.0,1083000000.0,19.6371268656716,1072000000.0,1.00834,1.29455,1402000000.0,2023-12-31,8026000000.0,1079000000.0,29771000000.0,4246000000.0,2024-02-07,69068960000.0,2.3200080615363943,3.281029879815693,0.30478235085630295,3.9351251158480074,16.373049929345267
2024-04-24,PYPL.OQ,64.07,65.09,64.02,64.84,64.84,2822957,67825625298.44,1083000000.0,19.6371268656716,1072000000.0,1.00834,1.29455,1402000000.0,2023-12-31,8026000000.0,1079000000.0,29771000000.0,4246000000.0,2024-02-07,69508480000.0,2.3347714218534814,3.3019086979240964,0.30285513364700184,3.9351251158480074,16.47723975506359
2024-04-25,PYPL.OQ,63.47,64.4,62.96,64.1,64.1,3498823,67051551228.0999,1083000000.0,19.6371268656716,1072000000.0,1.00834,1.29455,1402000000.0,2023-12-31,8026000000.0,1079000000.0,29771000000.0,4246000000.0,2024-02-07,68715199999.99999,2.3081253568909337,3.2642249774357577,0.30635143316180347,3.9351251158480074,16.28918982571832
2024-04-26,PYPL.OQ,64.03,66.3,63.77,65.96,65.96,4030362,68997196864.36,1083000000.0,19.6371268656716,1072000000.0,1.00834,1.29455,1402000000.0,2023-12-31,8026000000.0,1079000000.0,29771000000.0,4246000000.0,2024-02-07,70709120000.0,2.375100601256256,3.3589435181226612,0.2977126571508733,3.9351251158480074,16.76185586434291
2024-04-29,PYPL.OQ,66.0,67.54,66.0,66.99,66.99,5629635,70074624286.59,1083000000.0,19.6371268656716,1072000000.0,1.00834,1.29455,1402000000.0,2023-12-31,8026000000.0,1079000000.0,29771000000.0,4246000000.0,2024-02-07,71813280000.0,2.4121890430284507,3.4113951831266993,0.2931351972782744,3.9351251158480074,17.02360103626943
2024-04-30,PYPL.OQ,70.0,70.64,67.23,67.92,67.92,9768995,71047447104.72,1072000000.0,19.6600189933523,1053000000.0,1.03383,0.82836,888000000.0,2024-03-31,7699000000.0,1064000000.0,30430000000.0,4339000000.0,2024-04-30,71519760000.0,2.3503043049622083,3.4547270795092313,0.2894584657442918,4.078007518796992,16.65519244065453
2024-05-01,PYPL.OQ,67.0,67.785,65.49,66.14,66.14,5920962,69185485151.74,1072000000.0,19.6600189933523,1053000000.0,1.03383,0.82836,888000000.0,2024-03-31,7699000000.0,1064000000.0,30430000000.0,4339000000.0,2024-04-30,69645420000.0,2.2887091685836345,3.364188001159313,0.29724854843290444,4.078007518796992,16.21870477068449
2024-05-02,PYPL.OQ,66.7,67.41,65.835,66.98,66.98,3989348,70064163826.18,1072000000.0,19.6600189933523,1053000000.0,1.03383,0.82836,888000000.0,2024-03-31,7699000000.0,1064000000.0,30430000000.0,4339000000.0,2024-04-30,70529940000.0,2.317776536312849,3.4069143077963533,0.29352073743434304,4.078007518796992,16.42468771606361
2024-05-03,PYPL.OQ,67.64,67.89,64.73,65.7,65.7,4473854,68725224893.7,1072000000.0,19.6600189933523,1053000000.0,1.03383,0.82836,888000000.0,2024-03-31,7699000000.0,1064000000.0,30430000000.0,4339000000.0,2024-04-30,69182100000.0,2.2734834045349985,3.3418075548256256,0.29923925408450985,4.078007518796992,16.11080894215257
2024-05-06,PYPL.OQ,66.0,66.1,64.96,65.61,65.61,3686405,68631080750.01,1072000000.0,19.6600189933523,1053000000.0,1.03383,0.82836,888000000.0,2024-03-31,7699000000.0,1064000000.0,30430000000.0,4339000000.0,2024-04-30,69087330000.0,2.2703690437068684,3.3372297362573713,0.29964973317104554,4.078007518796992,16.08873934086195
2024-05-07,PYPL.OQ,66.09,66.76,65.77,65.92,65.92,3366666,68955355022.72,1072000000.0,19.6600189933523,1053000000.0,1.03383,0.82836,888000000.0,2024-03-31,7699000000.0,1064000000.0,30430000000.0,4339000000.0,2024-04-30,69413760000.0,2.2810962865593165,3.3529977779924693,0.29824057938944626,4.078007518796992,16.16475685641853
2024-05-08,PYPL.OQ,65.46,65.7,63.77,63.81,63.81,3736106,66748197876.21,1072000000.0,19.6600189933523,1053000000.0,1.03383,0.82836,888000000.0,2024-03-31,7699000000.0,1064000000.0,30430000000.0,4339000000.0,2024-04-30,67191930000.0,2.2080818271442655,3.2456733648922858,0.308102475996745,4.078007518796992,15.64734731504955
2024-05-09,PYPL.OQ,63.91,64.47,63.43,64.45,64.45,2719379,67417667342.45,1072000000.0,19.6600189933523,1053000000.0,1.03383,0.82836,888000000.0,2024-03-31,7699000000.0,1064000000.0,30430000000.0,4339000000.0,2024-04-30,67865850000.0,2.2302283930331908,3.2782267413776496,0.30504296343448095,4.078007518796992,15.804286702005072
2024-05-10,PYPL.OQ,64.59,64.94,62.885,62.93,62.93,3100012,65827677360.13,1072000000.0,19.6600189933523,1053000000.0,1.03383,0.82836,888000000.0,2024-03-31,7699000000.0,1064000000.0,30430000000.0,4339000000.0,2024-04-30,66265290000.0,2.177630299046993,3.2009124722249105,0.3124109167861481,4.078007518796992,15.431555657985712
2024-05-13,PYPL.OQ,63.46,64.41,63.19,63.95,63.95,2467144,66894644321.95,1072000000.0,19.6600189933523,1053000000.0,1.03383,0.82836,888000000.0,2024-03-31,7699000000.0,1064000000.0,30430000000.0,4339000000.0,2024-04-30,67339350000.0,2.212926388432468,3.252794415998459,0.3074279748765019,4.078007518796992,15.681677805946071
2024-05-14,PYPL.OQ,64.39,64.855,64.27,64.58,64.58,3200235,67553653327.78,1072000000.0,19.6600189933523,1053000000.0,1.03383,0.82836,888000000.0,2024-03-31,7699000000.0,1064000000.0,30430000000.0,4339000000.0,2024-04-30,68002740000.0,2.234726914229379,3.2848391459762385,0.3044289097762821,4.078007518796992,15.836165014980411
2024-05-15,PYPL.OQ,65.11,65.53,63.485,63.9,63.9,4394953,66842342019.9,1072000000.0,19.6600189933523,1053000000.0,1.03383,0.82836,888000000.0,2024-03-31,7699000000.0,1064000000.0,30430000000.0,4339000000.0,2024-04-30,67286700000.0,2.2111961879723956,3.2502511834605397,0.3076685288474538,4.078007518796992,15.66941691634017
2024-05-16,PYPL.OQ,63.59,64.42,63.44,64.1,64.1,2952138,67051551228.0999,1072000000.0,19.6600189933523,1053000000.0,1.03383,0.82836,888000000.0,2024-03-31,7699000000.0,1064000000.0,30430000000.0,4339000000.0,2024-04-30,67497299999.99999,2.2181169898126845,3.2604241136122156,0.30670856463888146,4.078007518796992,15.71846047476377
2024-05-17,PYPL.OQ,64.08,64.71,63.85,64.48,64.48,3134656,67449048723.68,1072000000.0,19.6600189933523,1053000000.0,1.03383,0.82836,888000000.0,2024-03-31,7699000000.0,1064000000.0,30430000000.0,4339000000.0,2024-04-30,67897440000.00001,2.2312665133092344,3.2797526809004007,0.30490103897878873,4.078007518796992,15.811643235768612
2024-05-20,PYPL.OQ,64.5,65.03,63.77,64.77,64.77,2179082,67752402075.5699,1072000000.0,19.6600189933523,1053000000.0,1.03383,0.82836,888000000.0,2024-03-31,7699000000.0,1064000000.0,30430000000.0,4339000000.0,2024-04-30,68202809999.99999,2.2413016759776534,3.294503429620331,0.30353588070638104,4.078007518796992,15.88275639548283
2024-05-21,PYPL.OQ,64.39,64.68,63.705,64.1,64.1,2160125,67051551228.0999,1072000000.0,19.6600189933523,1053000000.0,1.03383,0.82836,888000000.0,2024-03-31,7699000000.0,1064000000.0,30430000000.0,4339000000.0,2024-04-30,67497299999.99999,2.2181169898126845,3.2604241136122156,0.30670856463888146,4.078007518796992,15.71846047476377
2024-05-22,PYPL.OQ,63.79,63.8,61.85,62.19,62.19,4921993,65053603289.79,1072000000.0,19.6600189933523,1053000000.0,1.03383,0.82836,888000000.0,2024-03-31,7699000000.0,1064000000.0,30430000000.0,4339000000.0,2024-04-30,65486070000.0,2.152023332237923,3.1632726306637085,0.316128300262941,4.078007518796992,15.250094491818391
2024-05-23,PYPL.OQ,62.54,62.685,61.23,61.58,61.58,3473667,64415515204.78,1072000000.0,19.6600189933523,1053000000.0,1.03383,0.82836,888000000.0,2024-03-31,7699000000.0,1064000000.0,30430000000.0,4339000000.0,2024-04-30,64843740000.0,2.130914886625041,3.1322451937010958,0.3192598082713917,4.078007518796992,15.100511638626411
2024-05-24,PYPL.OQ,62.03,62.06,61.28,61.64,61.64,2862694,64478277967.24,1072000000.0,19.6600189933523,1053000000.0,1.03383,0.82836,888000000.0,2024-03-31,7699000000.0,1064000000.0,30430000000.0,4339000000.0,2024-04-30,64906920000.0,2.132991127177128,3.135297072746599,0.3189490427214844,4.078007518796992,15.115224706153493
2024-05-28,PYPL.OQ,62.31,62.86,61.75,62.17,62.17,4117976,65032682368.97,1072000000.0,19.6600189933523,1053000000.0,1.03383,0.82836,888000000.0,2024-03-31,7699000000.0,1064000000.0,30430000000.0,4339000000.0,2024-04-30,65465010000.0,2.151331252053894,3.1622553376485407,0.31622999828457937,4.078007518796992,15.245190135976031
2024-05-29,PYPL.OQ,61.23,61.58,60.85,61.05,61.05,3093828,63861110803.0499,1072000000.0,19.6600189933523,1053000000.0,1.03383,0.82836,888000000.0,2024-03-31,7699000000.0,1064000000.0,30430000000.0,4339000000.0,2024-04-30,64285650000.0,2.1125747617482746,3.105286928799154,0.32203143314254384,4.078007518796992,14.97054620880387
2024-05-30,PYPL.OQ,62.74,63.335,62.15,62.51,62.51,4271964,65388338022.9099,1072000000.0,19.6600189933523,1053000000.0,1.03383,0.82836,888000000.0,2024-03-31,7699000000.0,1064000000.0,30430000000.0,4339000000.0,2024-04-30,65823030000.0,2.163096615182386,3.1795493189063904,0.31450998229646937,4.078007518796992,15.328564185296152
2024-05-31,PYPL.OQ,62.73,63.55,61.77,62.99,62.99,6458368,65890440122.59,1072000000.0,19.6600189933523,1053000000.0,1.03383,0.82836,888000000.0,2024-03-31,7699000000.0,1064000000.0,30430000000.0,4339000000.0,2024-04-30,66328470000.0,2.17970653959908,3.2039643512704132,0.3121133353445356,4.078007518796992,15.446268725512791
2024-06-03,PYPL.OQ,63.05,63.52,62.58,63.46,63.46,3165239,66382081761.86,1072000000.0,19.6600189933523,1053000000.0,1.03383,0.82836,888000000.0,2024-03-31,7699000000.0,1064000000.0,30430000000.0,4339000000.0,2024-04-30,66823380000.0,2.1959704239237596,3.2278707371268522,0.3098017490285581,4.078007518796992,15.56152108780825
2024-06-04,PYPL.OQ,63.14,64.12,63.04,63.33,63.33,2742078,66246095776.53,1072000000.0,19.6600189933523,1053000000.0,1.03383,0.82836,888000000.0,2024-03-31,7699000000.0,1064000000.0,30430000000.0,4339000000.0,2024-04-30,66686490000.0,2.1914719027275713,3.2212583325282624,0.31043769135247595,4.078007518796992,15.52964277483291
2024-06-05,PYPL.OQ,63.74,63.81,62.85,63.53,63.53,2904188,66455304984.73,1072000000.0,19.6600189933523,1053000000.0,1.03383,0.82836,888000000.0,2024-03-31,7699000000.0,1064000000.0,30430000000.0,4339000000.0,2024-04-30,66897090000.0,2.1983927045678606,3.231431262679939,0.3094603965583551,4.078007518796992,15.578686333256512
2024-06-06,PYPL.OQ,64.26,67.81,64.17,67.02,67.02,5384253,70106005667.8199,1072000000.0,19.6600189933523,1053000000.0,1.03383,0.82836,888000000.0,2024-03-31,7699000000.0,1064000000.0,30430000000.0,4339000000.0,2024-04-30,70572060000.0,2.319160696680907,3.408948893826688,0.2933455534669099,4.078007518796992,16.43449642774833
2024-06-07,PYPL.OQ,66.5,68.295,66.22,67.3,67.3,3593028,70398898559.3,1072000000.0,19.6600189933523,1053000000.0,1.03383,0.82836,888000000.0,2024-03-31,7699000000.0,1064000000.0,30430000000.0,4339000000.0,2024-04-30,70866900000.0,2.3288498192573117,3.4231909960390348,0.29212509648368945,4.078007518796992,16.50315740954137
2024-06-10,PYPL.OQ,66.82,67.47,65.83,67.09,67.09,3989139,70179228890.69,1072000000.0,19.6600189933523,1053000000.0,1.03383,0.82836,888000000.0,2024-03-31,7699000000.0,1064000000.0,30430000000.0,4339000000.0,2024-04-30,70645770000.0,2.3215829773250083,3.412509419379775,0.29303948417576836,4.078007518796992,16.45166167319659
2024-06-11,PYPL.OQ,67.13,67.15,64.41,64.77,64.77,4855994,67752402075.5699,1072000000.0,19.6600189933523,1053000000.0,1.03383,0.82836,888000000.0,2024-03-31,7699000000.0,1064000000.0,30430000000.0,4339000000.0,2024-04-30,68202809999.99999,2.2413016759776534,3.294503429620331,0.30353588070638104,4.078007518796992,15.88275639548283
2024-06-12,PYPL.OQ,65.46,65.86,62.91,63.43,63.43,4006000,66350700380.63,1072000000.0,19.6600189933523,1053000000.0,1.03383,0.82836,888000000.0,2024-03-31,7699000000.0,1064000000.0,30430000000.0,4339000000.0,2024-04-30,66791790000.0,2.194932303647716,3.2263447976041006,0.3099482735827258,4.078007518796992,15.55416455404471
2024-06-13,PYPL.OQ,63.02,63.61,61.52,61.54,61.54,3833420,64373673363.14,1072000000.0,19.6600189933523,1053000000.0,1.03383,0.82836,888000000.0,2024-03-31,7699000000.0,1064000000.0,30430000000.0,4339000000.0,2024-04-30,64801620000.0,2.1295307262569834,3.1302106076707608,0.3194673219589259,4.078007518796992,15.090702926941692
2024-06-14,PYPL.OQ,61.29,61.64,60.31,60.635,60.635,3172965,63427001696.0349,1072000000.0,19.6600189933523,1053000000.0,1.03383,0.82836,888000000.0,2024-03-31,7699000000.0,1064000000.0,30430000000.0,4339000000.0,2024-04-30,63848655000.0,2.0982140979296746,3.084178098734426,0.3242354909433875,4.078007518796992,14.868780825074902
2024-06-17,PYPL.OQ,60.37,60.64,59.49,60.13,60.13,4082105,62898748445.33,1072000000.0,19.6600189933523,1053000000.0,1.03383,0.82836,888000000.0,2024-03-31,7699000000.0,1064000000.0,30430000000.0,4339000000.0,2024-04-30,63316890000.0,2.0807390732829445,3.0584914501014437,0.32695857298107933,4.078007518796992,14.744945840055314
2024-06-18,PYPL.OQ,59.92,60.1,59.03,59.12,59.12,4048368,61842241943.92,1072000000.0,19.6600189933523,1053000000.0,1.03383,0.82836,888000000.0,2024-03-31,7699000000.0,1064000000.0,30430000000.0,4339000000.0,2024-04-30,62253360000.0,2.0457890239894843,3.007118152835479,0.3325442996169198,4.078007518796992,14.497275870016132
2024-06-20,PYPL.OQ,59.25,59.99,58.79,59.8,59.8,4012303,62553553251.7999,1072000000.0,19.6600189933523,1053000000.0,1.03383,0.82836,888000000.0,2024-03-31,7699000000.0,1064000000.0,30430000000.0,4339000000.0,2024-04-30,62969400000.0,2.0693197502464673,3.041706115351178,0.328762859420607,4.078007518796992,14.664023968656371
2024-06-21,PYPL.OQ,59.92,60.76,59.67,60.61,60.61,8925012,63400850545.01,1072000000.0,19.6600189933523,1053000000.0,1.03383,0.82836,888000000.0,2024-03-31,7699000000.0,1064000000.0,30430000000.0,4339000000.0,2024-04-30,63822330000.0,2.0973489976996387,3.0829064824654666,0.3243692293904026,4.078007518796992,14.862650380271953
2024-06-24,PYPL.OQ,60.0,60.56,59.47,59.49,59.49,2946179,62229278979.09,1072000000.0,19.6600189933523,1053000000.0,1.03383,0.82836,888000000.0,2024-03-31,7699000000.0,1064000000.0,30430000000.0,4339000000.0,2024-04-30,62642970000.0,2.058592507394019,3.02593807361608,0.3304760294730593,4.078007518796992,14.588006453099794
2024-06-25,PYPL.OQ,59.57,59.57,58.98,59.33,59.33,2801793,62061911612.53,1072000000.0,19.6600189933523,1053000000.0,1.03383,0.82836,888000000.0,2024-03-31,7699000000.0,1064000000.0,30430000000.0,4339000000.0,2024-04-30,62474490000.0,2.0530558659217877,3.017799729494739,0.3313672508571094,4.078007518796992,14.548771606360912
2024-06-26,PYPL.OQ,59.65,59.69,58.035,58.26,58.26,3737348,60942642348.6599,1072000000.0,19.6600189933523,1053000000.0,1.03383,0.82836,888000000.0,2024-03-31,7699000000.0,1064000000.0,30430000000.0,4339000000.0,2024-04-30,61347780000.0,2.0160295760762406,2.9633745531832716,0.33745312381311876,4.078007518796992,14.286388568794653
2024-06-27,PYPL.OQ,58.47,58.475,57.21,58.37,58.37,3421828,61057707413.17,1072000000.0,19.6600189933523,1053000000.0,1.03383,0.82836,888000000.0,2024-03-31,7699000000.0,1064000000.0,30430000000.0,4339000000.0,2024-04-30,61463610000.0,2.0198360170883998,2.968969664766693,0.3368171833707778,4.078007518796992,14.313362525927634
2024-06-28,PYPL.OQ,58.44,58.75,57.9,58.03,58.03,8690615,60702051759.23,1072000000.0,19.6600189933523,1053000000.0,1.03383,0.82836,888000000.0,2024-03-31,7699000000.0,1064000000.0,30430000000.0,4339000000.0,2024-04-30,61105590000.0,2.008070653959908,2.951675683508844,0.3387906081914923,4.078007518796992,14.229988476607513
2024-07-01,PYPL.OQ,58.36,58.365,57.04,57.81,57.81,3503896,59659920000.0,1072000000.0,19.6600189933523,1053000000.0,1.03383,0.82836,888000000.0,2024-03-31,7699000000.0,1064000000.0,30430000000.0,4339000000.0,2024-04-30,60873930000.0,2.00045777193559,2.9404854603420003,0.3400798995563449,4.078007518796992,14.176040562341553
2024-07-02,PYPL.OQ,58.78,59.27,58.32,58.97,58.97,3611308,60857040000.0,1072000000.0,19.6600189933523,1053000000.0,1.03383,0.82836,888000000.0,2024-03-31,7699000000.0,1064000000.0,30430000000.0,4339000000.0,2024-04-30,62095410000.0,2.0405984226092673,2.999488455221722,0.3333901813354638,4.078007518796992,14.460493201198434
2024-07-03,PYPL.OQ,58.97,60.01,58.9,59.64,59.64,2467749,61548480000.0,1072000000.0,19.6600189933523,1053000000.0,1.03383,0.82836,888000000.0,2024-03-31,7699000000.0,1064000000.0,30430000000.0,4339000000.0,2024-04-30,62800920000.0,2.0637831087742358,3.033567771229837,0.32964485233655766,4.078007518796992,14.624789121917493
2024-07-05,PYPL.OQ,59.38,60.155,58.85,59.76,59.76,2954288,61672320000.0,1072000000.0,19.6600189933523,1053000000.0,1.03383,0.82836,888000000.0,2024-03-31,7699000000.0,1064000000.0,30430000000.0,4339000000.0,2024-04-30,62927280000.0,2.0679355898784095,3.039671529320843,0.32898291488206655,4.078007518796992,14.654215256971652
2024-07-08,PYPL.OQ,59.72,60.02,58.65,59.09,59.09,2713024,60980880000.0,1072000000.0,19.6600189933523,1053000000.0,1.03383,0.82836,888000000.0,2024-03-31,7699000000.0,1064000000.0,30430000000.0,4339000000.0,2024-04-30,62221770000.0,2.0447509037134406,3.005592213312728,0.3327131323972296,4.078007518796992,14.489919336252594
2024-07-09,PYPL.OQ,58.9,59.7,58.44,59.0,59.0,1995751,60888000000.0,1072000000.0,19.6600189933523,1053000000.0,1.03383,0.82836,888000000.0,2024-03-31,7699000000.0,1064000000.0,30430000000.0,4339000000.0,2024-04-30,62127000000.0,2.0416365428853105,3.001014394744473,0.33322066090427627,4.078007518796992,14.467849734961973
2024-07-10,PYPL.OQ,59.05,59.3,58.21,58.9,58.9,2307904,60784800000.0,1072000000.0,19.6600189933523,1053000000.0,1.03383,0.82836,888000000.0,2024-03-31,7699000000.0,1064000000.0,30430000000.0,4339000000.0,2024-04-30,62021700000.0,2.038176141965166,2.995927929668635,0.33378640056625297,4.078007518796992,14.443327955750172
2024-07-11,PYPL.OQ,59.5,60.925,59.43,59.99,59.99,3453125,61909680000.0,1072000000.0,19.6600189933523,1053000000.0,1.03383,0.82836,888000000.0,2024-03-31,7699000000.0,1064000000.0,30430000000.0,4339000000.0,2024-04-30,63169470000.0,2.075894511994742,3.0513703989952705,0.32772160348978663,4.078007518796992,14.710615349158793
2024-07-12,PYPL.OQ,60.41,60.51,59.8,60.27,60.27,2339066,62198640000.0,1072000000.0,19.6600189933523,1053000000.0,1.03383,0.82836,888000000.0,2024-03-31,7699000000.0,1064000000.0,30430000000.0,4339000000.0,2024-04-30,63464310000.0,2.085583634571147,3.0656125012076174,0.32619908732955527,4.078007518796992,14.779276330951832
2024-07-15,PYPL.OQ,60.2,61.015,59.82,60.47,60.47,2411479,62405040000.0,1072000000.0,19.6600189933523,1053000000.0,1.03383,0.82836,888000000.0,2024-03-31,7699000000.0,1064000000.0,30430000000.0,4339000000.0,2024-04-30,63674910000.0,2.0925044364114362,3.0757854313592934,0.3251202082578518,4.078007518796992,14.828319889375432
2024-07-16,PYPL.OQ,60.8,62.02,60.69,61.81,61.81,2756005,63787920000.0,1072000000.0,19.6600189933523,1053000000.0,1.03383,0.82836,888000000.0,2024-03-31,7699000000.0,1064000000.0,30430000000.0,4339000000.0,2024-04-30,65085930000.0,2.1388738087413737,3.143944063375524,0.318071816750563,4.078007518796992,15.156911730813553
2024-07-17,PYPL.OQ,61.2,61.83,60.66,61.24,61.24,2434645,63199680000.0,1072000000.0,19.6600189933523,1053000000.0,1.03383,0.82836,888000000.0,2024-03-31,7699000000.0,1064000000.0,30430000000.0,4339000000.0,2024-04-30,64485720000.0,2.1191495234965494,3.1149512124432466,0.32103231537152677,4.078007518796992,15.017137589306293
2024-07-18,PYPL.OQ,60.56,61.32,59.945,60.0,60.0,2548637,61920000000.0,1072000000.0,19.6600189933523,1053000000.0,1.03383,0.82836,888000000.0,2024-03-31,7699000000.0,1064000000.0,30430000000.0,4339000000.0,2024-04-30,63180000000.0,2.0762405520867566,3.0518790455028544,0.3276669832225383,4.078007518796992,14.713067527079973
2024-07-19,PYPL.OQ,59.81,59.83,58.75,59.33,59.33,3020991,61228560000.0,1072000000.0,19.6600189933523,1053000000.0,1.03383,0.82836,888000000.0,2024-03-31,7699000000.0,1064000000.0,30430000000.0,4339000000.0,2024-04-30,62474490000.0,2.0530558659217877,3.017799729494739,0.3313672508571094,4.078007518796992,14.548771606360912
2024-07-22,PYPL.OQ,59.9,60.79,59.52,60.77,60.77,2260787,62714640000.0,1072000000.0,19.6600189933523,1053000000.0,1.03383,0.82836,888000000.0,2024-03-31,7699000000.0,1064000000.0,30430000000.0,4339000000.0,2024-04-30,63990810000.0,2.1028856391718698,3.0910448265868076,0.32351520476143325,4.078007518796992,14.901885227010833
2024-07-23,PYPL.OQ,60.72,60.94,59.69,59.71,59.71,2276987,61620720000.0,1072000000.0,19.6600189933523,1053000000.0,1.03383,0.82836,888000000.0,2024-03-31,7699000000.0,1064000000.0,30430000000.0,4339000000.0,2024-04-30,62874630000.0,2.066205389418337,3.0371282967829236,0.3292583988168196,4.078007518796992,14.641954367365752
2024-07-24,PYPL.OQ,59.59,59.64,57.98,58.07,58.07,3447763,59366900131.51,1072000000.0,19.6600189933523,1053000000.0,1.03383,0.82836,888000000.0,2024-03-31,7699000000.0,1064000000.0,30430000000.0,4339000000.0,2024-04-30,61147710000.0,2.009454814327966,2.953710269539179,0.3385572411460703,4.078007518796992,14.239797188292233
2024-07-25,PYPL.OQ,58.16,58.64,57.2,57.22,57.22,3800052,58497916747.46,1072000000.0,19.6600189933523,1053000000.0,1.03383,0.82836,888000000.0,2024-03-31,7699000000.0,1064000000.0,30430000000.0,4339000000.0,2024-04-30,60252660000.0,1.9800414065067369,2.9104753163945554,0.34358649062132646,4.078007518796992,14.031362064991933
2024-07-26,PYPL.OQ,57.6,58.31,56.97,58.29,58.29,3304350,59591813477.97,1072000000.0,19.6600189933523,1053000000.0,1.03383,0.82836,888000000.0,2024-03-31,7699000000.0,1064000000.0,30430000000.0,4339000000.0,2024-04-30,61379370000.0,2.017067696352284,2.9649004927060227,0.33727944747559274,4.078007518796992,14.293745102558193
2024-07-29,PYPL.OQ,58.5,59.1,58.07,58.94,58.94,3485934,60256330183.42,1072000000.0,19.6600189933523,1053000000.0,1.03383,0.82836,888000000.0,2024-03-31,7699000000.0,1064000000.0,30430000000.0,4339000000.0,2024-04-30,62063820000.0,2.0395603023332236,2.9979625156989704,0.3335598743358042,4.078007518796992,14.453136667434892
2024-07-30,PYPL.OQ,62.71,65.05,62.43,64.0,64.0,9841047,65429337152.0,1047000000.0,19.9825581395349,1032000000.0,1.19098,1.07736,1128000000.0,2024-06-30,7885000000.0,1042000000.0,31028000000.0,4438000000.0,2024-07-30,66048000000.0,2.128657986334923,3.2027931335466953,0.3122274709302328,4.25911708253359,15.026588553402432
2024-07-31,PYPL.OQ,64.98,66.99,64.17,65.78,65.78,7340601,67249090591.54,1047000000.0,19.9825581395349,1032000000.0,1.19098,1.07736,1128000000.0,2024-06-30,7885000000.0,1042000000.0,31028000000.0,4438000000.0,2024-07-30,67884960000.0,2.1878612865798632,3.291870817573463,0.30377862784333987,4.25911708253359,15.444515547543938
2024-08-01,PYPL.OQ,65.78,67.29,65.03,65.31,65.31,5028384,66768593896.83,1047000000.0,19.9825581395349,1032000000.0,1.19098,1.07736,1128000000.0,2024-06-30,7885000000.0,1042000000.0,31028000000.0,4438000000.0,2024-07-30,67399920000.0,2.1722289544927165,3.2683503054989793,0.30596475485430863,4.25911708253359,15.334164037854888
2024-08-02,PYPL.OQ,64.0,64.01,60.96,61.98,61.98,5793096,63364223698.14,1047000000.0,19.9825581395349,1032000000.0,1.19098,1.07736,1128000000.0,2024-06-30,7885000000.0,1042000000.0,31028000000.0,4438000000.0,2024-07-30,63963360000.0,2.061472218641227,3.1017049752691275,0.32240332590408033,4.25911708253359,14.552311852185667
2024-08-05,PYPL.OQ,60.65,61.04,58.66,60.46,60.46,6005842,61810276940.78,1047000000.0,19.9825581395349,1032000000.0,1.19098,1.07736,1128000000.0,2024-06-30,7885000000.0,1042000000.0,31028000000.0,4438000000.0,2024-07-30,62394720000.0,2.0109165914657727,3.025638638347394,0.33050873535453024,4.25911708253359,14.19543037404236
2024-08-06,PYPL.OQ,60.6,63.58,60.31,62.75,62.75,4408643,64151420410.75,1047000000.0,19.9825581395349,1032000000.0,1.19098,1.07736,1128000000.0,2024-06-30,7885000000.0,1042000000.0,31028000000.0,4438000000.0,2024-07-30,64758000000.0,2.0870826350393195,3.1402385801571113,0.31844714166589483,4.25911708253359,14.73310049571879
2024-08-07,PYPL.OQ,63.28,65.01,62.64,62.74,62.74,3889559,64141197076.82,1047000000.0,19.9825581395349,1032000000.0,1.19098,1.07736,1128000000.0,2024-06-30,7885000000.0,1042000000.0,31028000000.0,4438000000.0,2024-07-30,64747680000.0,2.0867500322289545,3.139738143729995,0.31849789830307457,4.25911708253359,14.730752591257323
2024-08-08,PYPL.OQ,63.55,64.675,63.1,64.28,64.28,3110017,65715590502.04,1047000000.0,19.9825581395349,1032000000.0,1.19098,1.07736,1128000000.0,2024-06-30,7885000000.0,1042000000.0,31028000000.0,4438000000.0,2024-07-30,66336960000.0,2.137970865025139,3.216805353505962,0.31086742594173766,4.25911708253359,15.092329878323568
2024-08-09,PYPL.OQ,64.8,65.49,64.47,64.72,64.72,2764693,66165417194.96,1047000000.0,19.9825581395349,1032000000.0,1.19098,1.07736,1128000000.0,2024-06-30,7885000000.0,1042000000.0,31028000000.0,4438000000.0,2024-07-30,66791040000.0,2.152605388681191,3.238824556299096,0.30875398855894465,4.25911708253359,15.195637674628209
2024-08-12,PYPL.OQ,65.04,65.1,63.29,63.46,63.46,2397716,64877277119.78,1047000000.0,19.9825581395349,1032000000.0,1.19098,1.07736,1128000000.0,2024-06-30,7885000000.0,1042000000.0,31028000000.0,4438000000.0,2024-07-30,65490720000.0,2.1106974345752225,3.175769566482395,0.31488430727284744,4.25911708253359,14.8998017124831
2024-08-13,PYPL.OQ,64.0,65.64,63.745,65.11,65.11,2492263,66564127218.2299,1047000000.0,19.9825581395349,1032000000.0,1.19098,1.07736,1128000000.0,2024-06-30,7885000000.0,1042000000.0,31028000000.0,4438000000.0,2024-07-30,67193520000.0,2.1655768982854195,3.2583415769566457,0.30690459437160034,4.25911708253359,15.287205948625505
2024-08-14,PYPL.OQ,65.06,66.385,64.66,66.14,66.14,2616659,67617130613.02,1047000000.0,19.9825581395349,1032000000.0,1.19098,1.07736,1128000000.0,2024-06-30,7885000000.0,1042000000.0,31028000000.0,4438000000.0,2024-07-30,68256480000.0,2.1998349877529972,3.309886528949663,0.3021251608638479,4.25911708253359,15.529040108156826
2024-08-15,PYPL.OQ,67.08,68.12,67.06,67.94,67.94,4530494,69457330720.42,1047000000.0,19.9825581395349,1032000000.0,1.19098,1.07736,1128000000.0,2024-06-30,7885000000.0,1042000000.0,31028000000.0,4438000000.0,2024-07-30,70114080000.0,2.259703493618667,3.399965085830664,0.29412066734670145,4.25911708253359,15.95166291122127
2024-08-16,PYPL.OQ,67.49,68.55,67.39,67.96,67.96,2963089,69477777388.28,1047000000.0,19.9825581395349,1032000000.0,1.19098,1.07736,1128000000.0,2024-06-30,7885000000.0,1042000000.0,31028000000.0,4438000000.0,2024-07-30,70134720000.0,2.2603686992393968,3.400965958684897,0.29403411035219096,4.25911708253359,15.956358720144207
2024-08-19,PYPL.OQ,68.22,69.46,68.2,69.43,69.43,2548249,70980607475.99,1047000000.0,19.9825581395349,1032000000.0,1.19098,1.07736,1128000000.0,2024-06-30,7885000000.0,1042000000.0,31028000000.0,4438000000.0,2024-07-30,71651760000.0,2.309261312363027,3.4745301134710482,0.2878087014191977,4.25911708253359,16.301500675980172
2024-08-20,PYPL.OQ,70.0,72.555,69.44,71.89,71.89,6736301,73495547622.77,1047000000.0,19.9825581395349,1032000000.0,1.19098,1.07736,1128000000.0,2024-06-30,7885000000.0,1042000000.0,31028000000.0,4438000000.0,2024-07-30,74190480000.0,2.3910816037127756,3.5976374745417488,0.2779601911188607,4.25911708253359,16.879085173501576
2024-08-21,PYPL.OQ,72.0,72.77,70.87,71.46,71.46,3268489,73055944263.78,1047000000.0,19.9825581395349,1032000000.0,1.19098,1.07736,1128000000.0,2024-06-30,7885000000.0,1042000000.0,31028000000.0,4438000000.0,2024-07-30,73746720000.0,2.3767796828670877,3.5761187081757315,0.2796327755322544,4.25911708253359,16.7781252816584
2024-08-22,PYPL.OQ,71.68,73.24,70.925,71.52,71.52,3640089,73117284267.36,1047000000.0,19.9825581395349,1032000000.0,1.19098,1.07736,1128000000.0,2024-06-30,7885000000.0,1042000000.0,31028000000.0,4438000000.0,2024-07-30,73808640000.0,2.3787752997292766,3.5791213267384316,0.27939818427761326,4.25911708253359,16.79221270842722
2024-08-23,PYPL.OQ,72.0,72.06,70.85,71.7,71.7,2477542,73301304278.1,1047000000.0,19.9825581395349,1032000000.0,1.19098,1.07736,1128000000.0,2024-06-30,7885000000.0,1042000000.0,31028000000.0,4438000000.0,2024-07-30,73994400000.0,2.3847621503158436,3.5881291824265324,0.2786967662417698,4.25911708253359,16.834474988733664
2024-08-26,PYPL.OQ,72.0,73.02,71.69,72.04,72.04,2341476,73648897631.72,1047000000.0,19.9825581395349,1032000000.0,1.19098,1.07736,1128000000.0,2024-06-30,7885000000.0,1042000000.0,31028000000.0,4438000000.0,2024-07-30,74345280000.0,2.396070645868248,3.605144020948499,0.277381428921917,4.25911708253359,16.914303740423616
2024-08-27,PYPL.OQ,71.75,72.35,71.3,71.59,71.59,1854637,73188847604.87,1047000000.0,19.9825581395349,1032000000.0,1.19098,1.07736,1128000000.0,2024-06-30,7885000000.0,1042000000.0,31028000000.0,4438000000.0,2024-07-30,73880880000.0,2.3811035194018304,3.582624381728249,0.2791249914727601,4.25911708253359,16.808648039657502
2024-08-28,PYPL.OQ,71.27,71.57,70.03,70.43,70.43,2539114,72002940868.99,1047000000.0,19.9825581395349,1032000000.0,1.19098,1.07736,1128000000.0,2024-06-30,7885000000.0,1042000000.0,31028000000.0,4438000000.0,2024-07-30,72683760000.0,2.34252159339951,3.5245737561827153,0.2837222510227871,4.25911708253359,16.536291122127086
2024-08-29,PYPL.OQ,71.41,73.925,71.27,73.16,73.16,4182408,74793911031.8799,1047000000.0,19.9825581395349,1032000000.0,1.19098,1.07736,1128000000.0,2024-06-30,7885000000.0,1042000000.0,31028000000.0,4438000000.0,2024-07-30,75501120000.0,2.433322160629109,3.661192900785566,0.27313502104339665,4.25911708253359,17.177269040108154
2024-08-30,PYPL.OQ,73.47,73.69,71.77,72.43,72.43,3717439,74047607654.99,1047000000.0,19.9825581395349,1032000000.0,1.19098,1.07736,1128000000.0,2024-06-30,7885000000.0,1042000000.0,31028000000.0,4438000000.0,2024-07-30,74747760000.0,2.4090421554724766,3.6246610416060494,0.2758878660711707,4.25911708253359,17.00587201442091
2024-09-03,PYPL.OQ,71.65,72.94,71.45,72.0,72.0,2668047,73608004296.0,1047000000.0,19.9825581395349,1032000000.0,1.19098,1.07736,1128000000.0,2024-06-30,7885000000.0,1042000000.0,31028000000.0,4438000000.0,2024-07-30,74304000000.0,2.3947402346267888,3.603142275240032,0.2775355297157625,4.25911708253359,16.904912122577738
2024-09-04,PYPL.OQ,71.61,73.24,71.6,72.61,72.61,2982636,74231627665.73,1047000000.0,19.9825581395349,1032000000.0,1.19098,1.07736,1128000000.0,2024-06-30,7885000000.0,1042000000.0,31028000000.0,4438000000.0,2024-07-30,74933520000.0,2.4150290060590436,3.6336688972941493,0.27520394077310145,4.25911708253359,17.048134294727355
2024-09-05,PYPL.OQ,73.66,74.4,71.015,72.03,72.03,3483786,73638674297.79,1047000000.0,19.9825581395349,1032000000.0,1.19098,1.07736,1128000000.0,2024-06-30,7885000000.0,1042000000.0,31028000000.0,4438000000.0,2024-07-30,74334960000.0,2.395738043057883,3.6046435845213822,0.27741993807489795,4.25911708253359,16.911955835962143
2024-09-06,PYPL.OQ,71.94,72.05,68.555,68.89,68.89,4216604,70428547443.77,1047000000.0,19.9825581395349,1032000000.0,1.19098,1.07736,1128000000.0,2024-06-30,7885000000.0,1042000000.0,31028000000.0,4438000000.0,2024-07-30,71094480000.0,2.291300760603326,3.4475065464067476,0.2900647138849601,4.25911708253359,16.17471383506084
2024-09-09,PYPL.OQ,70.36,70.64,68.27,69.35,69.35,3851995,70898820804.5499,1047000000.0,19.9825581395349,1032000000.0,1.19098,1.07736,1128000000.0,2024-06-30,7885000000.0,1042000000.0,31028000000.0,4438000000.0,2024-07-30,71569200000.0,2.3066004898801085,3.470526622054114,0.2881407085729618,4.25911708253359,16.282717440288415
2024-09-10,PYPL.OQ,69.34,69.71,67.16,68.85,68.85,3528623,70387654108.0499,1047000000.0,19.9825581395349,1032000000.0,1.19098,1.07736,1128000000.0,2024-06-30,7885000000.0,1042000000.0,31028000000.0,4438000000.0,2024-07-30,71053200000.0,2.289970349361867,3.4455048006982807,0.2902332336896863,4.25911708253359,16.16532221721496
2024-09-11,PYPL.OQ,69.16,69.7,67.76,69.35,69.35,4684992,70898820804.5499,1047000000.0,19.9825581395349,1032000000.0,1.19098,1.07736,1128000000.0,2024-06-30,7885000000.0,1042000000.0,31028000000.0,4438000000.0,2024-07-30,71569200000.0,2.3066004898801085,3.470526622054114,0.2881407085729618,4.25911708253359,16.282717440288415
2024-09-12,PYPL.OQ,69.14,70.38,69.12,70.36,70.36,2988098,71931377531.48,1047000000.0,19.9825581395349,1032000000.0,1.19098,1.07736,1128000000.0,2024-06-30,7885000000.0,1042000000.0,31028000000.0,4438000000.0,2024-07-30,72611520000.0,2.3401933737269562,3.5210707011928983,0.2840045215965733,4.25911708253359,16.5198557908968
2024-09-13,PYPL.OQ,70.04,70.61,69.87,70.1,70.1,2135828,71665570849.2999,1047000000.0,19.9825581395349,1032000000.0,1.19098,1.07736,1128000000.0,2024-06-30,7885000000.0,1042000000.0,31028000000.0,4438000000.0,2024-07-30,72343200000.0,2.3315457006574705,3.5080593540878646,0.28505789072089727,4.25911708253359,16.4588102748986
2024-09-16,PYPL.OQ,70.48,71.23,70.07,71.07,71.07,1948396,72657234240.51,1047000000.0,19.9825581395349,1032000000.0,1.19098,1.07736,1128000000.0,2024-06-30,7885000000.0,1042000000.0,31028000000.0,4438000000.0,2024-07-30,73344240000.0,2.3638081732628593,3.5566016875181816,0.28116727366729843,4.25911708253359,16.686557007661104
2024-09-17,PYPL.OQ,71.93,72.165,71.14,71.77,71.77,2121822,73372867615.61,1047000000.0,19.9825581395349,1032000000.0,1.19098,1.07736,1128000000.0,2024-06-30,7885000000.0,1042000000.0,31028000000.0,4438000000.0,2024-07-30,74066640000.0,2.3870903699883974,3.5916322374163485,0.2784249427272523,4.25911708253359,16.850910319963944
2024-09-18,PYPL.OQ,71.45,73.86,71.36,73.12,73.12,4126601,74753017696.16,1047000000.0,19.9825581395349,1032000000.0,1.19098,1.07736,1128000000.0,2024-06-30,7885000000.0,1042000000.0,31028000000.0,4438000000.0,2024-07-30,75459840000.0,2.4319917493876497,3.6591911550770995,0.2732844384509696,4.25911708253359,17.16787742226228
2024-09-19,PYPL.OQ,75.0,78.245,74.81,77.57,77.57,6813898,79302401295.01,1047000000.0,19.9825581395349,1032000000.0,1.19098,1.07736,1128000000.0,2024-06-30,7885000000.0,1042000000.0,31028000000.0,4438000000.0,2024-07-30,80052240000.0,2.58,3.8818853651440177,0.25760678277085086,4.25911708253359,18.21269490761604
2024-09-20,PYPL.OQ,77.33,77.57,75.47,76.76,76.76,13582330,78474311246.68,1047000000.0,19.9825581395349,1032000000.0,1.19098,1.07736,1128000000.0,2024-06-30,7885000000.0,1042000000.0,31028000000.0,4438000000.0,2024-07-30,79216320000.0,2.5530591723604488,3.841350014547568,0.2603251451216115,4.25911708253359,18.022514646237045
2024-09-23,PYPL.OQ,77.5,78.8,77.35,77.67,77.67,3726997,79404634634.31,1047000000.0,19.9825581395349,1032000000.0,1.19098,1.07736,1128000000.0,2024-06-30,7885000000.0,1042000000.0,31028000000.0,4438000000.0,2024-07-30,80155440000.0,2.5833260281036483,3.8868897294151847,0.25727511445261875,4.25911708253359,18.236173952230732
2024-09-24,PYPL.OQ,77.86,78.82,77.67,78.34,78.34,3841234,80089598007.62,1047000000.0,19.9825581395349,1032000000.0,1.19098,1.07736,1128000000.0,2024-06-30,7885000000.0,1042000000.0,31028000000.0,4438000000.0,2024-07-30,80846880000.0,2.605610416398092,3.920418970032002,0.25507477839590115,4.25911708253359,18.393483551149167
2024-09-25,PYPL.OQ,78.23,79.25,77.34,77.36,77.36,3005685,79087711282.48,1047000000.0,19.9825581395349,1032000000.0,1.19098,1.07736,1128000000.0,2024-06-30,7885000000.0,1042000000.0,31028000000.0,4438000000.0,2024-07-30,79835520000.0,2.5730153409823386,3.871376200174568,0.25830607729491856,4.25911708253359,18.16338891392519
2024-09-26,PYPL.OQ,79.0,80.42,78.48,80.08,80.08,3952364,81868458111.44,1047000000.0,19.9825581395349,1032000000.0,1.19098,1.07736,1128000000.0,2024-06-30,7885000000.0,1042000000.0,31028000000.0,4438000000.0,2024-07-30,82642560000.0,2.6634833054015727,4.007494908350303,0.24953244429988633,4.25911708253359,18.80201892744479
2024-09-27,PYPL.OQ,80.39,80.61,77.73,77.88,77.88,3720759,79619324646.84,1047000000.0,19.9825581395349,1032000000.0,1.19098,1.07736,1128000000.0,2024-06-30,7885000000.0,1042000000.0,31028000000.0,4438000000.0,2024-07-30,80372160000.0,2.5903106871213097,3.8973988943846347,0.2565813834044029,4.25911708253359,18.285479945921583
2024-09-30,PYPL.OQ,77.88,78.59,77.25,78.03,78.03,2511109,79772674655.79,1047000000.0,19.9825581395349,1032000000.0,1.19098,1.07736,1128000000.0,2024-06-30,7885000000.0,1042000000.0,31028000000.0,4438000000.0,2024-07-30,80526960000.0,2.5952997292767823,3.904905440791385,0.2560881473732526,4.25911708253359,18.320698512843624
2024-10-01,PYPL.OQ,78.03,79.0,76.4,77.47,77.47,3314245,79200167955.7099,1047000000.0,19.9825581395349,1032000000.0,1.19098,1.07736,1128000000.0,2024-06-30,7885000000.0,1042000000.0,31028000000.0,4438000000.0,2024-07-30,79949040000.0,2.576673971896352,3.876881000872851,0.257939307338775,4.25911708253359,18.18921586300135
2024-10-02,PYPL.OQ,77.76,77.77,76.18,77.44,77.44,2319338,79169497953.92,1047000000.0,19.9825581395349,1032000000.0,1.19098,1.07736,1128000000.0,2024-06-30,7885000000.0,1042000000.0,31028000000.0,4438000000.0,2024-07-30,79918080000.0,2.5756761634652574,3.875379691591501,0.25803923217374614,4.25911708253359,18.182172149616942
2024-10-03,PYPL.OQ,76.53,77.39,76.05,77.31,77.31,2557125,79036594612.83,1047000000.0,19.9825581395349,1032000000.0,1.19098,1.07736,1128000000.0,2024-06-30,7885000000.0,1042000000.0,31028000000.0,4438000000.0,2024-07-30,79783920000.0,2.5713523269305143,3.868874018038985,0.25847313594017457,4.25911708253359,18.151649391617845
2024-10-04,PYPL.OQ,78.16,79.52,77.99,79.36,79.36,3045308,81132378068.48,1047000000.0,19.9825581395349,1032000000.0,1.19098,1.07736,1128000000.0,2024-06-30,7885000000.0,1042000000.0,31028000000.0,4438000000.0,2024-07-30,81899520000.0,2.6395359030553047,3.9714634855979023,0.2517963475243813,4.25911708253359,18.632969806219016
2024-10-07,PYPL.OQ,79.29,80.49,78.62,80.26,80.26,2808123,82052478122.18,1047000000.0,19.9825581395349,1032000000.0,1.19098,1.07736,1128000000.0,2024-06-30,7885000000.0,1042000000.0,31028000000.0,4438000000.0,2024-07-30,82828320000.0,2.6694701559881397,4.016502764038403,0.24897281509512703,4.25911708253359,18.84428120775124
2024-10-08,PYPL.OQ,79.99,81.395,79.59,81.16,81.16,2666147,82972578175.8799,1047000000.0,19.9825581395349,1032000000.0,1.19098,1.07736,1128000000.0,2024-06-30,7885000000.0,1042000000.0,31028000000.0,4438000000.0,2024-07-30,83757120000.0,2.6994044089209748,4.061542042478903,0.24621190413423974,4.25911708253359,19.055592609283458
2024-10-09,PYPL.OQ,80.9,81.99,80.87,81.65,81.65,2191150,83473521538.45,1047000000.0,19.9825581395349,1032000000.0,1.19098,1.07736,1128000000.0,2024-06-30,7885000000.0,1042000000.0,31028000000.0,4438000000.0,2024-07-30,84262800000.0,2.7157019466288514,4.086063427407621,0.24473433116393012,4.25911708253359,19.170639927895447
2024-10-10,PYPL.OQ,80.0,80.05,78.56,78.98,78.98,3437663,80743891379.14,1047000000.0,19.9825581395349,1032000000.0,1.19098,1.07736,1128000000.0,2024-06-30,7885000000.0,1042000000.0,31028000000.0,4438000000.0,2024-07-30,81507360000.0,2.6268969962614412,3.952446901367469,0.2530078265324753,4.25911708253359,18.54374943668319
2024-10-11,PYPL.OQ,79.54,80.71,79.16,80.51,80.51,2405816,82308061470.43,1047000000.0,19.9825581395349,1032000000.0,1.19098,1.07736,1128000000.0,2024-06-30,7885000000.0,1042000000.0,31028000000.0,4438000000.0,2024-07-30,83086320000.0,2.6777852262472606,4.02901367471632,0.24819970363352248,4.25911708253359,18.902978819287966
2024-10-14,PYPL.OQ,80.28,80.97,79.82,80.67,80.67,1854846,82471634813.31,1047000000.0,19.9825581395349,1032000000.0,1.19098,1.07736,1128000000.0,2024-06-30,7885000000.0,1042000000.0,31028000000.0,4438000000.0,2024-07-30,83251440000.0,2.6831068712130977,4.037020657550186,0.2477074270427036,4.25911708253359,18.940545290671473
2024-10-15,PYPL.OQ,80.15,81.03,78.65,79.55,79.55,2512567,81326621413.15,1047000000.0,19.9825581395349,1032000000.0,1.19098,1.07736,1128000000.0,2024-06-30,7885000000.0,1042000000.0,31028000000.0,4438000000.0,2024-07-30,82095600000.0,2.6458553564522367,3.980971777713119,0.25119494832853423,4.25911708253359,18.677579990986928
2024-10-16,PYPL.OQ,79.74,80.85,79.45,80.82,80.82,1594987,82624984822.26,1047000000.0,19.9825581395349,1032000000.0,1.19098,1.07736,1128000000.0,2024-06-30,7885000000.0,1042000000.0,31028000000.0,4438000000.0,2024-07-30,83406240000.0,2.6880959133685702,4.044527203956936,0.2472476879427728,4.25911708253359,18.975763857593506
2024-10-17,PYPL.OQ,80.7,80.88,79.23,79.82,79.82,2436371,81602651429.26,1047000000.0,19.9825581395349,1032000000.0,1.19098,1.07736,1128000000.0,2024-06-30,7885000000.0,1042000000.0,31028000000.0,4438000000.0,2024-07-30,82374240000.0,2.654835632332087,3.9944835612452687,0.2503452535647068,4.25911708253359,18.740973411446596
2024-10-18,PYPL.OQ,79.41,80.97,78.97,80.94,80.94,2397189,82747664829.42,1047000000.0,19.9825581395349,1032000000.0,1.19098,1.07736,1128000000.0,2024-06-30,7885000000.0,1042000000.0,31028000000.0,4438000000.0,2024-07-30,83530080000.0,2.6920871470929484,4.0505324410823365,0.24688112354256112,4.25911708253359,19.003938711131138
2024-10-21,PYPL.OQ,80.29,81.35,80.045,80.56,80.56,2364809,82359178140.08,1047000000.0,19.9825581395349,1032000000.0,1.19098,1.07736,1128000000.0,2024-06-30,7885000000.0,1042000000.0,31028000000.0,4438000000.0,2024-07-30,83137920000.0,2.679448240299085,4.031515856851903,0.24804565714417698,4.25911708253359,18.91471834159531
2024-10-22,PYPL.OQ,80.05,81.415,80.05,80.91,80.91,2941211,82716994827.6299,1047000000.0,19.9825581395349,1032000000.0,1.19098,1.07736,1128000000.0,2024-06-30,7885000000.0,1042000000.0,31028000000.0,4438000000.0,2024-07-30,83499120000.0,2.691089338661854,4.049031131800986,0.24697266270590654,4.25911708253359,18.99689499774673
2024-10-23,PYPL.OQ,81.24,82.22,80.09,80.83,80.83,2365089,82635208156.19,1047000000.0,19.9825581395349,1032000000.0,1.19098,1.07736,1128000000.0,2024-06-30,7885000000.0,1042000000.0,31028000000.0,4438000000.0,2024-07-30,83416560000.0,2.688428516178935,4.045027640384053,0.2472170993385488,4.25911708253359,18.97811176205498
2024-10-24,PYPL.OQ,81.22,82.47,80.93,81.39,81.39,2279936,83207714856.27,1047000000.0,19.9825581395349,1032000000.0,1.19098,1.07736,1128000000.0,2024-06-30,7885000000.0,1042000000.0,31028000000.0,4438000000.0,2024-07-30,83994480000.0,2.7070542735593657,4.0730520803025865,0.2455161339173719,4.25911708253359,19.10959441189725
2024-10-25,PYPL.OQ,81.98,82.78,81.41,81.7,81.7,2262290,83524638208.1,1047000000.0,19.9825581395349,1032000000.0,1.19098,1.07736,1128000000.0,2024-06-30,7885000000.0,1042000000.0,31028000000.0,4438000000.0,2024-07-30,84314400000.0,2.7173649606806753,4.0885656095432035,0.24458455495146753,4.25911708253359,19.18237945020279
2024-10-28,PYPL.OQ,82.02,83.69,81.88,83.59,83.59,4595087,85456848320.87,1047000000.0,19.9825581395349,1032000000.0,1.19098,1.07736,1128000000.0,2024-06-30,7885000000.0,1042000000.0,31028000000.0,4438000000.0,2024-07-30,86264880000.0,2.7802268918396287,4.183148094268255,0.23905441009133743,4.25911708253359,19.62613339342046
